 x	 y	 z	 xc	 yc
1.0000 1.0000 1.0000 1.0000 1.0000
1.0060 0.9967 0.9971 1.0054 0.9961
1.0111 1.0006 0.9888 1.0102 0.9998
1.0089 0.9997 0.9951 1.0069 0.9977
1.0153 1.0073 1.0015 1.0122 1.0042
1.0181 1.0115 1.0088 1.0138 1.0072
1.0237 1.0133 1.0062 1.0188 1.0084
1.0303 1.0180 1.0169 1.0240 1.0118
1.0281 1.0131 1.0192 1.0208 1.0059
1.0319 1.0183 1.0166 1.0240 1.0104
1.0375 1.0161 1.0175 1.0288 1.0075
1.0405 1.0162 1.0286 1.0303 1.0061
1.0497 1.0213 1.0336 1.0384 1.0101
1.0559 1.0226 1.0424 1.0433 1.0102
1.0626 1.0274 1.0392 1.0495 1.0143
1.0702 1.0356 1.0548 1.0553 1.0209
1.0796 1.0355 1.0521 1.0641 1.0202
1.0826 1.0351 1.0535 1.0662 1.0190
1.0849 1.0291 1.0495 1.0679 1.0123
1.0830 1.0253 1.0596 1.0644 1.0070
1.0840 1.0261 1.0706 1.0639 1.0064
1.0824 1.0164 1.0708 1.0614 0.9958
1.0943 1.0230 1.0621 1.0730 1.0022
1.0995 1.0207 1.0674 1.0771 0.9988
1.0964 1.0200 1.0645 1.0733 0.9974
1.0971 1.0234 1.0640 1.0732 1.0001
1.1011 1.0211 1.0724 1.0758 0.9965
1.1055 1.0163 1.0686 1.0795 0.9910
1.1074 1.0184 1.0657 1.0808 0.9925
1.1059 1.0135 1.0664 1.0784 0.9868
1.1092 1.0158 1.0570 1.0814 0.9888
1.1127 1.0238 1.0531 1.0843 0.9963
1.1165 1.0180 1.0561 1.0871 0.9895
1.1245 1.0243 1.0657 1.0938 0.9945
1.1271 1.0288 1.0810 1.0945 0.9973
1.1315 1.0322 1.0790 1.0982 1.0000
1.1347 1.0323 1.0822 1.1004 0.9991
1.1415 1.0423 1.0802 1.1065 1.0085
1.1515 1.0368 1.0914 1.1149 1.0016
1.1519 1.0465 1.1059 1.1137 1.0096
1.1501 1.0484 1.1037 1.1111 1.0109
1.1543 1.0505 1.1006 1.1145 1.0123
1.1582 1.0500 1.0961 1.1178 1.0113
1.1615 1.0565 1.0891 1.1208 1.0174
1.1724 1.0628 1.0924 1.1306 1.0227
1.1758 1.0696 1.0841 1.1337 1.0293
1.1700 1.0687 1.0855 1.1268 1.0275
1.1647 1.0666 1.0837 1.1207 1.0247
1.1610 1.0614 1.0811 1.1162 1.0188
1.1688 1.0703 1.0868 1.1229 1.0265
1.1667 1.0709 1.0839 1.1200 1.0265
1.1694 1.0680 1.0814 1.1220 1.0230
1.1678 1.0653 1.0766 1.1198 1.0197
1.1730 1.0672 1.0781 1.1240 1.0208
1.1657 1.0624 1.0712 1.1162 1.0156
1.1713 1.0606 1.0759 1.1207 1.0126
1.1755 1.0479 1.0687 1.1243 0.9996
1.1810 1.0549 1.0829 1.1281 1.0050
1.1851 1.0591 1.0960 1.1305 1.0077
1.1852 1.0568 1.0967 1.1297 1.0045
1.1915 1.0544 1.0876 1.1356 1.0018
1.1992 1.0590 1.0892 1.1424 1.0055
1.1998 1.0592 1.0950 1.1417 1.0047
1.2058 1.0709 1.0965 1.1468 1.0155
1.2088 1.0752 1.1091 1.1482 1.0183
1.2123 1.0750 1.1158 1.1504 1.0169
1.2145 1.0736 1.1221 1.1513 1.0144
1.2241 1.0762 1.1325 1.1594 1.0155
1.2253 1.0774 1.1411 1.1591 1.0153
1.2225 1.0822 1.1357 1.1556 1.0197
1.2207 1.0822 1.1359 1.1528 1.0189
1.2144 1.0815 1.1129 1.1470 1.0187
1.2132 1.0859 1.1196 1.1444 1.0219
1.2239 1.0869 1.1097 1.1549 1.0227
1.2352 1.0847 1.1057 1.1655 1.0200
1.2379 1.0821 1.1042 1.1674 1.0166
1.2433 1.0899 1.1067 1.1718 1.0236
1.2477 1.0845 1.0961 1.1759 1.0181
1.2537 1.0860 1.1032 1.1805 1.0184
1.2571 1.0822 1.1063 1.1828 1.0136
1.2609 1.0841 1.1156 1.1851 1.0142
1.2644 1.0832 1.1242 1.1872 1.0119
1.2608 1.0809 1.1277 1.1824 1.0086
1.2587 1.0835 1.1267 1.1794 1.0104
1.2647 1.0798 1.1345 1.1839 1.0055
1.2717 1.0831 1.1280 1.1905 1.0084
1.2661 1.0807 1.1210 1.1842 1.0056
1.2730 1.0723 1.1173 1.1905 0.9966
1.2676 1.0711 1.1064 1.1847 0.9952
1.2646 1.0674 1.1076 1.1806 0.9906
1.2589 1.0569 1.1081 1.1738 0.9792
1.2603 1.0518 1.1003 1.1748 0.9737
1.2669 1.0516 1.0912 1.1810 0.9734
1.2680 1.0482 1.0864 1.1814 0.9694
1.2709 1.0511 1.0824 1.1836 0.9719
1.2749 1.0458 1.0753 1.1872 0.9663
1.2794 1.0450 1.0715 1.1910 0.9649
1.2836 1.0410 1.0746 1.1941 0.9600
1.2857 1.0450 1.0815 1.1948 0.9629
1.2852 1.0421 1.0693 1.1942 0.9599
1.2815 1.0445 1.0772 1.1891 0.9611
1.2811 1.0411 1.0780 1.1877 0.9569
1.2788 1.0359 1.0766 1.1844 0.9510
1.2809 1.0403 1.0788 1.1856 0.9545
1.2795 1.0323 1.0642 1.1840 0.9465
1.2796 1.0270 1.0547 1.1838 0.9411
1.2767 1.0206 1.0463 1.1804 0.9345
1.2767 1.0200 1.0517 1.1792 0.9327
1.2782 1.0288 1.0442 1.1802 0.9413
1.2810 1.0319 1.0517 1.1817 0.9433
1.2819 1.0420 1.0468 1.1820 0.9530
1.2839 1.0372 1.0529 1.1827 0.9471
1.2906 1.0357 1.0467 1.1890 0.9453
1.2942 1.0315 1.0593 1.1908 0.9395
1.2966 1.0332 1.0573 1.1925 0.9407
1.3004 1.0332 1.0618 1.1951 0.9397
1.2990 1.0306 1.0601 1.1929 0.9365
1.3019 1.0241 1.0492 1.1955 0.9299
1.2999 1.0221 1.0427 1.1929 0.9276
1.3037 1.0197 1.0459 1.1956 0.9242
1.3074 1.0205 1.0462 1.1984 0.9243
1.3029 1.0188 1.0558 1.1924 0.9213
1.3009 1.0124 1.0469 1.1899 0.9147
1.2984 1.0078 1.0527 1.1862 0.9090
1.2982 1.0018 1.0431 1.1856 0.9028
1.2968 1.0032 1.0503 1.1828 0.9031
1.2914 0.9990 1.0435 1.1768 0.8985
1.2891 0.9895 1.0436 1.1735 0.8883
1.2815 0.9876 1.0273 1.1660 0.8866
1.2913 0.9901 1.0376 1.1743 0.8878
1.2889 0.9797 1.0137 1.1723 0.8781
1.2880 0.9780 1.0037 1.1712 0.8763
1.2947 0.9753 0.9989 1.1772 0.8732
1.3026 0.9731 1.0014 1.1841 0.8703
1.3076 0.9867 1.0075 1.1881 0.8830
1.3047 0.9855 0.9995 1.1847 0.8815
1.3116 0.9802 0.9976 1.1908 0.8757
1.3140 0.9812 0.9987 1.1923 0.8760
1.3222 0.9830 0.9938 1.2000 0.8775
1.3306 0.9890 0.9938 1.2075 0.8829
1.3305 0.9893 0.9898 1.2068 0.8828
1.3290 0.9879 0.9793 1.2050 0.8813
1.3243 0.9830 0.9776 1.1995 0.8758
1.3301 0.9782 0.9871 1.2039 0.8698
1.3363 0.9735 0.9967 1.2086 0.8639
1.3420 0.9763 0.9954 1.2135 0.8662
1.3423 0.9713 0.9862 1.2135 0.8611
1.3435 0.9704 0.9855 1.2138 0.8596
1.3399 0.9639 0.9719 1.2102 0.8532
1.3365 0.9620 0.9837 1.2051 0.8499
1.3350 0.9592 0.9861 1.2025 0.8463
1.3390 0.9612 0.9825 1.2059 0.8479
1.3445 0.9721 0.9921 1.2100 0.8577
1.3381 0.9762 0.9895 1.2029 0.8613
1.3389 0.9773 0.9992 1.2022 0.8612
1.3340 0.9770 1.0076 1.1958 0.8597
1.3363 0.9793 1.0010 1.1977 0.8617
1.3426 0.9764 1.0053 1.2029 0.8580
1.3449 0.9785 0.9997 1.2046 0.8598
1.3528 0.9822 1.0028 1.2115 0.8627
1.3505 0.9849 0.9962 1.2087 0.8651
1.3599 0.9935 0.9914 1.2175 0.8735
1.3531 0.9954 1.0000 1.2093 0.8742
1.3492 0.9973 0.9872 1.2053 0.8763
1.3455 0.9933 0.9824 1.2009 0.8719
1.3517 0.9939 0.9775 1.2066 0.8722
1.3577 0.9955 0.9819 1.2115 0.8730
1.3659 1.0014 0.9836 1.2187 0.8781
1.3754 0.9982 0.9922 1.2269 0.8738
1.3774 0.9970 1.0072 1.2271 0.8711
1.3724 0.9978 1.0103 1.2209 0.8711
1.3659 0.9909 0.9921 1.2146 0.8646
1.3577 0.9892 0.9860 1.2057 0.8626
1.3674 0.9874 0.9850 1.2146 0.8602
1.3804 0.9868 0.9954 1.2262 0.8584
1.3852 0.9900 0.9902 1.2304 0.8614
1.3908 0.9951 0.9862 1.2355 0.8661
1.3934 1.0023 0.9800 1.2375 0.8732
1.4005 0.9968 0.9660 1.2446 0.8679
1.3976 0.9970 0.9654 1.2409 0.8676
1.4041 0.9998 0.9651 1.2465 0.8699
1.4080 1.0032 0.9624 1.2497 0.8728
1.4003 1.0022 0.9528 1.2417 0.8718
1.4042 1.0028 0.9653 1.2440 0.8711
1.4048 1.0066 0.9772 1.2430 0.8735
1.4009 1.0078 0.9824 1.2379 0.8738
1.3974 1.0035 0.9790 1.2336 0.8691
1.3958 1.0035 0.9779 1.2312 0.8685
1.3990 1.0071 0.9917 1.2327 0.8708
1.4030 1.0032 0.9967 1.2355 0.8659
1.3968 0.9961 0.9976 1.2283 0.8581
1.3998 1.0005 0.9968 1.2305 0.8620
1.3945 1.0011 1.0006 1.2239 0.8617
1.3923 1.0036 1.0017 1.2208 0.8635
1.3843 1.0014 0.9988 1.2120 0.8608
1.3955 1.0083 0.9949 1.2226 0.8674
1.4007 1.0153 1.0037 1.2263 0.8734
1.3995 1.0059 0.9930 1.2248 0.8640
1.4046 1.0038 0.9902 1.2292 0.8615
1.4013 1.0074 0.9955 1.2247 0.8642
1.3945 1.0065 1.0007 1.2166 0.8622
1.4001 1.0056 1.0018 1.2212 0.8607
1.3985 1.0032 1.0044 1.2185 0.8575
1.3936 0.9957 0.9988 1.2130 0.8497
1.3942 0.9942 0.9958 1.2128 0.8478
1.3879 0.9920 0.9987 1.2053 0.8448
1.3908 1.0000 1.0072 1.2069 0.8517
1.3923 1.0038 1.0114 1.2072 0.8546
1.3803 1.0038 1.0082 1.1944 0.8542
1.3873 0.9967 1.0135 1.2001 0.8461
1.3819 0.9933 1.0205 1.1933 0.8417
1.3831 0.9900 1.0126 1.1941 0.8383
1.3865 0.9853 1.0275 1.1956 0.8320
1.3811 0.9872 1.0242 1.1894 0.8335
1.3865 0.9910 1.0370 1.1931 0.8359
1.3842 0.9882 1.0258 1.1905 0.8332
1.3910 0.9835 1.0308 1.1960 0.8276
1.3991 0.9832 1.0347 1.2030 0.8265
1.3946 0.9755 1.0449 1.1968 0.8175
1.3914 0.9775 1.0465 1.1926 0.8187
1.3876 0.9714 1.0345 1.1885 0.8127
1.3877 0.9730 1.0398 1.1872 0.8133
1.3900 0.9798 1.0331 1.1890 0.8200
1.3909 0.9864 1.0456 1.1882 0.8253
1.3956 0.9893 1.0591 1.1912 0.8268
1.4004 0.9845 1.0637 1.1947 0.8211
1.3980 0.9814 1.0674 1.1910 0.8171
1.4011 0.9830 1.0823 1.1923 0.8171
1.4035 0.9864 1.0885 1.1933 0.8196
1.4061 0.9867 1.0854 1.1951 0.8194
1.4046 0.9835 1.0753 1.1931 0.8162
1.4099 0.9930 1.0846 1.1970 0.8246
1.4110 0.9935 1.0919 1.1966 0.8240
1.4145 0.9998 1.0907 1.1992 0.8297
1.4181 1.0005 1.0933 1.2017 0.8298
1.4217 1.0035 1.0927 1.2043 0.8321
1.4258 1.0060 1.0947 1.2073 0.8339
1.4249 1.0001 1.0895 1.2056 0.8277
1.4325 1.0056 1.0998 1.2116 0.8319
1.4337 1.0050 1.0945 1.2121 0.8310
1.4319 1.0082 1.0906 1.2095 0.8339
1.4403 1.0151 1.0904 1.2170 0.8402
1.4450 1.0110 1.0970 1.2203 0.8350
1.4442 1.0095 1.0901 1.2189 0.8333
1.4450 1.0128 1.0906 1.2186 0.8360
1.4407 1.0101 1.0845 1.2136 0.8330
1.4445 1.0117 1.0936 1.2159 0.8335
1.4413 1.0044 1.1008 1.2111 0.8251
1.4320 0.9940 1.1001 1.2007 0.8140
1.4353 0.9919 1.0840 1.2040 0.8121
1.4363 0.9889 1.0894 1.2036 0.8082
1.4417 0.9907 1.0939 1.2077 0.8091
1.4476 0.9904 1.0935 1.2126 0.8083
1.4531 0.9872 1.1044 1.2164 0.8038
1.4470 0.9931 1.1106 1.2089 0.8087
1.4469 0.9909 1.1217 1.2071 0.8052
1.4438 0.9812 1.1120 1.2034 0.7954
1.4500 0.9794 1.1095 1.2088 0.7931
1.4495 0.9731 1.1214 1.2064 0.7854
1.4504 0.9669 1.1285 1.2058 0.7781
1.4504 0.9609 1.1304 1.2046 0.7714
1.4558 0.9696 1.1526 1.2076 0.7782
1.4483 0.9714 1.1515 1.1991 0.7794
1.4386 0.9690 1.1460 1.1885 0.7765
1.4351 0.9683 1.1527 1.1835 0.7748
1.4448 0.9650 1.1523 1.1921 0.7709
1.4371 0.9603 1.1437 1.1838 0.7659
1.4356 0.9529 1.1451 1.1810 0.7577
1.4363 0.9545 1.1558 1.1801 0.7581
1.4380 0.9549 1.1701 1.1798 0.7570
1.4412 0.9546 1.1585 1.1826 0.7568
1.4457 0.9484 1.1677 1.1855 0.7493
1.4591 0.9499 1.1771 1.1972 0.7496
1.4601 0.9562 1.1728 1.1974 0.7556
1.4602 0.9561 1.1816 1.1958 0.7543
1.4498 0.9459 1.1735 1.1847 0.7438
1.4599 0.9484 1.1870 1.1929 0.7449
1.4622 0.9468 1.1841 1.1943 0.7428
1.4581 0.9445 1.1796 1.1892 0.7401
1.4590 0.9431 1.1894 1.1884 0.7374
1.4658 0.9439 1.2047 1.1932 0.7366
1.4698 0.9470 1.1927 1.1968 0.7399
1.4762 0.9445 1.1937 1.2020 0.7367
1.4754 0.9485 1.1902 1.2002 0.7403
1.4761 0.9546 1.1964 1.1995 0.7453
1.4743 0.9536 1.1865 1.1971 0.7442
1.4835 0.9559 1.2094 1.2039 0.7445
1.4873 0.9591 1.2030 1.2069 0.7475
1.4898 0.9568 1.2027 1.2082 0.7446
1.4904 0.9515 1.2029 1.2076 0.7386
1.4837 0.9387 1.1926 1.2003 0.7256
1.4886 0.9385 1.1882 1.2043 0.7250
1.4941 0.9400 1.1856 1.2089 0.7261
1.5001 0.9397 1.1916 1.2135 0.7248
1.4936 0.9384 1.1848 1.2061 0.7232
1.4971 0.9406 1.1941 1.2080 0.7243
1.5023 0.9412 1.1927 1.2121 0.7244
1.5124 0.9423 1.1954 1.2210 0.7246
1.5109 0.9392 1.2045 1.2178 0.7203
1.5131 0.9414 1.2057 1.2188 0.7218
1.5224 0.9455 1.2137 1.2265 0.7249
1.5243 0.9515 1.2160 1.2271 0.7301
1.5270 0.9510 1.2175 1.2285 0.7289
1.5288 0.9538 1.2185 1.2291 0.7310
1.5271 0.9533 1.2074 1.2268 0.7305
1.5318 0.9585 1.2176 1.2298 0.7345
1.5340 0.9573 1.2214 1.2306 0.7323
1.5372 0.9589 1.2209 1.2327 0.7334
1.5465 0.9621 1.2241 1.2407 0.7358
1.5507 0.9668 1.2237 1.2438 0.7399
1.5481 0.9665 1.2251 1.2398 0.7389
1.5556 0.9646 1.2326 1.2458 0.7359
1.5542 0.9670 1.2356 1.2430 0.7374
1.5522 0.9615 1.2416 1.2394 0.7309
1.5538 0.9554 1.2462 1.2395 0.7238
1.5539 0.9525 1.2406 1.2387 0.7206
1.5557 0.9556 1.2422 1.2392 0.7229
1.5549 0.9483 1.2517 1.2366 0.7143
1.5567 0.9489 1.2490 1.2374 0.7145
1.5561 0.9460 1.2542 1.2352 0.7106
1.5625 0.9464 1.2795 1.2389 0.7087
1.5565 0.9405 1.2699 1.2321 0.7027
1.5534 0.9321 1.2599 1.2283 0.6942
1.5541 0.9277 1.2541 1.2282 0.6894
1.5613 0.9210 1.2630 1.2335 0.6816
1.5693 0.9204 1.2483 1.2412 0.6813
1.5697 0.9221 1.2614 1.2397 0.6815
1.5759 0.9289 1.2462 1.2457 0.6886
1.5752 0.9323 1.2503 1.2435 0.6911
1.5772 0.9347 1.2478 1.2444 0.6931
1.5722 0.9341 1.2630 1.2373 0.6908
1.5736 0.9341 1.2540 1.2380 0.6907
1.5690 0.9266 1.2514 1.2322 0.6827
1.5685 0.9241 1.2445 1.2309 0.6800
1.5693 0.9170 1.2453 1.2304 0.6721
1.5705 0.9102 1.2373 1.2308 0.6651
1.5751 0.9115 1.2326 1.2345 0.6661
1.5784 0.9137 1.2247 1.2371 0.6682
1.5811 0.9141 1.2223 1.2387 0.6681
1.5811 0.9093 1.2246 1.2374 0.6625
1.5781 0.9113 1.2238 1.2332 0.6640
1.5803 0.9071 1.2277 1.2340 0.6588
1.5802 0.9035 1.2317 1.2324 0.6544
1.5871 0.9078 1.2353 1.2379 0.6579
1.5861 0.8994 1.2441 1.2351 0.6483
1.5953 0.8989 1.2396 1.2434 0.6475
1.5937 0.8978 1.2462 1.2402 0.6453
1.5952 0.8914 1.2452 1.2405 0.6383
1.6009 0.8887 1.2492 1.2446 0.6348
1.6050 0.8899 1.2408 1.2481 0.6359
1.6058 0.8843 1.2498 1.2471 0.6291
1.6055 0.8838 1.2508 1.2455 0.6280
1.6100 0.8883 1.2453 1.2491 0.6322
1.6104 0.8881 1.2471 1.2482 0.6313
1.6129 0.8762 1.2366 1.2500 0.6194
1.6188 0.8749 1.2372 1.2547 0.6175
1.6194 0.8729 1.2290 1.2546 0.6153
1.6147 0.8599 1.2165 1.2492 0.6024
1.6113 0.8564 1.2149 1.2447 0.5984
1.6119 0.8568 1.2174 1.2440 0.5980
1.6172 0.8554 1.2243 1.2477 0.5956
1.6188 0.8547 1.2171 1.2484 0.5948
1.6196 0.8612 1.2157 1.2481 0.6008
1.6151 0.8563 1.2232 1.2419 0.5948
1.6268 0.8603 1.2199 1.2527 0.5985
1.6277 0.8672 1.2212 1.2523 0.6047
1.6258 0.8615 1.2179 1.2494 0.5986
1.6264 0.8621 1.1976 1.2500 0.5999
1.6292 0.8529 1.2049 1.2511 0.5897
1.6269 0.8483 1.2036 1.2476 0.5845
1.6361 0.8545 1.2118 1.2552 0.5898
1.6318 0.8463 1.1979 1.2505 0.5818
1.6305 0.8398 1.2063 1.2474 0.5741
1.6283 0.8367 1.2036 1.2442 0.5706
1.6306 0.8335 1.2010 1.2454 0.5671
1.6343 0.8381 1.1910 1.2485 0.5717
1.6436 0.8419 1.1986 1.2563 0.5746
1.6447 0.8381 1.2021 1.2559 0.5700
1.6414 0.8316 1.2103 1.2509 0.5624
1.6429 0.8307 1.2034 1.2515 0.5613
1.6464 0.8301 1.2163 1.2531 0.5595
1.6520 0.8277 1.2089 1.2579 0.5569
1.6544 0.8310 1.2055 1.2593 0.5599
1.6550 0.8303 1.2087 1.2585 0.5585
1.6561 0.8303 1.2098 1.2583 0.5579
1.6548 0.8278 1.1922 1.2569 0.5559
1.6555 0.8297 1.1885 1.2566 0.5574
1.6605 0.8323 1.1910 1.2603 0.5593
1.6664 0.8355 1.1782 1.2657 0.5629
1.6603 0.8346 1.1737 1.2587 0.5617
1.6639 0.8333 1.1755 1.2611 0.5597
1.6675 0.8315 1.1747 1.2635 0.5575
1.6703 0.8261 1.1784 1.2648 0.5514
1.6710 0.8230 1.1717 1.2647 0.5481
1.6782 0.8196 1.1660 1.2711 0.5446
1.6727 0.8188 1.1707 1.2641 0.5430
1.6675 0.8200 1.1732 1.2575 0.5435
1.6747 0.8271 1.1844 1.2629 0.5494
1.6676 0.8141 1.1878 1.2544 0.5356
1.6664 0.8156 1.1859 1.2520 0.5367
1.6651 0.8216 1.1862 1.2495 0.5423
1.6684 0.8208 1.1944 1.2511 0.5404
1.6710 0.8169 1.1993 1.2522 0.5357
1.6789 0.8162 1.2062 1.2585 0.5341
1.6751 0.8150 1.2011 1.2538 0.5326
1.6735 0.8113 1.1876 1.2517 0.5292
1.6697 0.7988 1.1804 1.2470 0.5165
1.6694 0.8041 1.1755 1.2458 0.5216
1.6736 0.8029 1.1864 1.2482 0.5194
1.6774 0.7955 1.1771 1.2513 0.5119
1.6777 0.8002 1.1757 1.2506 0.5163
1.6761 0.7951 1.1773 1.2476 0.5105
1.6814 0.7970 1.1863 1.2512 0.5114
1.6815 0.7938 1.1835 1.2502 0.5079
1.6884 0.7879 1.1890 1.2556 0.5011
1.6967 0.7928 1.2078 1.2616 0.5045
1.6971 0.7880 1.2174 1.2602 0.4986
1.6984 0.7943 1.2204 1.2601 0.5042
1.6965 0.8000 1.2103 1.2575 0.5100
1.6960 0.7930 1.2086 1.2559 0.5026
1.6992 0.7884 1.2134 1.2575 0.4972
1.7020 0.7869 1.2147 1.2590 0.4951
1.6949 0.7918 1.2077 1.2510 0.4998
1.6977 0.7986 1.2114 1.2525 0.5060
1.6934 0.8037 1.2082 1.2472 0.5108
1.6923 0.8093 1.2136 1.2445 0.5156
1.6994 0.8149 1.2099 1.2506 0.5210
1.7014 0.8118 1.2131 1.2512 0.5172
1.7051 0.8121 1.2129 1.2536 0.5170
1.7066 0.8164 1.2163 1.2537 0.5206
1.7107 0.8162 1.2335 1.2555 0.5189
1.7029 0.8082 1.2235 1.2470 0.5109
1.7140 0.8081 1.2283 1.2566 0.5101
1.7111 0.8073 1.2328 1.2522 0.5085
1.7091 0.7952 1.2212 1.2495 0.4965
1.7128 0.7870 1.2295 1.2515 0.4873
1.7145 0.7825 1.2347 1.2516 0.4819
1.7119 0.7786 1.2320 1.2478 0.4777
1.7171 0.7728 1.2347 1.2515 0.4712
1.7121 0.7665 1.2369 1.2452 0.4642
1.7200 0.7662 1.2423 1.2514 0.4631
1.7209 0.7654 1.2397 1.2512 0.4620
1.7211 0.7659 1.2372 1.2503 0.4621
1.7270 0.7668 1.2454 1.2544 0.4620
1.7262 0.7605 1.2393 1.2527 0.4556
1.7308 0.7599 1.2377 1.2562 0.4546
1.7403 0.7573 1.2485 1.2638 0.4508
1.7374 0.7557 1.2502 1.2595 0.4486
1.7390 0.7588 1.2536 1.2595 0.4511
1.7406 0.7498 1.2416 1.2606 0.4422
1.7467 0.7541 1.2276 1.2663 0.4469
1.7536 0.7567 1.2300 1.2718 0.4490
1.7547 0.7585 1.2200 1.2723 0.4509
1.7559 0.7623 1.2261 1.2718 0.4539
1.7594 0.7565 1.2310 1.2738 0.4473
1.7634 0.7646 1.2204 1.2772 0.4556
1.7703 0.7611 1.2249 1.2826 0.4514
1.7794 0.7611 1.2170 1.2910 0.4514
1.7784 0.7628 1.2134 1.2889 0.4528
1.7865 0.7657 1.2246 1.2951 0.4547
1.7844 0.7607 1.2223 1.2919 0.4493
1.7896 0.7699 1.2168 1.2961 0.4585
1.7904 0.7702 1.2212 1.2955 0.4580
1.7942 0.7660 1.2307 1.2974 0.4529
1.7998 0.7655 1.2047 1.3033 0.4534
1.8036 0.7648 1.2020 1.3061 0.4525
1.8025 0.7659 1.2018 1.3037 0.4531
1.8061 0.7595 1.1963 1.3064 0.4466
1.8075 0.7576 1.1915 1.3068 0.4446
1.8083 0.7596 1.1889 1.3066 0.4464
1.8068 0.7579 1.1757 1.3045 0.4450
1.8069 0.7590 1.1709 1.3037 0.4459
1.8156 0.7563 1.1791 1.3107 0.4423
1.8218 0.7596 1.1632 1.3167 0.4463
1.8336 0.7599 1.1745 1.3267 0.4455
1.8342 0.7554 1.1654 1.3265 0.4412
1.8406 0.7611 1.1709 1.3315 0.4462
1.8388 0.7566 1.1649 1.3287 0.4416
1.8410 0.7578 1.1617 1.3300 0.4426
1.8412 0.7488 1.1683 1.3285 0.4328
1.8398 0.7450 1.1619 1.3262 0.4289
1.8405 0.7474 1.1663 1.3254 0.4307
1.8449 0.7429 1.1779 1.3279 0.4251
1.8465 0.7430 1.1734 1.3286 0.4250
1.8481 0.7423 1.1831 1.3283 0.4233
1.8485 0.7452 1.1821 1.3276 0.4259
1.8397 0.7387 1.1922 1.3168 0.4184
1.8440 0.7418 1.1870 1.3203 0.4214
1.8389 0.7434 1.1945 1.3134 0.4222
1.8361 0.7453 1.1943 1.3094 0.4236
1.8401 0.7446 1.2024 1.3116 0.4220
1.8449 0.7490 1.2105 1.3147 0.4256
1.8410 0.7500 1.2115 1.3095 0.4261
1.8438 0.7475 1.2082 1.3112 0.4234
1.8493 0.7454 1.2013 1.3158 0.4213
1.8474 0.7350 1.2031 1.3126 0.4103
1.8415 0.7322 1.2081 1.3050 0.4068
1.8525 0.7303 1.1998 1.3153 0.4050
1.8577 0.7316 1.2069 1.3188 0.4055
1.8613 0.7349 1.2091 1.3210 0.4082
1.8655 0.7381 1.2132 1.3238 0.4109
1.8598 0.7423 1.2120 1.3168 0.4147
1.8588 0.7417 1.2119 1.3146 0.4137
1.8584 0.7425 1.2122 1.3129 0.4141
1.8598 0.7489 1.2218 1.3125 0.4195
1.8599 0.7540 1.2192 1.3115 0.4244
1.8658 0.7585 1.2270 1.3157 0.4281
1.8636 0.7516 1.2295 1.3120 0.4205
1.8603 0.7443 1.2241 1.3076 0.4132
1.8628 0.7384 1.2245 1.3088 0.4068
1.8750 0.7459 1.2263 1.3197 0.4139
1.8721 0.7489 1.2258 1.3155 0.4166
1.8670 0.7401 1.2100 1.3101 0.4082
1.8624 0.7349 1.2245 1.3033 0.4017
1.8688 0.7327 1.2248 1.3084 0.3991
1.8694 0.7264 1.2158 1.3082 0.3928
1.8778 0.7306 1.2189 1.3152 0.3966
1.8783 0.7340 1.2179 1.3145 0.3996
1.8872 0.7432 1.2276 1.3216 0.4080
1.8934 0.7429 1.2336 1.3262 0.4069
1.9039 0.7520 1.2261 1.3359 0.4162
1.9115 0.7558 1.2246 1.3424 0.4198
1.9178 0.7521 1.2209 1.3476 0.4159
1.9193 0.7506 1.2221 1.3477 0.4140
1.9188 0.7529 1.2181 1.3462 0.4161
1.9315 0.7568 1.2340 1.3567 0.4188
1.9348 0.7503 1.2316 1.3588 0.4120
1.9330 0.7514 1.2364 1.3554 0.4124
1.9347 0.7591 1.2423 1.3555 0.4194
1.9339 0.7645 1.2515 1.3529 0.4239
1.9326 0.7569 1.2669 1.3493 0.4149
1.9365 0.7640 1.2679 1.3519 0.4216
1.9402 0.7679 1.2897 1.3529 0.4238
1.9510 0.7726 1.2904 1.3624 0.4281
1.9541 0.7695 1.2968 1.3638 0.4242
1.9487 0.7601 1.2812 1.3579 0.4152
1.9514 0.7549 1.2847 1.3590 0.4094
1.9469 0.7511 1.2845 1.3531 0.4051
1.9389 0.7433 1.2835 1.3438 0.3970
1.9436 0.7428 1.2917 1.3466 0.3956
1.9501 0.7370 1.2940 1.3516 0.3892
1.9566 0.7360 1.2958 1.3567 0.3877
1.9543 0.7323 1.2944 1.3530 0.3837
1.9636 0.7373 1.2962 1.3609 0.3882
1.9609 0.7328 1.3143 1.3557 0.3822
1.9655 0.7342 1.3202 1.3587 0.3828
1.9654 0.7421 1.3137 1.3576 0.3907
1.9648 0.7393 1.3152 1.3556 0.3874
1.9725 0.7381 1.3412 1.3603 0.3842
1.9790 0.7431 1.3265 1.3663 0.3897
1.9831 0.7493 1.3354 1.3685 0.3950
1.9880 0.7520 1.3252 1.3727 0.3979
1.9822 0.7488 1.3189 1.3659 0.3946
1.9764 0.7383 1.3054 1.3594 0.3845
1.9794 0.7292 1.3004 1.3612 0.3752
1.9765 0.7257 1.3061 1.3566 0.3709
1.9733 0.7221 1.2981 1.3526 0.3674
1.9739 0.7235 1.2844 1.3525 0.3692
1.9753 0.7201 1.2805 1.3529 0.3657
1.9790 0.7248 1.2824 1.3551 0.3699
1.9816 0.7243 1.2893 1.3559 0.3686
1.9841 0.7264 1.2952 1.3568 0.3700
1.9798 0.7196 1.2996 1.3507 0.3625
1.9807 0.7196 1.3008 1.3502 0.3620
1.9787 0.7275 1.3172 1.3459 0.3686
1.9831 0.7258 1.3173 1.3488 0.3665
1.9868 0.7246 1.3248 1.3507 0.3645
1.9892 0.7219 1.3333 1.3513 0.3608
1.9784 0.7173 1.3205 1.3397 0.3565
1.9878 0.7200 1.3303 1.3472 0.3582
1.9925 0.7179 1.3173 1.3513 0.3566
1.9937 0.7176 1.3222 1.3508 0.3556
1.9901 0.7146 1.3284 1.3454 0.3518
1.9883 0.7068 1.3226 1.3425 0.3439
1.9943 0.7138 1.3231 1.3471 0.3505
1.9939 0.7205 1.3333 1.3448 0.3563
1.9984 0.7182 1.3297 1.3481 0.3537
2.0012 0.7256 1.3243 1.3498 0.3612
2.0055 0.7265 1.3263 1.3526 0.3616
2.0006 0.7346 1.3215 1.3467 0.3697
1.9983 0.7297 1.3225 1.3429 0.3642
2.0049 0.7297 1.3135 1.3486 0.3644
2.0068 0.7282 1.3040 1.3497 0.3632
2.0089 0.7238 1.3022 1.3505 0.3585
2.0034 0.7279 1.2958 1.3440 0.3626
2.0017 0.7286 1.2870 1.3414 0.3635
2.0067 0.7224 1.2865 1.3451 0.3570
2.0060 0.7289 1.2986 1.3423 0.3624
2.0063 0.7341 1.2937 1.3415 0.3676
2.0062 0.7367 1.3005 1.3397 0.3694
2.0037 0.7319 1.2889 1.3365 0.3650
2.0024 0.7265 1.2728 1.3347 0.3601
2.0069 0.7293 1.2605 1.3387 0.3634
2.0176 0.7276 1.2641 1.3479 0.3612
2.0281 0.7279 1.2683 1.3568 0.3610
2.0264 0.7276 1.2749 1.3533 0.3599
2.0206 0.7202 1.2729 1.3462 0.3522
2.0218 0.7186 1.2737 1.3459 0.3503
2.0237 0.7141 1.2697 1.3467 0.3457
2.0181 0.7090 1.2695 1.3397 0.3403
2.0164 0.7084 1.2616 1.3372 0.3398
2.0251 0.7054 1.2696 1.3440 0.3360
2.0277 0.7123 1.2746 1.3450 0.3424
2.0258 0.7115 1.2562 1.3429 0.3423
2.0252 0.7054 1.2618 1.3405 0.3356
2.0227 0.7024 1.2630 1.3366 0.3322
2.0252 0.7043 1.2658 1.3375 0.3336
2.0319 0.7016 1.2722 1.3425 0.3303
2.0420 0.7022 1.2721 1.3513 0.3306
2.0334 0.7021 1.2771 1.3410 0.3299
2.0310 0.7056 1.2714 1.3376 0.3334
2.0399 0.7127 1.2749 1.3449 0.3401
2.0484 0.7109 1.2641 1.3528 0.3386
2.0530 0.7112 1.2566 1.3565 0.3391
2.0544 0.7097 1.2651 1.3560 0.3368
2.0512 0.7074 1.2644 1.3515 0.3343
2.0540 0.7063 1.2572 1.3534 0.3333
2.0596 0.7097 1.2735 1.3567 0.3355
2.0591 0.7090 1.2767 1.3546 0.3343
2.0577 0.7094 1.2735 1.3521 0.3346
2.0664 0.7084 1.2709 1.3596 0.3335
2.0688 0.7133 1.2734 1.3605 0.3380
2.0743 0.7182 1.2752 1.3645 0.3426
2.0741 0.7142 1.2721 1.3631 0.3385
2.0737 0.7133 1.2772 1.3611 0.3370
2.0729 0.7145 1.2735 1.3591 0.3381
2.0632 0.7097 1.2738 1.3479 0.3329
2.0633 0.7079 1.2664 1.3471 0.3312
2.0698 0.7196 1.2746 1.3518 0.3423
2.0693 0.7196 1.2791 1.3497 0.3418
2.0686 0.7199 1.2867 1.3472 0.3413
2.0650 0.7196 1.2762 1.3427 0.3413
2.0728 0.7228 1.2823 1.3489 0.3439
2.0736 0.7268 1.2783 1.3486 0.3480
2.0766 0.7216 1.2791 1.3502 0.3424
2.0700 0.7102 1.2728 1.3424 0.3310
2.0643 0.6993 1.2743 1.3352 0.3196
2.0633 0.6927 1.2663 1.3332 0.3132
2.0679 0.6938 1.2627 1.3367 0.3143
2.0761 0.6916 1.2666 1.3433 0.3116
2.0814 0.6887 1.2617 1.3476 0.3088
2.0780 0.6890 1.2668 1.3425 0.3085
2.0799 0.6905 1.2590 1.3435 0.3102
2.0799 0.6906 1.2548 1.3424 0.3104
2.0803 0.6869 1.2522 1.3416 0.3066
2.0792 0.6846 1.2545 1.3390 0.3039
2.0770 0.6794 1.2509 1.3356 0.2986
2.0772 0.6778 1.2589 1.3339 0.2963
2.0763 0.6748 1.2564 1.3318 0.2932
2.0686 0.6705 1.2539 1.3228 0.2887
2.0728 0.6714 1.2459 1.3262 0.2899
2.0736 0.6745 1.2414 1.3259 0.2930
2.0764 0.6700 1.2476 1.3270 0.2879
2.0739 0.6676 1.2393 1.3236 0.2858
2.0730 0.6549 1.2287 1.3219 0.2734
2.0759 0.6581 1.2283 1.3235 0.2765
2.0721 0.6650 1.2284 1.3184 0.2832
2.0768 0.6677 1.2196 1.3223 0.2863
2.0771 0.6628 1.2124 1.3217 0.2816
2.0751 0.6529 1.1972 1.3192 0.2724
2.0809 0.6528 1.2039 1.3233 0.2717
2.0808 0.6480 1.1949 1.3225 0.2673
2.0708 0.6391 1.1843 1.3117 0.2586
2.0699 0.6405 1.1935 1.3089 0.2594
2.0729 0.6415 1.1862 1.3111 0.2606
2.0752 0.6455 1.1797 1.3125 0.2650
2.0857 0.6433 1.1884 1.3212 0.2621
2.0867 0.6389 1.1914 1.3207 0.2573
2.0889 0.6357 1.1859 1.3219 0.2543
2.0865 0.6385 1.1896 1.3180 0.2567
2.0872 0.6459 1.1927 1.3172 0.2638
2.0806 0.6426 1.1855 1.3097 0.2607
2.0830 0.6319 1.1957 1.3102 0.2493
2.0848 0.6317 1.1887 1.3110 0.2493
2.0884 0.6281 1.1833 1.3136 0.2458
2.0810 0.6178 1.1840 1.3048 0.2353
2.0866 0.6175 1.1886 1.3089 0.2345
2.0884 0.6173 1.1823 1.3097 0.2347
2.0951 0.6111 1.1824 1.3151 0.2282
2.0952 0.6099 1.1913 1.3134 0.2264
2.1011 0.6095 1.1931 1.3179 0.2258
2.1032 0.6181 1.1895 1.3190 0.2345
2.1087 0.6168 1.2068 1.3221 0.2320
2.1112 0.6156 1.1980 1.3238 0.2312
2.1095 0.6164 1.1967 1.3209 0.2320
2.1133 0.6160 1.1976 1.3233 0.2313
2.1174 0.6109 1.2147 1.3250 0.2250
2.1188 0.6134 1.2231 1.3246 0.2270
2.1210 0.6103 1.2249 1.3254 0.2235
2.1239 0.6075 1.2318 1.3265 0.2201
2.1183 0.5974 1.2214 1.3201 0.2104
2.1232 0.5996 1.2189 1.3238 0.2127
2.1284 0.5953 1.2247 1.3273 0.2079
2.1230 0.6020 1.2116 1.3214 0.2152
2.1287 0.6050 1.2190 1.3254 0.2177
2.1316 0.5947 1.2265 1.3265 0.2068
2.1323 0.5966 1.2209 1.3262 0.2088
2.1276 0.5941 1.2267 1.3197 0.2058
2.1315 0.5905 1.2202 1.3227 0.2025
2.1315 0.5798 1.2183 1.3215 0.1916
2.1324 0.5872 1.2147 1.3212 0.1992
2.1327 0.5844 1.2086 1.3206 0.1966
2.1366 0.5828 1.2011 1.3236 0.1953
2.1351 0.5807 1.1975 1.3210 0.1933
2.1251 0.5780 1.1848 1.3104 0.1911
2.1363 0.5779 1.1874 1.3201 0.1908
2.1415 0.5786 1.1920 1.3237 0.1912
2.1350 0.5690 1.1969 1.3155 0.1811
2.1408 0.5687 1.1942 1.3202 0.1809
2.1431 0.5798 1.2006 1.3209 0.1916
2.1385 0.5683 1.1897 1.3155 0.1806
2.1446 0.5669 1.1916 1.3203 0.1789
2.1422 0.5650 1.1977 1.3161 0.1766
2.1386 0.5596 1.2016 1.3110 0.1707
2.1358 0.5566 1.2059 1.3065 0.1673
2.1327 0.5523 1.2050 1.3022 0.1630
2.1352 0.5546 1.2115 1.3029 0.1648
2.1428 0.5472 1.2287 1.3082 0.1562
2.1381 0.5406 1.2261 1.3022 0.1496
2.1360 0.5365 1.2408 1.2978 0.1444
2.1427 0.5347 1.2364 1.3034 0.1428
2.1419 0.5390 1.2325 1.3016 0.1472
2.1434 0.5449 1.2395 1.3013 0.1527
2.1488 0.5371 1.2451 1.3050 0.1443
2.1496 0.5300 1.2412 1.3046 0.1373
2.1447 0.5321 1.2527 1.2976 0.1386
2.1501 0.5329 1.2593 1.3013 0.1389
2.1467 0.5332 1.2655 1.2961 0.1386
2.1432 0.5267 1.2581 1.2916 0.1324
2.1419 0.5303 1.2622 1.2887 0.1357
2.1526 0.5317 1.2600 1.2982 0.1371
2.1628 0.5305 1.2672 1.3067 0.1354
2.1666 0.5319 1.2721 1.3089 0.1364
2.1714 0.5317 1.2660 1.3127 0.1364
2.1681 0.5348 1.2750 1.3074 0.1389
2.1640 0.5264 1.2653 1.3024 0.1308
2.1568 0.5266 1.2662 1.2937 0.1308
2.1663 0.5269 1.2746 1.3014 0.1305
2.1624 0.5268 1.2754 1.2960 0.1303
2.1699 0.5347 1.2911 1.3013 0.1371
2.1673 0.5277 1.2914 1.2972 0.1300
2.1738 0.5201 1.2758 1.3033 0.1231
2.1715 0.5198 1.2658 1.3001 0.1233
2.1775 0.5248 1.2734 1.3044 0.1278
2.1815 0.5194 1.2755 1.3069 0.1221
2.1855 0.5134 1.2839 1.3089 0.1155
2.1883 0.5161 1.2835 1.3103 0.1181
2.1863 0.5156 1.2810 1.3071 0.1176
2.1876 0.5134 1.2926 1.3063 0.1145
2.1913 0.5142 1.2924 1.3086 0.1153
2.1934 0.5158 1.3012 1.3088 0.1163
2.1970 0.5134 1.2919 1.3115 0.1142
2.2031 0.5089 1.3016 1.3156 0.1090
2.2070 0.5059 1.3068 1.3178 0.1056
2.2088 0.5094 1.2952 1.3189 0.1097
2.2116 0.5023 1.3020 1.3199 0.1020
2.2105 0.4970 1.2985 1.3175 0.0969
2.2072 0.5037 1.2828 1.3138 0.1044
2.2094 0.5086 1.2880 1.3143 0.1089
2.2183 0.5043 1.2911 1.3217 0.1043
2.2242 0.5036 1.3041 1.3253 0.1027
2.2096 0.4971 1.3112 1.3088 0.0955
2.2021 0.4888 1.3082 1.3000 0.0873
2.2074 0.4919 1.2957 1.3047 0.0910
2.2183 0.4958 1.2896 1.3145 0.0953
2.2240 0.4885 1.2807 1.3194 0.0884
2.2266 0.4967 1.2889 1.3202 0.0961
2.2217 0.4976 1.2957 1.3135 0.0965
2.2297 0.5038 1.2986 1.3199 0.1024
2.2336 0.5057 1.2947 1.3227 0.1045
2.2374 0.4982 1.2935 1.3251 0.0970
2.2425 0.4966 1.2960 1.3286 0.0951
2.2425 0.5023 1.3063 1.3266 0.1001
2.2436 0.4988 1.2970 1.3269 0.0971
2.2401 0.4922 1.2945 1.3221 0.0905
2.2354 0.4891 1.2925 1.3160 0.0873
2.2351 0.4846 1.2890 1.3145 0.0829
2.2339 0.4800 1.2866 1.3120 0.0783
2.2329 0.4785 1.2883 1.3095 0.0767
2.2331 0.4791 1.2933 1.3080 0.0769
2.2353 0.4710 1.2944 1.3087 0.0686
2.2371 0.4679 1.3106 1.3081 0.0644
2.2420 0.4751 1.3059 1.3119 0.0719
2.2446 0.4748 1.3046 1.3132 0.0716
2.2403 0.4688 1.2929 1.3081 0.0661
2.2459 0.4631 1.2876 1.3126 0.0607
2.2532 0.4683 1.2946 1.3181 0.0655
2.2530 0.4748 1.3002 1.3162 0.0715
2.2570 0.4736 1.2839 1.3198 0.0713
2.2623 0.4730 1.2895 1.3233 0.0703
2.2635 0.4707 1.2898 1.3231 0.0679
2.2581 0.4689 1.2955 1.3159 0.0656
2.2611 0.4635 1.2935 1.3176 0.0603
2.2643 0.4682 1.3037 1.3188 0.0644
2.2649 0.4704 1.3186 1.3171 0.0656
2.2693 0.4613 1.3111 1.3205 0.0568
2.2711 0.4630 1.3206 1.3203 0.0579
2.2790 0.4632 1.3067 1.3277 0.0590
2.2854 0.4642 1.3231 1.3317 0.0588
2.2749 0.4503 1.3189 1.3199 0.0451
2.2775 0.4470 1.3071 1.3218 0.0423
2.2781 0.4445 1.3211 1.3201 0.0389
2.2899 0.4440 1.3431 1.3292 0.0371
2.2899 0.4349 1.3398 1.3278 0.0280
2.2942 0.4333 1.3451 1.3304 0.0261
2.2939 0.4315 1.3445 1.3286 0.0242
2.2966 0.4250 1.3536 1.3293 0.0170
2.2957 0.4266 1.3513 1.3270 0.0187
2.3019 0.4282 1.3529 1.3318 0.0202
2.3127 0.4348 1.3554 1.3411 0.0266
2.3182 0.4305 1.3451 1.3457 0.0228
2.3230 0.4287 1.3417 1.3493 0.0212
2.3260 0.4250 1.3474 1.3505 0.0171
2.3314 0.4295 1.3545 1.3540 0.0211
2.3399 0.4273 1.3620 1.3607 0.0184
2.3422 0.4210 1.3679 1.3610 0.0116
2.3482 0.4115 1.3686 1.3656 0.0020
2.3554 0.4105 1.3688 1.3713 0.0009
2.3614 0.4100 1.3700 1.3757 0.0003
2.3592 0.4062 1.3785 1.3715 -0.0042
2.3567 0.3938 1.3763 1.3676 -0.0166
2.3568 0.3922 1.3791 1.3660 -0.0184
2.3538 0.3963 1.3896 1.3609 -0.0151
2.3541 0.3940 1.3759 1.3606 -0.0167
2.3587 0.3937 1.3799 1.3634 -0.0173
2.3604 0.3904 1.3749 1.3639 -0.0203
2.3609 0.3854 1.3766 1.3629 -0.0255
2.3609 0.3872 1.3757 1.3614 -0.0237
2.3588 0.3815 1.3752 1.3578 -0.0295
2.3583 0.3784 1.3680 1.3562 -0.0323
2.3553 0.3691 1.3601 1.3521 -0.0413
2.3548 0.3709 1.3679 1.3497 -0.0400
2.3619 0.3672 1.3511 1.3564 -0.0428
2.3628 0.3623 1.3372 1.3566 -0.0469
2.3662 0.3616 1.3396 1.3584 -0.0477
2.3748 0.3696 1.3504 1.3650 -0.0404
2.3708 0.3626 1.3410 1.3600 -0.0469
2.3787 0.3677 1.3460 1.3662 -0.0421
2.3855 0.3669 1.3458 1.3717 -0.0428
2.3931 0.3664 1.3540 1.3773 -0.0438
2.3913 0.3631 1.3613 1.3735 -0.0477
2.3914 0.3674 1.3507 1.3729 -0.0428
2.4018 0.3640 1.3538 1.3817 -0.0463
2.4067 0.3559 1.3543 1.3850 -0.0545
2.4032 0.3504 1.3650 1.3793 -0.0607
2.4111 0.3512 1.3572 1.3864 -0.0595
2.4129 0.3499 1.3662 1.3861 -0.0613
2.4121 0.3551 1.3784 1.3831 -0.0569
2.4070 0.3547 1.3794 1.3764 -0.0574
2.4045 0.3553 1.3799 1.3724 -0.0569
2.4049 0.3462 1.3805 1.3712 -0.0662
2.4115 0.3520 1.3693 1.3770 -0.0597
2.4135 0.3560 1.3606 1.3782 -0.0551
2.4178 0.3597 1.3550 1.3813 -0.0511
2.4265 0.3591 1.3504 1.3889 -0.0514
2.4229 0.3555 1.3572 1.3834 -0.0555
2.4213 0.3546 1.3482 1.3809 -0.0558
2.4209 0.3571 1.3431 1.3793 -0.0530
2.4243 0.3546 1.3512 1.3807 -0.0560
2.4298 0.3470 1.3618 1.3841 -0.0643
2.4212 0.3363 1.3609 1.3740 -0.0751
2.4362 0.3340 1.3726 1.3869 -0.0780
2.4428 0.3276 1.3788 1.3916 -0.0848
2.4395 0.3275 1.3722 1.3873 -0.0845
2.4343 0.3282 1.3828 1.3799 -0.0845
2.4383 0.3257 1.3845 1.3823 -0.0872
2.4334 0.3203 1.3846 1.3758 -0.0927
2.4315 0.3193 1.3632 1.3737 -0.0924
2.4313 0.3154 1.3565 1.3724 -0.0960
2.4351 0.3178 1.3538 1.3750 -0.0933
2.4310 0.3187 1.3667 1.3685 -0.0932
2.4321 0.3218 1.3520 1.3692 -0.0892
2.4236 0.3191 1.3434 1.3596 -0.0915
2.4272 0.3143 1.3439 1.3617 -0.0963
2.4245 0.3112 1.3461 1.3574 -0.0995
2.4276 0.3133 1.3587 1.3583 -0.0982
2.4407 0.3120 1.3564 1.3701 -0.0993
2.4349 0.3096 1.3596 1.3626 -0.1019
2.4402 0.3082 1.3549 1.3668 -0.1029
2.4501 0.3091 1.3519 1.3754 -0.1018
2.4466 0.3077 1.3508 1.3705 -0.1032
2.4525 0.3109 1.3494 1.3750 -0.0998
2.4524 0.3112 1.3343 1.3744 -0.0986
2.4585 0.3130 1.3311 1.3793 -0.0965
2.4644 0.3155 1.3376 1.3834 -0.0943
2.4657 0.3147 1.3219 1.3842 -0.0940
2.4700 0.3092 1.3303 1.3866 -0.1000
2.4652 0.3076 1.3282 1.3804 -0.1015
2.4619 0.3206 1.3221 1.3761 -0.0880
2.4664 0.3205 1.3130 1.3797 -0.0875
2.4711 0.3297 1.3203 1.3826 -0.0786
2.4815 0.3300 1.3205 1.3916 -0.0782
2.4755 0.3295 1.3117 1.3846 -0.0781
2.4728 0.3377 1.3258 1.3797 -0.0707
2.4841 0.3367 1.3230 1.3898 -0.0714
2.4903 0.3421 1.3317 1.3941 -0.0664
2.4932 0.3391 1.3225 1.3961 -0.0688
2.4920 0.3326 1.3114 1.3941 -0.0747
2.4944 0.3335 1.3174 1.3947 -0.0739
2.4932 0.3277 1.3115 1.3924 -0.0794
2.4901 0.3218 1.3214 1.3872 -0.0859
2.4842 0.3254 1.3151 1.3803 -0.0818
2.4758 0.3308 1.3143 1.3704 -0.0763
2.4687 0.3248 1.3065 1.3623 -0.0818
2.4743 0.3269 1.2866 1.3678 -0.0784
2.4879 0.3256 1.2908 1.3798 -0.0798
2.4882 0.3210 1.2890 1.3787 -0.0842
2.4880 0.3174 1.2945 1.3767 -0.0881
2.4918 0.3162 1.2982 1.3789 -0.0894
2.4915 0.3157 1.3050 1.3768 -0.0901
2.4989 0.3211 1.3145 1.3823 -0.0852
2.5057 0.3220 1.3099 1.3880 -0.0839
2.5055 0.3136 1.3068 1.3864 -0.0920
2.5023 0.3193 1.3030 1.3820 -0.0860
2.5081 0.3171 1.3020 1.3865 -0.0880
2.5093 0.3120 1.3105 1.3858 -0.0935
2.5128 0.3127 1.3012 1.3884 -0.0922
2.5112 0.3045 1.2988 1.3855 -0.1001
2.5122 0.2984 1.3005 1.3850 -0.1062
2.5094 0.2987 1.3039 1.3806 -0.1061
2.5015 0.2959 1.3000 1.3714 -0.1085
2.4984 0.2951 1.3222 1.3655 -0.1106
2.5032 0.2906 1.3244 1.3687 -0.1152
2.5217 0.2977 1.3366 1.3852 -0.1085
2.5233 0.2896 1.3368 1.3853 -0.1166
2.5230 0.2872 1.3429 1.3831 -0.1192
2.5195 0.2834 1.3362 1.3786 -0.1226
2.5242 0.2785 1.3408 1.3815 -0.1277
2.5303 0.2756 1.3277 1.3871 -0.1297
2.5242 0.2782 1.3179 1.3800 -0.1265
2.5308 0.2850 1.3130 1.3856 -0.1191
2.5390 0.2862 1.3268 1.3916 -0.1186
2.5339 0.2852 1.3205 1.3853 -0.1192
2.5395 0.2908 1.3274 1.3892 -0.1138
2.5444 0.2966 1.3323 1.3925 -0.1081
2.5441 0.2985 1.3261 1.3910 -0.1057
2.5549 0.3051 1.3280 1.4004 -0.0990
2.5551 0.3070 1.3403 1.3984 -0.0977
2.5552 0.3130 1.3417 1.3970 -0.0916
2.5645 0.3167 1.3365 1.4052 -0.0875
2.5633 0.3089 1.3381 1.4025 -0.0953
2.5642 0.3007 1.3327 1.4021 -0.1031
2.5657 0.2996 1.3196 1.4031 -0.1033
2.5690 0.2907 1.3137 1.4052 -0.1117
2.5683 0.2919 1.3127 1.4032 -0.1103
2.5640 0.2900 1.2973 1.3984 -0.1112
2.5643 0.2935 1.2949 1.3974 -0.1073
2.5703 0.2932 1.3092 1.4012 -0.1083
2.5768 0.2915 1.3051 1.4065 -0.1096
2.5794 0.2934 1.3066 1.4076 -0.1076
2.5788 0.2883 1.2978 1.4061 -0.1120
2.5851 0.2862 1.2886 1.4116 -0.1134
2.5857 0.2853 1.3008 1.4101 -0.1148
2.5940 0.2887 1.3053 1.4167 -0.1115
2.5972 0.2865 1.2965 1.4190 -0.1131
2.5991 0.2880 1.2968 1.4196 -0.1114
2.6018 0.2892 1.3142 1.4198 -0.1110
2.6106 0.2893 1.3323 1.4261 -0.1118
2.6102 0.2852 1.3141 1.4253 -0.1147
2.6128 0.2783 1.3227 1.4260 -0.1220
2.6196 0.2765 1.3215 1.4315 -0.1235
2.6188 0.2688 1.3210 1.4292 -0.1310
2.6198 0.2696 1.3205 1.4288 -0.1301
2.6236 0.2774 1.3212 1.4312 -0.1221
2.6252 0.2750 1.3335 1.4307 -0.1250
2.6269 0.2685 1.3221 1.4315 -0.1308
2.6270 0.2667 1.3334 1.4295 -0.1331
2.6364 0.2692 1.3239 1.4381 -0.1297
2.6404 0.2681 1.3393 1.4398 -0.1316
2.6423 0.2721 1.3401 1.4403 -0.1275
2.6396 0.2726 1.3430 1.4359 -0.1270
2.6366 0.2718 1.3370 1.4318 -0.1274
2.6378 0.2656 1.3320 1.4318 -0.1331
2.6388 0.2660 1.3212 1.4321 -0.1319
2.6403 0.2668 1.3168 1.4325 -0.1306
2.6385 0.2595 1.3103 1.4296 -0.1374
2.6512 0.2642 1.3019 1.4415 -0.1318
2.6494 0.2617 1.2986 1.4384 -0.1340
2.6492 0.2541 1.2940 1.4371 -0.1411
2.6492 0.2508 1.2979 1.4353 -0.1445
2.6569 0.2558 1.3089 1.4411 -0.1399
2.6599 0.2492 1.3096 1.4426 -0.1463
2.6605 0.2502 1.3123 1.4416 -0.1453
2.6591 0.2486 1.3197 1.4384 -0.1471
2.6665 0.2559 1.3221 1.4443 -0.1398
2.6733 0.2629 1.3202 1.4498 -0.1323
2.6795 0.2629 1.3305 1.4540 -0.1328
2.6857 0.2582 1.3328 1.4586 -0.1374
2.6817 0.2527 1.3328 1.4531 -0.1428
2.6813 0.2575 1.3364 1.4511 -0.1379
2.6836 0.2629 1.3540 1.4509 -0.1334
2.6867 0.2526 1.3582 1.4523 -0.1438
2.6807 0.2552 1.3640 1.4445 -0.1414
2.6856 0.2550 1.3788 1.4471 -0.1423
2.6883 0.2523 1.3784 1.4483 -0.1448
2.6816 0.2574 1.3784 1.4402 -0.1396
2.6907 0.2558 1.3748 1.4481 -0.1407
2.6933 0.2547 1.3853 1.4486 -0.1423
2.6974 0.2557 1.3864 1.4512 -0.1411
2.6944 0.2504 1.3951 1.4460 -0.1469
2.6921 0.2416 1.3894 1.4426 -0.1553
