 t	 x	 y	 z	 w
0.0000 1.0000 1.0000 1.0000 1.0000
0.0100 0.9987 0.9999 1.0000 1.0000
0.0200 0.9950 0.9996 0.9998 0.9999
0.0300 0.9887 0.9990 0.9996 0.9998
0.0400 0.9799 0.9982 0.9993 0.9997
0.0500 0.9688 0.9972 0.9989 0.9995
0.0600 0.9553 0.9960 0.9985 0.9992
0.0700 0.9396 0.9945 0.9979 0.9990
0.0800 0.9217 0.9929 0.9973 0.9987
0.0900 0.9018 0.9910 0.9966 0.9983
0.1000 0.8800 0.9890 0.9959 0.9980
0.1100 0.8564 0.9867 0.9950 0.9976
0.1200 0.8312 0.9842 0.9942 0.9971
0.1300 0.8045 0.9816 0.9932 0.9967
0.1400 0.7764 0.9787 0.9922 0.9962
0.1500 0.7472 0.9757 0.9911 0.9958
0.1600 0.7169 0.9725 0.9900 0.9953
0.1700 0.6859 0.9692 0.9888 0.9948
0.1800 0.6541 0.9657 0.9876 0.9942
0.1900 0.6219 0.9620 0.9864 0.9937
0.2000 0.5893 0.9582 0.9851 0.9932
0.2100 0.5565 0.9543 0.9838 0.9927
0.2200 0.5237 0.9502 0.9824 0.9922
0.2300 0.4911 0.9460 0.9811 0.9917
0.2400 0.4588 0.9417 0.9797 0.9912
0.2500 0.4268 0.9373 0.9784 0.9908
0.2600 0.3955 0.9328 0.9770 0.9903
0.2700 0.3648 0.9283 0.9756 0.9899
0.2800 0.3349 0.9236 0.9743 0.9895
0.2900 0.3059 0.9189 0.9729 0.9891
0.3000 0.2779 0.9141 0.9716 0.9888
0.3100 0.2509 0.9093 0.9703 0.9885
0.3200 0.2250 0.9045 0.9690 0.9882
0.3300 0.2004 0.8996 0.9677 0.9880
0.3400 0.1769 0.8947 0.9665 0.9877
0.3500 0.1547 0.8898 0.9653 0.9876
0.3600 0.1337 0.8849 0.9641 0.9874
0.3700 0.1141 0.8800 0.9630 0.9873
0.3800 0.0957 0.8751 0.9620 0.9873
0.3900 0.0786 0.8702 0.9610 0.9872
0.4000 0.0628 0.8654 0.9600 0.9873
0.4100 0.0481 0.8606 0.9591 0.9873
0.4200 0.0347 0.8559 0.9582 0.9874
0.4300 0.0224 0.8512 0.9575 0.9875
0.4400 0.0113 0.8466 0.9567 0.9876
0.4500 0.0012 0.8421 0.9560 0.9878
0.4600 -0.0079 0.8376 0.9554 0.9880
0.4700 -0.0161 0.8333 0.9549 0.9882
0.4800 -0.0234 0.8290 0.9544 0.9884
0.4900 -0.0298 0.8249 0.9540 0.9887
0.5000 -0.0355 0.8208 0.9536 0.9889
0.5100 -0.0405 0.8169 0.9533 0.9892
0.5200 -0.0449 0.8130 0.9530 0.9895
0.5300 -0.0486 0.8093 0.9528 0.9898
0.5400 -0.0519 0.8057 0.9526 0.9901
0.5500 -0.0547 0.8023 0.9525 0.9905
0.5600 -0.0570 0.7990 0.9525 0.9908
0.5700 -0.0591 0.7958 0.9525 0.9911
0.5800 -0.0608 0.7927 0.9525 0.9914
0.5900 -0.0622 0.7898 0.9526 0.9917
0.6000 -0.0634 0.7871 0.9527 0.9920
0.6100 -0.0643 0.7844 0.9529 0.9923
0.6200 -0.0651 0.7820 0.9531 0.9925
0.6300 -0.0658 0.7796 0.9533 0.9928
0.6400 -0.0663 0.7774 0.9535 0.9930
0.6500 -0.0668 0.7753 0.9537 0.9932
0.6600 -0.0671 0.7734 0.9540 0.9934
0.6700 -0.0674 0.7716 0.9542 0.9936
0.6800 -0.0676 0.7699 0.9545 0.9937
0.6900 -0.0678 0.7683 0.9548 0.9939
0.7000 -0.0679 0.7669 0.9550 0.9940
0.7100 -0.0680 0.7655 0.9553 0.9941
0.7200 -0.0680 0.7643 0.9555 0.9941
0.7300 -0.0680 0.7632 0.9557 0.9942
0.7400 -0.0680 0.7622 0.9559 0.9942
0.7500 -0.0679 0.7613 0.9561 0.9942
0.7600 -0.0678 0.7604 0.9562 0.9942
0.7700 -0.0676 0.7596 0.9563 0.9941
0.7800 -0.0675 0.7589 0.9563 0.9941
0.7900 -0.0672 0.7583 0.9564 0.9940
0.8000 -0.0670 0.7577 0.9563 0.9939
0.8100 -0.0667 0.7571 0.9562 0.9939
0.8200 -0.0664 0.7566 0.9561 0.9938
0.8300 -0.0660 0.7561 0.9559 0.9937
0.8400 -0.0656 0.7556 0.9557 0.9936
0.8500 -0.0652 0.7551 0.9554 0.9935
0.8600 -0.0647 0.7546 0.9550 0.9934
0.8700 -0.0642 0.7541 0.9546 0.9933
0.8800 -0.0636 0.7536 0.9541 0.9932
0.8900 -0.0630 0.7530 0.9535 0.9931
0.9000 -0.0624 0.7524 0.9529 0.9930
0.9100 -0.0617 0.7517 0.9523 0.9929
0.9200 -0.0609 0.7509 0.9515 0.9929
0.9300 -0.0601 0.7501 0.9507 0.9928
0.9400 -0.0592 0.7491 0.9498 0.9928
0.9500 -0.0582 0.7481 0.9489 0.9928
0.9600 -0.0570 0.7469 0.9479 0.9928
0.9700 -0.0557 0.7457 0.9469 0.9929
0.9800 -0.0543 0.7443 0.9458 0.9929
0.9900 -0.0527 0.7427 0.9446 0.9930
1.0000 -0.0508 0.7410 0.9434 0.9931
1.0100 -0.0487 0.7391 0.9421 0.9933
1.0200 -0.0463 0.7371 0.9408 0.9934
1.0300 -0.0436 0.7348 0.9395 0.9936
1.0400 -0.0406 0.7324 0.9381 0.9938
1.0500 -0.0371 0.7297 0.9367 0.9940
1.0600 -0.0332 0.7269 0.9353 0.9942
1.0700 -0.0288 0.7238 0.9339 0.9945
1.0800 -0.0239 0.7205 0.9324 0.9947
1.0900 -0.0184 0.7169 0.9309 0.9950
1.1000 -0.0122 0.7131 0.9294 0.9953
1.1100 -0.0054 0.7091 0.9280 0.9956
1.1200 0.0021 0.7048 0.9265 0.9960
1.1300 0.0104 0.7002 0.9250 0.9963
1.1400 0.0194 0.6953 0.9236 0.9966
1.1500 0.0293 0.6902 0.9221 0.9969
1.1600 0.0400 0.6848 0.9207 0.9972
1.1700 0.0516 0.6791 0.9194 0.9976
1.1800 0.0640 0.6731 0.9180 0.9979
1.1900 0.0774 0.6668 0.9167 0.9982
1.2000 0.0917 0.6602 0.9155 0.9984
1.2100 0.1069 0.6533 0.9143 0.9987
1.2200 0.1230 0.6461 0.9132 0.9990
1.2300 0.1399 0.6386 0.9121 0.9992
1.2400 0.1577 0.6308 0.9111 0.9994
1.2500 0.1763 0.6227 0.9102 0.9996
1.2600 0.1957 0.6142 0.9094 0.9997
1.2700 0.2159 0.6055 0.9086 0.9998
1.2800 0.2367 0.5965 0.9079 0.9999
1.2900 0.2581 0.5872 0.9074 0.9999
1.3000 0.2800 0.5776 0.9069 0.9999
1.3100 0.3024 0.5678 0.9065 0.9999
1.3200 0.3251 0.5576 0.9062 0.9998
1.3300 0.3481 0.5472 0.9060 0.9997
1.3400 0.3713 0.5365 0.9059 0.9995
1.3500 0.3945 0.5255 0.9060 0.9993
1.3600 0.4177 0.5143 0.9061 0.9991
1.3700 0.4407 0.5029 0.9063 0.9988
1.3800 0.4635 0.4912 0.9067 0.9985
1.3900 0.4859 0.4793 0.9071 0.9981
1.4000 0.5077 0.4672 0.9077 0.9977
1.4100 0.5290 0.4549 0.9083 0.9973
1.4200 0.5495 0.4424 0.9091 0.9969
1.4300 0.5693 0.4297 0.9100 0.9964
1.4400 0.5880 0.4168 0.9110 0.9958
1.4500 0.6058 0.4038 0.9120 0.9953
1.4600 0.6224 0.3907 0.9132 0.9947
1.4700 0.6378 0.3775 0.9145 0.9941
1.4800 0.6520 0.3641 0.9159 0.9935
1.4900 0.6647 0.3507 0.9173 0.9929
1.5000 0.6761 0.3371 0.9189 0.9923
1.5100 0.6860 0.3235 0.9205 0.9916
1.5200 0.6944 0.3099 0.9222 0.9910
1.5300 0.7012 0.2962 0.9240 0.9904
1.5400 0.7065 0.2825 0.9258 0.9897
1.5500 0.7102 0.2688 0.9277 0.9891
1.5600 0.7124 0.2551 0.9297 0.9885
1.5700 0.7131 0.2414 0.9317 0.9879
1.5800 0.7122 0.2278 0.9338 0.9873
1.5900 0.7099 0.2142 0.9359 0.9867
1.6000 0.7061 0.2007 0.9380 0.9862
1.6100 0.7010 0.1873 0.9402 0.9857
1.6200 0.6945 0.1740 0.9424 0.9852
1.6300 0.6869 0.1609 0.9446 0.9848
1.6400 0.6781 0.1478 0.9468 0.9844
1.6500 0.6683 0.1349 0.9490 0.9841
1.6600 0.6575 0.1222 0.9513 0.9837
1.6700 0.6458 0.1097 0.9535 0.9835
1.6800 0.6335 0.0974 0.9557 0.9832
1.6900 0.6204 0.0853 0.9579 0.9831
1.7000 0.6069 0.0734 0.9601 0.9829
1.7100 0.5929 0.0617 0.9622 0.9828
1.7200 0.5787 0.0503 0.9643 0.9828
1.7300 0.5642 0.0392 0.9664 0.9828
1.7400 0.5497 0.0283 0.9684 0.9828
1.7500 0.5352 0.0178 0.9704 0.9829
1.7600 0.5208 0.0075 0.9723 0.9831
1.7700 0.5066 -0.0024 0.9742 0.9833
1.7800 0.4928 -0.0120 0.9760 0.9835
1.7900 0.4793 -0.0213 0.9777 0.9838
1.8000 0.4663 -0.0302 0.9794 0.9841
1.8100 0.4539 -0.0387 0.9810 0.9844
1.8200 0.4420 -0.0469 0.9825 0.9848
1.8300 0.4308 -0.0547 0.9840 0.9852
1.8400 0.4203 -0.0621 0.9854 0.9857
1.8500 0.4106 -0.0692 0.9867 0.9861
1.8600 0.4016 -0.0758 0.9879 0.9866
1.8700 0.3934 -0.0820 0.9890 0.9871
1.8800 0.3861 -0.0878 0.9901 0.9876
1.8900 0.3795 -0.0932 0.9911 0.9881
1.9000 0.3737 -0.0982 0.9920 0.9887
1.9100 0.3688 -0.1027 0.9928 0.9892
1.9200 0.3646 -0.1069 0.9935 0.9898
1.9300 0.3612 -0.1106 0.9942 0.9903
1.9400 0.3585 -0.1139 0.9948 0.9909
1.9500 0.3566 -0.1167 0.9953 0.9914
1.9600 0.3553 -0.1191 0.9957 0.9919
1.9700 0.3546 -0.1212 0.9961 0.9924
1.9800 0.3545 -0.1227 0.9964 0.9929
1.9900 0.3549 -0.1239 0.9966 0.9934
2.0000 0.3559 -0.1247 0.9968 0.9938
2.0100 0.3572 -0.1251 0.9969 0.9943
2.0200 0.3590 -0.1250 0.9969 0.9947
2.0300 0.3611 -0.1246 0.9969 0.9951
2.0400 0.3635 -0.1238 0.9968 0.9954
2.0500 0.3662 -0.1226 0.9967 0.9957
2.0600 0.3691 -0.1210 0.9966 0.9960
2.0700 0.3721 -0.1191 0.9964 0.9963
2.0800 0.3753 -0.1169 0.9961 0.9966
2.0900 0.3786 -0.1143 0.9959 0.9968
2.1000 0.3820 -0.1114 0.9956 0.9970
2.1100 0.3853 -0.1082 0.9953 0.9971
2.1200 0.3887 -0.1047 0.9950 0.9972
2.1300 0.3921 -0.1009 0.9946 0.9973
2.1400 0.3954 -0.0968 0.9943 0.9974
2.1500 0.3986 -0.0925 0.9939 0.9975
2.1600 0.4018 -0.0880 0.9935 0.9975
2.1700 0.4049 -0.0832 0.9932 0.9975
2.1800 0.4079 -0.0782 0.9928 0.9975
2.1900 0.4108 -0.0730 0.9925 0.9975
2.2000 0.4135 -0.0676 0.9921 0.9975
2.2100 0.4162 -0.0621 0.9918 0.9974
2.2200 0.4187 -0.0564 0.9915 0.9974
2.2300 0.4211 -0.0506 0.9912 0.9973
2.2400 0.4234 -0.0447 0.9909 0.9972
2.2500 0.4255 -0.0387 0.9906 0.9971
2.2600 0.4275 -0.0326 0.9904 0.9971
2.2700 0.4294 -0.0265 0.9902 0.9970
2.2800 0.4312 -0.0203 0.9900 0.9969
2.2900 0.4328 -0.0140 0.9898 0.9969
2.3000 0.4343 -0.0078 0.9897 0.9968
2.3100 0.4357 -0.0016 0.9896 0.9968
2.3200 0.4369 0.0047 0.9895 0.9967
2.3300 0.4380 0.0108 0.9894 0.9967
2.3400 0.4390 0.0170 0.9894 0.9967
2.3500 0.4398 0.0230 0.9894 0.9967
2.3600 0.4405 0.0290 0.9894 0.9967
2.3700 0.4410 0.0349 0.9895 0.9967
2.3800 0.4414 0.0407 0.9895 0.9967
2.3900 0.4416 0.0463 0.9896 0.9968
2.4000 0.4417 0.0518 0.9897 0.9968
2.4100 0.4417 0.0571 0.9898 0.9969
2.4200 0.4415 0.0623 0.9899 0.9970
2.4300 0.4412 0.0672 0.9901 0.9971
2.4400 0.4408 0.0720 0.9902 0.9972
2.4500 0.4403 0.0765 0.9903 0.9973
2.4600 0.4396 0.0809 0.9905 0.9975
2.4700 0.4389 0.0849 0.9906 0.9976
2.4800 0.4382 0.0888 0.9907 0.9977
2.4900 0.4374 0.0924 0.9908 0.9979
2.5000 0.4366 0.0957 0.9909 0.9980
2.5100 0.4358 0.0987 0.9910 0.9982
2.5200 0.4351 0.1014 0.9910 0.9983
2.5300 0.4345 0.1039 0.9911 0.9984
2.5400 0.4340 0.1060 0.9910 0.9986
2.5500 0.4338 0.1078 0.9910 0.9987
2.5600 0.4337 0.1093 0.9909 0.9988
2.5700 0.4340 0.1105 0.9908 0.9989
2.5800 0.4346 0.1114 0.9906 0.9989
2.5900 0.4355 0.1119 0.9904 0.9990
2.6000 0.4370 0.1121 0.9901 0.9990
2.6100 0.4389 0.1119 0.9897 0.9990
2.6200 0.4414 0.1114 0.9893 0.9989
2.6300 0.4445 0.1106 0.9889 0.9989
2.6400 0.4483 0.1094 0.9883 0.9988
2.6500 0.4528 0.1080 0.9877 0.9987
2.6600 0.4580 0.1061 0.9871 0.9985
2.6700 0.4641 0.1040 0.9863 0.9983
2.6800 0.4710 0.1015 0.9855 0.9981
2.6900 0.4788 0.0987 0.9846 0.9978
2.7000 0.4874 0.0956 0.9837 0.9976
2.7100 0.4970 0.0921 0.9826 0.9972
2.7200 0.5075 0.0884 0.9815 0.9969
2.7300 0.5189 0.0844 0.9803 0.9965
2.7400 0.5312 0.0801 0.9790 0.9961
2.7500 0.5444 0.0756 0.9777 0.9956
2.7600 0.5585 0.0707 0.9762 0.9951
2.7700 0.5734 0.0657 0.9747 0.9946
2.7800 0.5891 0.0603 0.9731 0.9941
2.7900 0.6055 0.0548 0.9715 0.9936
2.8000 0.6225 0.0490 0.9698 0.9930
2.8100 0.6401 0.0431 0.9680 0.9924
2.8200 0.6582 0.0369 0.9662 0.9918
2.8300 0.6766 0.0306 0.9642 0.9912
2.8400 0.6953 0.0242 0.9623 0.9906
2.8500 0.7141 0.0176 0.9603 0.9899
2.8600 0.7330 0.0108 0.9582 0.9893
2.8700 0.7517 0.0040 0.9561 0.9887
2.8800 0.7702 -0.0030 0.9540 0.9881
2.8900 0.7882 -0.0100 0.9518 0.9874
2.9000 0.8058 -0.0171 0.9496 0.9869
2.9100 0.8226 -0.0242 0.9473 0.9863
2.9200 0.8386 -0.0313 0.9451 0.9857
2.9300 0.8536 -0.0385 0.9428 0.9852
2.9400 0.8674 -0.0456 0.9406 0.9847
2.9500 0.8800 -0.0528 0.9383 0.9842
2.9600 0.8912 -0.0598 0.9360 0.9837
2.9700 0.9008 -0.0669 0.9338 0.9833
2.9800 0.9087 -0.0738 0.9315 0.9830
2.9900 0.9148 -0.0807 0.9293 0.9826
3.0000 0.9190 -0.0875 0.9271 0.9824
3.0100 0.9211 -0.0941 0.9250 0.9821
3.0200 0.9212 -0.1006 0.9229 0.9819
3.0300 0.9191 -0.1069 0.9208 0.9818
3.0400 0.9148 -0.1131 0.9188 0.9817
3.0500 0.9082 -0.1191 0.9168 0.9816
3.0600 0.8993 -0.1248 0.9150 0.9816
3.0700 0.8881 -0.1304 0.9131 0.9817
3.0800 0.8746 -0.1357 0.9114 0.9818
3.0900 0.8587 -0.1407 0.9098 0.9819
3.1000 0.8406 -0.1455 0.9082 0.9821
3.1100 0.8202 -0.1500 0.9067 0.9824
3.1200 0.7977 -0.1543 0.9053 0.9827
3.1300 0.7731 -0.1582 0.9040 0.9830
3.1400 0.7465 -0.1618 0.9028 0.9834
3.1500 0.7180 -0.1650 0.9017 0.9838
3.1600 0.6877 -0.1679 0.9007 0.9843
3.1700 0.6558 -0.1705 0.8999 0.9848
3.1800 0.6224 -0.1727 0.8991 0.9853
3.1900 0.5876 -0.1745 0.8984 0.9858
3.2000 0.5516 -0.1759 0.8979 0.9864
3.2100 0.5146 -0.1770 0.8975 0.9870
3.2200 0.4767 -0.1776 0.8972 0.9876
3.2300 0.4381 -0.1778 0.8970 0.9882
3.2400 0.3990 -0.1776 0.8969 0.9889
3.2500 0.3595 -0.1770 0.8970 0.9895
3.2600 0.3199 -0.1760 0.8972 0.9902
3.2700 0.2803 -0.1745 0.8974 0.9908
3.2800 0.2409 -0.1726 0.8978 0.9915
3.2900 0.2018 -0.1702 0.8983 0.9921
3.3000 0.1632 -0.1674 0.8990 0.9928
3.3100 0.1253 -0.1642 0.8997 0.9934
3.3200 0.0882 -0.1605 0.9005 0.9940
3.3300 0.0520 -0.1564 0.9014 0.9945
3.3400 0.0169 -0.1519 0.9025 0.9951
3.3500 -0.0170 -0.1469 0.9036 0.9956
3.3600 -0.0497 -0.1414 0.9048 0.9961
3.3700 -0.0809 -0.1356 0.9061 0.9966
3.3800 -0.1107 -0.1293 0.9074 0.9970
3.3900 -0.1390 -0.1226 0.9089 0.9974
3.4000 -0.1657 -0.1155 0.9104 0.9978
3.4100 -0.1907 -0.1080 0.9120 0.9981
3.4200 -0.2141 -0.1001 0.9136 0.9984
3.4300 -0.2359 -0.0918 0.9153 0.9987
3.4400 -0.2559 -0.0831 0.9170 0.9989
3.4500 -0.2743 -0.0740 0.9188 0.9991
3.4600 -0.2910 -0.0646 0.9206 0.9993
3.4700 -0.3061 -0.0549 0.9224 0.9994
3.4800 -0.3196 -0.0448 0.9243 0.9995
3.4900 -0.3315 -0.0344 0.9261 0.9995
3.5000 -0.3420 -0.0237 0.9280 0.9995
3.5100 -0.3510 -0.0127 0.9299 0.9995
3.5200 -0.3586 -0.0014 0.9318 0.9995
3.5300 -0.3650 0.0102 0.9337 0.9994
3.5400 -0.3701 0.0220 0.9356 0.9993
3.5500 -0.3740 0.0341 0.9374 0.9992
3.5600 -0.3769 0.0464 0.9392 0.9990
3.5700 -0.3788 0.0589 0.9411 0.9989
3.5800 -0.3798 0.0716 0.9428 0.9987
3.5900 -0.3800 0.0844 0.9446 0.9985
3.6000 -0.3794 0.0974 0.9463 0.9983
3.6100 -0.3782 0.1106 0.9479 0.9981
3.6200 -0.3764 0.1239 0.9495 0.9979
3.6300 -0.3740 0.1373 0.9511 0.9977
3.6400 -0.3712 0.1509 0.9526 0.9975
3.6500 -0.3680 0.1645 0.9540 0.9973
3.6600 -0.3645 0.1781 0.9554 0.9971
3.6700 -0.3608 0.1918 0.9567 0.9969
3.6800 -0.3568 0.2056 0.9580 0.9967
3.6900 -0.3527 0.2194 0.9592 0.9965
3.7000 -0.3484 0.2331 0.9603 0.9964
3.7100 -0.3441 0.2469 0.9613 0.9962
3.7200 -0.3397 0.2606 0.9623 0.9961
3.7300 -0.3353 0.2743 0.9633 0.9959
3.7400 -0.3309 0.2879 0.9641 0.9958
3.7500 -0.3265 0.3014 0.9649 0.9957
3.7600 -0.3222 0.3149 0.9656 0.9957
3.7700 -0.3180 0.3283 0.9662 0.9956
3.7800 -0.3138 0.3415 0.9668 0.9956
3.7900 -0.3098 0.3546 0.9673 0.9955
3.8000 -0.3058 0.3675 0.9678 0.9955
3.8100 -0.3019 0.3803 0.9682 0.9955
3.8200 -0.2981 0.3929 0.9685 0.9956
3.8300 -0.2945 0.4054 0.9688 0.9956
3.8400 -0.2909 0.4176 0.9691 0.9956
3.8500 -0.2875 0.4296 0.9693 0.9957
3.8600 -0.2841 0.4414 0.9694 0.9957
3.8700 -0.2809 0.4530 0.9695 0.9958
3.8800 -0.2778 0.4644 0.9696 0.9958
3.8900 -0.2748 0.4754 0.9697 0.9959
3.9000 -0.2719 0.4863 0.9697 0.9960
3.9100 -0.2690 0.4968 0.9697 0.9960
3.9200 -0.2663 0.5071 0.9697 0.9961
3.9300 -0.2636 0.5171 0.9696 0.9961
3.9400 -0.2611 0.5269 0.9696 0.9961
3.9500 -0.2586 0.5363 0.9695 0.9962
3.9600 -0.2562 0.5454 0.9694 0.9962
3.9700 -0.2538 0.5543 0.9694 0.9962
3.9800 -0.2515 0.5628 0.9693 0.9961
3.9900 -0.2492 0.5710 0.9693 0.9961
4.0000 -0.2470 0.5789 0.9692 0.9960
4.0100 -0.2447 0.5865 0.9692 0.9959
4.0200 -0.2425 0.5938 0.9692 0.9958
4.0300 -0.2402 0.6008 0.9693 0.9957
4.0400 -0.2378 0.6075 0.9693 0.9955
4.0500 -0.2354 0.6138 0.9694 0.9953
4.0600 -0.2328 0.6199 0.9695 0.9951
4.0700 -0.2301 0.6257 0.9696 0.9949
4.0800 -0.2272 0.6311 0.9698 0.9946
4.0900 -0.2241 0.6363 0.9700 0.9943
4.1000 -0.2207 0.6412 0.9703 0.9940
4.1100 -0.2170 0.6458 0.9706 0.9937
4.1200 -0.2130 0.6501 0.9710 0.9933
4.1300 -0.2085 0.6542 0.9713 0.9929
4.1400 -0.2037 0.6579 0.9718 0.9925
4.1500 -0.1983 0.6615 0.9722 0.9921
4.1600 -0.1923 0.6648 0.9728 0.9917
4.1700 -0.1858 0.6678 0.9733 0.9913
4.1800 -0.1786 0.6706 0.9739 0.9908
4.1900 -0.1707 0.6732 0.9746 0.9904
4.2000 -0.1620 0.6756 0.9753 0.9899
4.2100 -0.1526 0.6778 0.9760 0.9895
4.2200 -0.1423 0.6798 0.9768 0.9890
4.2300 -0.1312 0.6816 0.9776 0.9885
4.2400 -0.1192 0.6832 0.9784 0.9881
4.2500 -0.1062 0.6847 0.9793 0.9877
4.2600 -0.0923 0.6861 0.9801 0.9872
4.2700 -0.0775 0.6872 0.9810 0.9868
4.2800 -0.0616 0.6883 0.9820 0.9865
4.2900 -0.0448 0.6893 0.9829 0.9861
4.3000 -0.0270 0.6901 0.9839 0.9858
4.3100 -0.0082 0.6909 0.9848 0.9855
4.3200 0.0114 0.6916 0.9858 0.9852
4.3300 0.0320 0.6922 0.9868 0.9850
4.3400 0.0535 0.6927 0.9877 0.9848
4.3500 0.0757 0.6933 0.9887 0.9846
4.3600 0.0987 0.6937 0.9896 0.9845
4.3700 0.1225 0.6942 0.9906 0.9844
4.3800 0.1468 0.6946 0.9915 0.9843
4.3900 0.1717 0.6950 0.9923 0.9843
4.4000 0.1970 0.6955 0.9932 0.9844
4.4100 0.2227 0.6959 0.9940 0.9845
4.4200 0.2487 0.6964 0.9948 0.9846
4.4300 0.2749 0.6969 0.9955 0.9848
4.4400 0.3011 0.6975 0.9962 0.9850
4.4500 0.3272 0.6981 0.9968 0.9852
4.4600 0.3532 0.6988 0.9974 0.9855
4.4700 0.3789 0.6996 0.9979 0.9859
4.4800 0.4043 0.7004 0.9983 0.9862
4.4900 0.4291 0.7014 0.9987 0.9866
4.5000 0.4533 0.7024 0.9990 0.9871
4.5100 0.4768 0.7035 0.9993 0.9875
4.5200 0.4995 0.7048 0.9994 0.9880
4.5300 0.5213 0.7062 0.9995 0.9886
4.5400 0.5421 0.7077 0.9995 0.9891
4.5500 0.5617 0.7093 0.9994 0.9897
4.5600 0.5802 0.7111 0.9993 0.9902
4.5700 0.5974 0.7130 0.9991 0.9908
4.5800 0.6134 0.7151 0.9987 0.9914
4.5900 0.6280 0.7173 0.9983 0.9920
4.6000 0.6412 0.7196 0.9978 0.9926
4.6100 0.6529 0.7221 0.9973 0.9932
4.6200 0.6632 0.7248 0.9966 0.9938
4.6300 0.6721 0.7276 0.9959 0.9944
4.6400 0.6795 0.7306 0.9951 0.9949
4.6500 0.6855 0.7338 0.9942 0.9955
4.6600 0.6901 0.7371 0.9932 0.9960
4.6700 0.6932 0.7405 0.9921 0.9965
4.6800 0.6951 0.7441 0.9910 0.9970
4.6900 0.6957 0.7479 0.9898 0.9974
4.7000 0.6951 0.7518 0.9886 0.9979
4.7100 0.6933 0.7559 0.9872 0.9982
4.7200 0.6905 0.7601 0.9859 0.9986
4.7300 0.6866 0.7645 0.9844 0.9989
4.7400 0.6820 0.7690 0.9829 0.9992
4.7500 0.6765 0.7736 0.9814 0.9994
4.7600 0.6703 0.7784 0.9798 0.9996
4.7700 0.6636 0.7832 0.9782 0.9997
4.7800 0.6563 0.7882 0.9766 0.9998
4.7900 0.6488 0.7933 0.9749 0.9999
4.8000 0.6409 0.7985 0.9732 0.9999
4.8100 0.6328 0.8038 0.9715 0.9999
4.8200 0.6247 0.8092 0.9697 0.9998
4.8300 0.6167 0.8146 0.9680 0.9997
4.8400 0.6087 0.8202 0.9663 0.9996
4.8500 0.6010 0.8257 0.9645 0.9994
4.8600 0.5936 0.8314 0.9628 0.9992
4.8700 0.5865 0.8370 0.9611 0.9990
4.8800 0.5799 0.8427 0.9594 0.9987
4.8900 0.5738 0.8485 0.9577 0.9984
4.9000 0.5682 0.8542 0.9561 0.9981
4.9100 0.5633 0.8600 0.9545 0.9978
4.9200 0.5589 0.8657 0.9529 0.9974
4.9300 0.5553 0.8714 0.9514 0.9970
4.9400 0.5523 0.8771 0.9499 0.9967
4.9500 0.5501 0.8828 0.9485 0.9963
4.9600 0.5485 0.8884 0.9472 0.9959
4.9700 0.5476 0.8940 0.9459 0.9955
4.9800 0.5474 0.8995 0.9446 0.9951
4.9900 0.5479 0.9049 0.9434 0.9947
5.0000 0.5491 0.9103 0.9423 0.9943
5.0100 0.5508 0.9156 0.9413 0.9939
5.0200 0.5531 0.9207 0.9403 0.9935
5.0300 0.5560 0.9258 0.9394 0.9932
5.0400 0.5593 0.9307 0.9386 0.9928
5.0500 0.5631 0.9355 0.9379 0.9925
5.0600 0.5673 0.9402 0.9372 0.9922
5.0700 0.5718 0.9447 0.9366 0.9920
5.0800 0.5766 0.9491 0.9361 0.9917
5.0900 0.5817 0.9533 0.9357 0.9915
5.1000 0.5869 0.9574 0.9353 0.9913
5.1100 0.5922 0.9613 0.9351 0.9911
5.1200 0.5976 0.9650 0.9349 0.9910
5.1300 0.6030 0.9685 0.9347 0.9908
5.1400 0.6084 0.9719 0.9347 0.9908
5.1500 0.6138 0.9750 0.9347 0.9907
5.1600 0.6190 0.9780 0.9348 0.9907
5.1700 0.6240 0.9807 0.9349 0.9906
5.1800 0.6289 0.9832 0.9351 0.9907
5.1900 0.6335 0.9856 0.9354 0.9907
5.2000 0.6379 0.9877 0.9357 0.9908
5.2100 0.6420 0.9895 0.9361 0.9908
5.2200 0.6458 0.9912 0.9365 0.9909
5.2300 0.6493 0.9927 0.9370 0.9911
5.2400 0.6525 0.9939 0.9375 0.9912
5.2500 0.6553 0.9949 0.9380 0.9913
5.2600 0.6577 0.9956 0.9385 0.9915
5.2700 0.6598 0.9962 0.9391 0.9917
5.2800 0.6615 0.9965 0.9397 0.9918
5.2900 0.6628 0.9966 0.9403 0.9920
5.3000 0.6638 0.9965 0.9410 0.9922
5.3100 0.6644 0.9961 0.9416 0.9924
5.3200 0.6646 0.9956 0.9422 0.9925
5.3300 0.6644 0.9948 0.9428 0.9927
5.3400 0.6639 0.9938 0.9435 0.9928
5.3500 0.6631 0.9927 0.9441 0.9930
5.3600 0.6619 0.9913 0.9446 0.9931
5.3700 0.6603 0.9897 0.9452 0.9932
5.3800 0.6584 0.9879 0.9457 0.9933
5.3900 0.6561 0.9860 0.9462 0.9934
5.4000 0.6535 0.9838 0.9467 0.9935
5.4100 0.6506 0.9815 0.9471 0.9935
5.4200 0.6474 0.9790 0.9475 0.9936
5.4300 0.6438 0.9764 0.9478 0.9936
5.4400 0.6399 0.9736 0.9481 0.9935
5.4500 0.6357 0.9707 0.9483 0.9935
5.4600 0.6312 0.9676 0.9485 0.9935
5.4700 0.6264 0.9644 0.9486 0.9934
5.4800 0.6212 0.9611 0.9487 0.9933
5.4900 0.6158 0.9577 0.9487 0.9932
5.5000 0.6101 0.9541 0.9487 0.9930
5.5100 0.6042 0.9505 0.9485 0.9929
5.5200 0.5980 0.9468 0.9484 0.9927
5.5300 0.5915 0.9430 0.9481 0.9925
5.5400 0.5849 0.9392 0.9478 0.9923
5.5500 0.5780 0.9352 0.9475 0.9921
5.5600 0.5710 0.9313 0.9471 0.9919
5.5700 0.5638 0.9273 0.9466 0.9917
5.5800 0.5565 0.9232 0.9460 0.9915
5.5900 0.5492 0.9192 0.9454 0.9913
5.6000 0.5418 0.9151 0.9448 0.9911
5.6100 0.5345 0.9110 0.9441 0.9909
5.6200 0.5272 0.9069 0.9434 0.9907
5.6300 0.5200 0.9029 0.9426 0.9905
5.6400 0.5130 0.8988 0.9418 0.9903
5.6500 0.5062 0.8948 0.9409 0.9901
5.6600 0.4997 0.8908 0.9400 0.9900
5.6700 0.4935 0.8869 0.9391 0.9899
5.6800 0.4877 0.8830 0.9381 0.9897
5.6900 0.4823 0.8791 0.9371 0.9897
5.7000 0.4775 0.8754 0.9362 0.9896
5.7100 0.4732 0.8717 0.9352 0.9896
5.7200 0.4695 0.8680 0.9342 0.9896
5.7300 0.4665 0.8645 0.9332 0.9896
5.7400 0.4643 0.8610 0.9322 0.9896
5.7500 0.4628 0.8577 0.9312 0.9897
5.7600 0.4622 0.8544 0.9302 0.9898
5.7700 0.4624 0.8512 0.9293 0.9900
5.7800 0.4634 0.8482 0.9283 0.9901
5.7900 0.4654 0.8452 0.9274 0.9903
5.8000 0.4683 0.8424 0.9266 0.9906
5.8100 0.4722 0.8397 0.9257 0.9908
5.8200 0.4769 0.8371 0.9250 0.9911
5.8300 0.4826 0.8346 0.9242 0.9914
5.8400 0.4892 0.8323 0.9236 0.9917
5.8500 0.4966 0.8300 0.9230 0.9921
5.8600 0.5048 0.8279 0.9224 0.9925
5.8700 0.5138 0.8259 0.9219 0.9929
5.8800 0.5236 0.8240 0.9215 0.9933
5.8900 0.5339 0.8223 0.9212 0.9937
5.9000 0.5448 0.8206 0.9209 0.9941
5.9100 0.5561 0.8191 0.9208 0.9945
5.9200 0.5679 0.8177 0.9207 0.9950
5.9300 0.5798 0.8163 0.9206 0.9954
5.9400 0.5920 0.8151 0.9207 0.9958
5.9500 0.6041 0.8140 0.9209 0.9963
5.9600 0.6161 0.8130 0.9212 0.9967
5.9700 0.6279 0.8121 0.9215 0.9971
5.9800 0.6393 0.8112 0.9219 0.9975
5.9900 0.6503 0.8104 0.9225 0.9978
6.0000 0.6605 0.8097 0.9231 0.9982
6.0100 0.6700 0.8091 0.9238 0.9985
6.0200 0.6786 0.8085 0.9246 0.9988
6.0300 0.6862 0.8079 0.9255 0.9991
6.0400 0.6925 0.8074 0.9265 0.9993
6.0500 0.6976 0.8069 0.9276 0.9995
6.0600 0.7013 0.8064 0.9288 0.9996
6.0700 0.7035 0.8060 0.9300 0.9997
6.0800 0.7041 0.8055 0.9313 0.9998
6.0900 0.7030 0.8050 0.9327 0.9999
6.1000 0.7001 0.8045 0.9342 0.9999
6.1100 0.6954 0.8040 0.9357 0.9998
6.1200 0.6888 0.8035 0.9373 0.9997
6.1300 0.6803 0.8028 0.9390 0.9996
6.1400 0.6699 0.8022 0.9407 0.9994
6.1500 0.6575 0.8014 0.9425 0.9992
6.1600 0.6433 0.8006 0.9443 0.9990
6.1700 0.6271 0.7997 0.9461 0.9987
6.1800 0.6090 0.7987 0.9480 0.9983
6.1900 0.5892 0.7976 0.9500 0.9980
6.2000 0.5676 0.7963 0.9519 0.9976
6.2100 0.5444 0.7950 0.9539 0.9972
6.2200 0.5196 0.7934 0.9558 0.9967
6.2300 0.4933 0.7918 0.9578 0.9962
6.2400 0.4657 0.7899 0.9598 0.9957
6.2500 0.4369 0.7879 0.9618 0.9952
6.2600 0.4070 0.7858 0.9638 0.9946
6.2700 0.3762 0.7834 0.9658 0.9941
6.2800 0.3447 0.7808 0.9677 0.9935
6.2900 0.3125 0.7780 0.9696 0.9930
6.3000 0.2799 0.7750 0.9715 0.9924
6.3100 0.2471 0.7718 0.9734 0.9918
6.3200 0.2141 0.7684 0.9752 0.9913
6.3300 0.1812 0.7647 0.9770 0.9907
6.3400 0.1485 0.7608 0.9787 0.9902
6.3500 0.1162 0.7566 0.9804 0.9896
6.3600 0.0845 0.7522 0.9820 0.9891
6.3700 0.0535 0.7475 0.9835 0.9886
6.3800 0.0233 0.7425 0.9850 0.9882
6.3900 -0.0058 0.7373 0.9865 0.9877
6.4000 -0.0339 0.7318 0.9878 0.9873
6.4100 -0.0607 0.7260 0.9891 0.9870
6.4200 -0.0861 0.7199 0.9903 0.9866
6.4300 -0.1101 0.7135 0.9914 0.9863
6.4400 -0.1326 0.7068 0.9925 0.9860
6.4500 -0.1534 0.6999 0.9934 0.9858
6.4600 -0.1726 0.6926 0.9943 0.9856
6.4700 -0.1901 0.6851 0.9951 0.9855
6.4800 -0.2058 0.6773 0.9958 0.9854
6.4900 -0.2198 0.6691 0.9965 0.9853
6.5000 -0.2320 0.6607 0.9970 0.9853
6.5100 -0.2424 0.6520 0.9975 0.9853
6.5200 -0.2511 0.6430 0.9979 0.9853
6.5300 -0.2580 0.6337 0.9982 0.9854
6.5400 -0.2633 0.6242 0.9984 0.9856
6.5500 -0.2669 0.6143 0.9986 0.9857
6.5600 -0.2690 0.6042 0.9987 0.9859
6.5700 -0.2696 0.5939 0.9987 0.9862
6.5800 -0.2687 0.5833 0.9986 0.9864
6.5900 -0.2665 0.5724 0.9985 0.9867
6.6000 -0.2630 0.5613 0.9983 0.9870
6.6100 -0.2584 0.5500 0.9981 0.9874
6.6200 -0.2527 0.5384 0.9978 0.9877
6.6300 -0.2460 0.5266 0.9974 0.9881
6.6400 -0.2384 0.5146 0.9970 0.9885
6.6500 -0.2301 0.5025 0.9966 0.9889
6.6600 -0.2211 0.4901 0.9961 0.9893
6.6700 -0.2115 0.4776 0.9955 0.9897
6.6800 -0.2015 0.4649 0.9950 0.9901
6.6900 -0.1911 0.4521 0.9944 0.9905
6.7000 -0.1804 0.4392 0.9938 0.9909
6.7100 -0.1695 0.4261 0.9932 0.9913
6.7200 -0.1584 0.4130 0.9925 0.9917
6.7300 -0.1474 0.3997 0.9919 0.9921
6.7400 -0.1363 0.3864 0.9912 0.9924
6.7500 -0.1254 0.3730 0.9905 0.9928
6.7600 -0.1146 0.3596 0.9899 0.9931
6.7700 -0.1040 0.3462 0.9892 0.9934
6.7800 -0.0937 0.3327 0.9886 0.9937
6.7900 -0.0837 0.3193 0.9879 0.9940
6.8000 -0.0741 0.3059 0.9873 0.9943
6.8100 -0.0648 0.2925 0.9867 0.9945
6.8200 -0.0559 0.2791 0.9861 0.9947
6.8300 -0.0475 0.2658 0.9855 0.9949
6.8400 -0.0395 0.2526 0.9850 0.9950
6.8500 -0.0320 0.2395 0.9845 0.9952
6.8600 -0.0249 0.2266 0.9840 0.9953
6.8700 -0.0184 0.2137 0.9835 0.9953
6.8800 -0.0123 0.2010 0.9831 0.9954
6.8900 -0.0067 0.1884 0.9827 0.9955
6.9000 -0.0015 0.1760 0.9823 0.9955
6.9100 0.0031 0.1638 0.9820 0.9955
6.9200 0.0073 0.1518 0.9817 0.9955
6.9300 0.0110 0.1400 0.9814 0.9954
6.9400 0.0143 0.1284 0.9812 0.9954
6.9500 0.0171 0.1171 0.9810 0.9954
6.9600 0.0195 0.1060 0.9808 0.9953
6.9700 0.0215 0.0952 0.9807 0.9952
6.9800 0.0231 0.0847 0.9806 0.9952
6.9900 0.0243 0.0745 0.9805 0.9951
7.0000 0.0251 0.0645 0.9805 0.9950
7.0100 0.0256 0.0549 0.9804 0.9950
7.0200 0.0257 0.0456 0.9804 0.9949
7.0300 0.0255 0.0366 0.9804 0.9949
7.0400 0.0250 0.0280 0.9804 0.9948
7.0500 0.0242 0.0197 0.9804 0.9948
7.0600 0.0232 0.0117 0.9805 0.9948
7.0700 0.0219 0.0042 0.9805 0.9948
7.0800 0.0205 -0.0030 0.9805 0.9948
7.0900 0.0188 -0.0099 0.9806 0.9948
7.1000 0.0170 -0.0163 0.9806 0.9948
7.1100 0.0151 -0.0223 0.9806 0.9949
7.1200 0.0131 -0.0280 0.9806 0.9949
7.1300 0.0111 -0.0333 0.9805 0.9950
7.1400 0.0091 -0.0381 0.9805 0.9951
7.1500 0.0071 -0.0426 0.9804 0.9953
7.1600 0.0052 -0.0466 0.9803 0.9954
7.1700 0.0034 -0.0503 0.9801 0.9956
7.1800 0.0019 -0.0535 0.9799 0.9957
7.1900 0.0006 -0.0564 0.9797 0.9959
7.2000 -0.0005 -0.0588 0.9794 0.9961
7.2100 -0.0011 -0.0608 0.9791 0.9963
7.2200 -0.0014 -0.0625 0.9787 0.9966
7.2300 -0.0012 -0.0637 0.9783 0.9968
7.2400 -0.0005 -0.0646 0.9778 0.9970
7.2500 0.0009 -0.0651 0.9772 0.9973
7.2600 0.0028 -0.0652 0.9766 0.9975
7.2700 0.0055 -0.0649 0.9759 0.9978
7.2800 0.0088 -0.0643 0.9752 0.9980
7.2900 0.0130 -0.0633 0.9743 0.9982
7.3000 0.0181 -0.0620 0.9735 0.9984
7.3100 0.0240 -0.0604 0.9725 0.9986
7.3200 0.0308 -0.0584 0.9715 0.9988
7.3300 0.0386 -0.0562 0.9703 0.9990
7.3400 0.0473 -0.0536 0.9692 0.9992
7.3500 0.0571 -0.0507 0.9679 0.9993
7.3600 0.0679 -0.0476 0.9666 0.9994
7.3700 0.0796 -0.0442 0.9652 0.9995
7.3800 0.0924 -0.0406 0.9637 0.9995
7.3900 0.1062 -0.0368 0.9622 0.9996
7.4000 0.1209 -0.0327 0.9606 0.9996
7.4100 0.1367 -0.0284 0.9590 0.9995
7.4200 0.1533 -0.0240 0.9573 0.9994
7.4300 0.1708 -0.0194 0.9555 0.9993
7.4400 0.1890 -0.0146 0.9537 0.9992
7.4500 0.2081 -0.0097 0.9518 0.9990
7.4600 0.2278 -0.0047 0.9499 0.9988
7.4700 0.2481 0.0004 0.9479 0.9985
7.4800 0.2690 0.0056 0.9459 0.9982
7.4900 0.2902 0.0109 0.9439 0.9979
7.5000 0.3118 0.0162 0.9419 0.9975
7.5100 0.3337 0.0215 0.9398 0.9971
7.5200 0.3556 0.0269 0.9377 0.9966
7.5300 0.3776 0.0323 0.9356 0.9962
7.5400 0.3994 0.0376 0.9335 0.9957
7.5500 0.4211 0.0430 0.9314 0.9951
7.5600 0.4424 0.0482 0.9293 0.9946
7.5700 0.4632 0.0535 0.9272 0.9940
7.5800 0.4836 0.0586 0.9252 0.9934
7.5900 0.5033 0.0636 0.9231 0.9928
7.6000 0.5222 0.0686 0.9211 0.9922
7.6100 0.5402 0.0734 0.9191 0.9915
7.6200 0.5574 0.0781 0.9172 0.9909
7.6300 0.5734 0.0826 0.9153 0.9902
7.6400 0.5884 0.0870 0.9135 0.9896
7.6500 0.6022 0.0911 0.9117 0.9890
7.6600 0.6147 0.0951 0.9100 0.9883
7.6700 0.6260 0.0989 0.9084 0.9877
7.6800 0.6359 0.1025 0.9068 0.9871
7.6900 0.6444 0.1058 0.9053 0.9865
7.7000 0.6516 0.1089 0.9039 0.9860
7.7100 0.6574 0.1117 0.9026 0.9854
7.7200 0.6617 0.1143 0.9014 0.9849
7.7300 0.6647 0.1166 0.9003 0.9845
7.7400 0.6663 0.1187 0.8993 0.9840
7.7500 0.6666 0.1204 0.8984 0.9836
7.7600 0.6656 0.1219 0.8976 0.9833
7.7700 0.6633 0.1230 0.8969 0.9830
7.7800 0.6599 0.1239 0.8963 0.9827
7.7900 0.6554 0.1244 0.8958 0.9825
7.8000 0.6498 0.1246 0.8955 0.9823
7.8100 0.6433 0.1245 0.8953 0.9822
7.8200 0.6360 0.1240 0.8952 0.9821
7.8300 0.6278 0.1232 0.8952 0.9820
7.8400 0.6190 0.1221 0.8953 0.9820
7.8500 0.6097 0.1207 0.8955 0.9821
7.8600 0.5998 0.1189 0.8959 0.9822
7.8700 0.5896 0.1168 0.8964 0.9824
7.8800 0.5791 0.1144 0.8970 0.9826
7.8900 0.5684 0.1116 0.8977 0.9828
7.9000 0.5577 0.1085 0.8985 0.9831
7.9100 0.5470 0.1051 0.8994 0.9834
7.9200 0.5364 0.1013 0.9005 0.9838
7.9300 0.5259 0.0973 0.9016 0.9842
7.9400 0.5157 0.0929 0.9028 0.9847
7.9500 0.5059 0.0883 0.9042 0.9851
7.9600 0.4964 0.0834 0.9056 0.9856
7.9700 0.4874 0.0781 0.9071 0.9861
7.9800 0.4789 0.0726 0.9087 0.9867
7.9900 0.4709 0.0669 0.9103 0.9872
8.0000 0.4635 0.0609 0.9121 0.9878
8.0100 0.4567 0.0547 0.9139 0.9884
8.0200 0.4505 0.0482 0.9157 0.9890
8.0300 0.4449 0.0415 0.9177 0.9896
8.0400 0.4399 0.0346 0.9196 0.9902
8.0500 0.4355 0.0276 0.9216 0.9908
8.0600 0.4317 0.0204 0.9237 0.9914
8.0700 0.4285 0.0130 0.9257 0.9919
8.0800 0.4258 0.0055 0.9278 0.9925
8.0900 0.4235 -0.0022 0.9300 0.9931
8.1000 0.4218 -0.0099 0.9321 0.9936
8.1100 0.4205 -0.0177 0.9342 0.9941
8.1200 0.4195 -0.0256 0.9364 0.9946
8.1300 0.4189 -0.0336 0.9385 0.9951
8.1400 0.4185 -0.0416 0.9407 0.9955
8.1500 0.4183 -0.0496 0.9428 0.9959
8.1600 0.4183 -0.0576 0.9449 0.9963
8.1700 0.4184 -0.0656 0.9469 0.9967
8.1800 0.4186 -0.0736 0.9490 0.9970
8.1900 0.4187 -0.0815 0.9510 0.9973
8.2000 0.4188 -0.0894 0.9529 0.9975
8.2100 0.4188 -0.0972 0.9548 0.9978
8.2200 0.4187 -0.1048 0.9567 0.9979
8.2300 0.4183 -0.1124 0.9585 0.9981
8.2400 0.4177 -0.1198 0.9603 0.9982
8.2500 0.4169 -0.1271 0.9620 0.9983
8.2600 0.4158 -0.1342 0.9636 0.9984
8.2700 0.4143 -0.1411 0.9652 0.9985
8.2800 0.4125 -0.1478 0.9667 0.9985
8.2900 0.4104 -0.1543 0.9681 0.9985
8.3000 0.4078 -0.1605 0.9695 0.9985
8.3100 0.4049 -0.1665 0.9708 0.9984
8.3200 0.4016 -0.1723 0.9720 0.9984
8.3300 0.3978 -0.1777 0.9731 0.9983
8.3400 0.3937 -0.1829 0.9742 0.9982
8.3500 0.3892 -0.1878 0.9752 0.9981
8.3600 0.3843 -0.1923 0.9761 0.9980
8.3700 0.3790 -0.1966 0.9770 0.9979
8.3800 0.3734 -0.2004 0.9778 0.9978
8.3900 0.3674 -0.2040 0.9785 0.9977
8.4000 0.3610 -0.2071 0.9791 0.9976
8.4100 0.3543 -0.2099 0.9797 0.9975
8.4200 0.3474 -0.2123 0.9803 0.9973
8.4300 0.3401 -0.2143 0.9807 0.9972
8.4400 0.3325 -0.2159 0.9811 0.9972
8.4500 0.3247 -0.2171 0.9815 0.9971
8.4600 0.3166 -0.2179 0.9818 0.9970
8.4700 0.3083 -0.2182 0.9820 0.9969
8.4800 0.2998 -0.2182 0.9822 0.9969
8.4900 0.2912 -0.2176 0.9824 0.9968
8.5000 0.2823 -0.2167 0.9825 0.9968
8.5100 0.2733 -0.2153 0.9826 0.9968
8.5200 0.2641 -0.2134 0.9826 0.9968
8.5300 0.2548 -0.2111 0.9827 0.9968
8.5400 0.2454 -0.2083 0.9827 0.9969
8.5500 0.2359 -0.2051 0.9827 0.9969
8.5600 0.2263 -0.2015 0.9826 0.9969
8.5700 0.2166 -0.1973 0.9826 0.9970
8.5800 0.2069 -0.1928 0.9826 0.9971
8.5900 0.1972 -0.1878 0.9825 0.9972
8.6000 0.1875 -0.1823 0.9825 0.9972
8.6100 0.1779 -0.1764 0.9824 0.9973
8.6200 0.1682 -0.1701 0.9824 0.9974
8.6300 0.1587 -0.1634 0.9824 0.9975
8.6400 0.1493 -0.1562 0.9823 0.9976
8.6500 0.1401 -0.1486 0.9824 0.9977
8.6600 0.1310 -0.1406 0.9824 0.9978
8.6700 0.1222 -0.1323 0.9824 0.9978
8.6800 0.1136 -0.1235 0.9825 0.9979
8.6900 0.1054 -0.1144 0.9826 0.9979
8.7000 0.0975 -0.1049 0.9827 0.9980
8.7100 0.0900 -0.0951 0.9828 0.9980
8.7200 0.0831 -0.0849 0.9830 0.9980
8.7300 0.0766 -0.0744 0.9832 0.9979
8.7400 0.0708 -0.0636 0.9835 0.9979
8.7500 0.0656 -0.0525 0.9837 0.9978
8.7600 0.0610 -0.0411 0.9840 0.9977
8.7700 0.0573 -0.0295 0.9844 0.9976
8.7800 0.0544 -0.0176 0.9847 0.9974
8.7900 0.0523 -0.0055 0.9851 0.9972
8.8000 0.0512 0.0069 0.9855 0.9970
8.8100 0.0510 0.0195 0.9860 0.9968
8.8200 0.0519 0.0322 0.9865 0.9965
8.8300 0.0538 0.0451 0.9870 0.9962
8.8400 0.0569 0.0582 0.9875 0.9959
8.8500 0.0611 0.0714 0.9880 0.9955
8.8600 0.0664 0.0847 0.9886 0.9951
8.8700 0.0729 0.0981 0.9891 0.9947
8.8800 0.0806 0.1116 0.9897 0.9943
8.8900 0.0895 0.1252 0.9903 0.9938
8.9000 0.0996 0.1388 0.9909 0.9933
8.9100 0.1108 0.1525 0.9915 0.9928
8.9200 0.1232 0.1662 0.9921 0.9923
8.9300 0.1367 0.1799 0.9926 0.9917
8.9400 0.1512 0.1936 0.9932 0.9912
8.9500 0.1667 0.2072 0.9938 0.9906
8.9600 0.1832 0.2208 0.9943 0.9901
8.9700 0.2005 0.2344 0.9948 0.9895
8.9800 0.2186 0.2479 0.9953 0.9890
8.9900 0.2373 0.2612 0.9957 0.9884
9.0000 0.2566 0.2745 0.9961 0.9878
9.0100 0.2764 0.2877 0.9965 0.9873
9.0200 0.2965 0.3007 0.9968 0.9868
9.0300 0.3169 0.3136 0.9971 0.9863
9.0400 0.3373 0.3263 0.9973 0.9858
9.0500 0.3576 0.3389 0.9975 0.9853
9.0600 0.3778 0.3513 0.9976 0.9849
9.0700 0.3977 0.3634 0.9977 0.9845
9.0800 0.4170 0.3754 0.9977 0.9841
9.0900 0.4358 0.3872 0.9976 0.9838
9.1000 0.4539 0.3987 0.9975 0.9834
9.1100 0.4710 0.4100 0.9972 0.9832
9.1200 0.4872 0.4210 0.9969 0.9830
9.1300 0.5022 0.4318 0.9966 0.9828
9.1400 0.5160 0.4423 0.9961 0.9827
9.1500 0.5285 0.4525 0.9956 0.9826
9.1600 0.5395 0.4625 0.9950 0.9825
9.1700 0.5489 0.4721 0.9943 0.9825
9.1800 0.5568 0.4815 0.9935 0.9826
9.1900 0.5629 0.4906 0.9927 0.9827
9.2000 0.5674 0.4994 0.9917 0.9828
9.2100 0.5701 0.5078 0.9907 0.9830
9.2200 0.5710 0.5160 0.9896 0.9833
9.2300 0.5700 0.5238 0.9885 0.9836
9.2400 0.5673 0.5314 0.9872 0.9839
9.2500 0.5629 0.5386 0.9859 0.9842
9.2600 0.5566 0.5455 0.9845 0.9847
9.2700 0.5487 0.5521 0.9831 0.9851
9.2800 0.5392 0.5584 0.9815 0.9856
9.2900 0.5281 0.5644 0.9800 0.9861
9.3000 0.5156 0.5700 0.9783 0.9866
9.3100 0.5017 0.5754 0.9766 0.9872
9.3200 0.4866 0.5804 0.9748 0.9877
9.3300 0.4703 0.5852 0.9730 0.9883
9.3400 0.4531 0.5897 0.9712 0.9889
9.3500 0.4350 0.5939 0.9693 0.9896
9.3600 0.4162 0.5978 0.9674 0.9902
9.3700 0.3968 0.6015 0.9655 0.9908
9.3800 0.3771 0.6048 0.9635 0.9915
9.3900 0.3571 0.6080 0.9615 0.9921
9.4000 0.3370 0.6109 0.9595 0.9927
9.4100 0.3170 0.6135 0.9575 0.9933
9.4200 0.2973 0.6159 0.9555 0.9939
9.4300 0.2779 0.6182 0.9535 0.9945
9.4400 0.2591 0.6202 0.9515 0.9951
9.4500 0.2409 0.6220 0.9495 0.9956
9.4600 0.2235 0.6236 0.9476 0.9961
9.4700 0.2071 0.6251 0.9456 0.9966
9.4800 0.1917 0.6264 0.9437 0.9970
9.4900 0.1775 0.6275 0.9419 0.9974
9.5000 0.1645 0.6285 0.9400 0.9978
9.5100 0.1528 0.6294 0.9383 0.9982
9.5200 0.1426 0.6301 0.9366 0.9985
9.5300 0.1338 0.6308 0.9349 0.9988
9.5400 0.1265 0.6314 0.9333 0.9990
9.5500 0.1208 0.6319 0.9317 0.9992
9.5600 0.1166 0.6323 0.9303 0.9993
9.5700 0.1139 0.6327 0.9289 0.9995
9.5800 0.1128 0.6330 0.9276 0.9995
9.5900 0.1133 0.6333 0.9263 0.9996
9.6000 0.1153 0.6336 0.9252 0.9996
9.6100 0.1187 0.6339 0.9241 0.9996
9.6200 0.1235 0.6342 0.9231 0.9995
9.6300 0.1297 0.6345 0.9223 0.9994
9.6400 0.1371 0.6348 0.9215 0.9993
9.6500 0.1457 0.6351 0.9208 0.9992
9.6600 0.1555 0.6355 0.9201 0.9990
9.6700 0.1662 0.6360 0.9196 0.9988
9.6800 0.1779 0.6365 0.9192 0.9986
9.6900 0.1903 0.6371 0.9189 0.9984
9.7000 0.2035 0.6378 0.9186 0.9981
9.7100 0.2173 0.6386 0.9185 0.9979
9.7200 0.2316 0.6395 0.9185 0.9976
9.7300 0.2462 0.6405 0.9185 0.9973
9.7400 0.2612 0.6416 0.9186 0.9970
9.7500 0.2763 0.6428 0.9188 0.9968
9.7600 0.2915 0.6442 0.9191 0.9965
9.7700 0.3067 0.6457 0.9195 0.9962
9.7800 0.3218 0.6473 0.9200 0.9959
9.7900 0.3366 0.6491 0.9205 0.9957
9.8000 0.3512 0.6511 0.9211 0.9954
9.8100 0.3655 0.6532 0.9217 0.9952
9.8200 0.3793 0.6555 0.9225 0.9950
9.8300 0.3926 0.6579 0.9232 0.9948
9.8400 0.4053 0.6606 0.9241 0.9946
9.8500 0.4175 0.6634 0.9250 0.9944
9.8600 0.4290 0.6663 0.9259 0.9943
9.8700 0.4398 0.6695 0.9268 0.9942
9.8800 0.4499 0.6728 0.9278 0.9940
9.8900 0.4593 0.6763 0.9289 0.9940
9.9000 0.4679 0.6800 0.9299 0.9939
9.9100 0.4757 0.6838 0.9310 0.9938
9.9200 0.4827 0.6879 0.9321 0.9938
9.9300 0.4890 0.6921 0.9331 0.9938
9.9400 0.4945 0.6964 0.9342 0.9938
9.9500 0.4991 0.7010 0.9353 0.9938
9.9600 0.5030 0.7057 0.9364 0.9938
9.9700 0.5062 0.7106 0.9375 0.9939
9.9800 0.5086 0.7156 0.9385 0.9939
9.9900 0.5103 0.7208 0.9395 0.9940
10.0000 0.5112 0.7261 0.9405 0.9941
