 t	 x	 y	 z	 w	 q
0.0000 0.1657 0.3768 0.3153 0.1232 0.0190
0.0500 0.1654 0.3730 0.3080 0.1180 0.0177
0.1000 0.1643 0.3618 0.2866 0.1036 0.0144
0.1500 0.1627 0.3437 0.2537 0.0827 0.0100
0.2000 0.1604 0.3197 0.2128 0.0592 0.0057
0.2500 0.1575 0.2910 0.1683 0.0373 0.0027
0.3000 0.1541 0.2592 0.1248 0.0207 0.0016
0.3500 0.1503 0.2256 0.0863 0.0116 0.0025
0.4000 0.1460 0.1920 0.0564 0.0110 0.0048
0.4500 0.1413 0.1598 0.0370 0.0178 0.0078
0.5000 0.1365 0.1303 0.0291 0.0300 0.0107
0.5500 0.1314 0.1046 0.0321 0.0448 0.0126
0.6000 0.1263 0.0835 0.0446 0.0595 0.0134
0.6500 0.1211 0.0676 0.0642 0.0718 0.0131
0.7000 0.1161 0.0569 0.0880 0.0802 0.0120
0.7500 0.1112 0.0514 0.1136 0.0842 0.0105
0.8000 0.1066 0.0506 0.1383 0.0840 0.0091
0.8500 0.1023 0.0539 0.1603 0.0804 0.0081
0.9000 0.0984 0.0608 0.1784 0.0746 0.0075
0.9500 0.0950 0.0702 0.1919 0.0678 0.0074
1.0000 0.0921 0.0815 0.2006 0.0608 0.0076
1.0500 0.0899 0.0938 0.2047 0.0546 0.0079
1.1000 0.0882 0.1066 0.2048 0.0497 0.0081
1.1500 0.0872 0.1194 0.2012 0.0463 0.0080
1.2000 0.0868 0.1317 0.1946 0.0443 0.0077
1.2500 0.0871 0.1435 0.1855 0.0437 0.0072
1.3000 0.0881 0.1545 0.1744 0.0439 0.0066
1.3500 0.0897 0.1649 0.1617 0.0445 0.0062
1.4000 0.0919 0.1748 0.1482 0.0447 0.0061
1.4500 0.0946 0.1841 0.1343 0.0442 0.0066
1.5000 0.0979 0.1930 0.1209 0.0429 0.0074
1.5500 0.1017 0.2015 0.1085 0.0408 0.0085
1.6000 0.1059 0.2094 0.0979 0.0386 0.0094
1.6500 0.1103 0.2167 0.0894 0.0369 0.0100
1.7000 0.1151 0.2229 0.0832 0.0365 0.0101
1.7500 0.1200 0.2278 0.0792 0.0379 0.0095
1.8000 0.1249 0.2310 0.0771 0.0414 0.0085
1.8500 0.1299 0.2320 0.0763 0.0465 0.0072
1.9000 0.1347 0.2304 0.0764 0.0525 0.0058
1.9500 0.1394 0.2261 0.0768 0.0583 0.0046
2.0000 0.1438 0.2187 0.0773 0.0627 0.0036
2.0500 0.1479 0.2084 0.0780 0.0648 0.0031
2.1000 0.1516 0.1954 0.0791 0.0641 0.0032
2.1500 0.1548 0.1800 0.0812 0.0605 0.0038
2.2000 0.1575 0.1627 0.0850 0.0544 0.0050
2.2500 0.1597 0.1444 0.0911 0.0466 0.0064
2.3000 0.1612 0.1256 0.0998 0.0378 0.0079
2.3500 0.1621 0.1074 0.1110 0.0291 0.0091
2.4000 0.1624 0.0905 0.1241 0.0212 0.0099
2.4500 0.1620 0.0757 0.1380 0.0151 0.0101
2.5000 0.1610 0.0635 0.1511 0.0113 0.0096
2.5500 0.1594 0.0545 0.1617 0.0105 0.0086
2.6000 0.1572 0.0488 0.1682 0.0130 0.0073
2.6500 0.1545 0.0464 0.1694 0.0191 0.0058
2.7000 0.1513 0.0471 0.1646 0.0283 0.0043
2.7500 0.1476 0.0505 0.1538 0.0398 0.0030
2.8000 0.1436 0.0559 0.1377 0.0524 0.0021
2.8500 0.1393 0.0626 0.1181 0.0642 0.0017
2.9000 0.1348 0.0698 0.0967 0.0733 0.0020
2.9500 0.1302 0.0769 0.0759 0.0779 0.0031
3.0000 0.1255 0.0832 0.0577 0.0771 0.0050
3.0500 0.1208 0.0881 0.0438 0.0706 0.0074
3.1000 0.1163 0.0913 0.0351 0.0594 0.0097
3.1500 0.1119 0.0927 0.0321 0.0455 0.0114
3.2000 0.1079 0.0924 0.0342 0.0313 0.0119
3.2500 0.1041 0.0908 0.0405 0.0191 0.0112
3.3000 0.1008 0.0884 0.0496 0.0110 0.0093
3.3500 0.0980 0.0857 0.0603 0.0079 0.0067
3.4000 0.0956 0.0834 0.0714 0.0098 0.0043
3.4500 0.0938 0.0823 0.0821 0.0156 0.0026
3.5000 0.0926 0.0829 0.0921 0.0238 0.0019
3.5500 0.0920 0.0856 0.1018 0.0324 0.0024
3.6000 0.0920 0.0908 0.1115 0.0402 0.0037
3.6500 0.0927 0.0985 0.1218 0.0464 0.0052
3.7000 0.0939 0.1085 0.1331 0.0508 0.0065
3.7500 0.0956 0.1203 0.1455 0.0541 0.0073
3.8000 0.0980 0.1332 0.1584 0.0568 0.0076
3.8500 0.1008 0.1465 0.1707 0.0594 0.0077
3.9000 0.1040 0.1591 0.1810 0.0622 0.0078
3.9500 0.1076 0.1701 0.1875 0.0645 0.0081
4.0000 0.1116 0.1787 0.1885 0.0656 0.0085
4.0500 0.1158 0.1839 0.1827 0.0644 0.0088
4.1000 0.1201 0.1852 0.1698 0.0602 0.0089
4.1500 0.1245 0.1823 0.1498 0.0530 0.0084
4.2000 0.1290 0.1750 0.1243 0.0435 0.0075
4.2500 0.1333 0.1635 0.0953 0.0330 0.0062
4.3000 0.1375 0.1484 0.0657 0.0232 0.0050
4.3500 0.1415 0.1304 0.0386 0.0161 0.0041
4.4000 0.1452 0.1104 0.0169 0.0129 0.0038
4.4500 0.1485 0.0894 0.0031 0.0145 0.0043
4.5000 0.1514 0.0687 -0.0010 0.0206 0.0052
4.5500 0.1538 0.0492 0.0051 0.0304 0.0064
4.6000 0.1556 0.0321 0.0209 0.0421 0.0075
4.6500 0.1570 0.0180 0.0450 0.0539 0.0083
4.7000 0.1577 0.0076 0.0750 0.0642 0.0087
4.7500 0.1578 0.0011 0.1082 0.0715 0.0087
4.8000 0.1574 -0.0012 0.1415 0.0751 0.0085
4.8500 0.1564 0.0003 0.1720 0.0747 0.0081
4.9000 0.1548 0.0052 0.1973 0.0708 0.0077
4.9500 0.1527 0.0130 0.2157 0.0641 0.0075
5.0000 0.1500 0.0228 0.2260 0.0557 0.0075
5.0500 0.1470 0.0338 0.2277 0.0470 0.0075
5.1000 0.1435 0.0453 0.2213 0.0390 0.0074
5.1500 0.1397 0.0565 0.2075 0.0328 0.0069
5.2000 0.1357 0.0669 0.1875 0.0291 0.0061
5.2500 0.1315 0.0760 0.1631 0.0279 0.0049
5.3000 0.1271 0.0835 0.1360 0.0290 0.0038
5.3500 0.1228 0.0895 0.1082 0.0318 0.0030
5.4000 0.1185 0.0940 0.0815 0.0353 0.0030
5.4500 0.1143 0.0973 0.0580 0.0386 0.0040
5.5000 0.1103 0.0998 0.0394 0.0409 0.0059
5.5500 0.1066 0.1019 0.0270 0.0419 0.0083
5.6000 0.1033 0.1041 0.0220 0.0417 0.0106
5.6500 0.1003 0.1067 0.0247 0.0410 0.0122
5.7000 0.0979 0.1100 0.0348 0.0407 0.0126
5.7500 0.0959 0.1141 0.0515 0.0416 0.0115
5.8000 0.0945 0.1190 0.0729 0.0443 0.0093
5.8500 0.0937 0.1245 0.0970 0.0486 0.0064
5.9000 0.0934 0.1304 0.1211 0.0538 0.0034
5.9500 0.0938 0.1363 0.1427 0.0586 0.0011
6.0000 0.0947 0.1417 0.1594 0.0616 -0.0001
6.0500 0.0962 0.1461 0.1697 0.0613 -0.0000
6.1000 0.0983 0.1491 0.1725 0.0571 0.0014
6.1500 0.1009 0.1503 0.1681 0.0493 0.0037
6.2000 0.1039 0.1496 0.1574 0.0388 0.0065
6.2500 0.1074 0.1468 0.1425 0.0274 0.0093
6.3000 0.1112 0.1420 0.1256 0.0170 0.0113
6.3500 0.1153 0.1355 0.1093 0.0094 0.0123
6.4000 0.1196 0.1277 0.0959 0.0059 0.0119
6.4500 0.1240 0.1192 0.0870 0.0067 0.0102
6.5000 0.1285 0.1105 0.0835 0.0114 0.0077
6.5500 0.1330 0.1022 0.0852 0.0189 0.0049
6.6000 0.1373 0.0949 0.0910 0.0276 0.0026
6.6500 0.1415 0.0892 0.0991 0.0364 0.0013
6.7000 0.1454 0.0853 0.1074 0.0441 0.0015
6.7500 0.1490 0.0834 0.1136 0.0502 0.0028
6.8000 0.1521 0.0837 0.1160 0.0545 0.0048
6.8500 0.1549 0.0859 0.1134 0.0570 0.0067
6.9000 0.1571 0.0897 0.1058 0.0578 0.0079
6.9500 0.1587 0.0946 0.0939 0.0567 0.0081
7.0000 0.1598 0.1001 0.0792 0.0535 0.0073
7.0500 0.1602 0.1057 0.0638 0.0479 0.0061
7.1000 0.1601 0.1109 0.0500 0.0398 0.0050
7.1500 0.1593 0.1152 0.0398 0.0298 0.0047
7.2000 0.1579 0.1183 0.0349 0.0188 0.0052
7.2500 0.1560 0.1200 0.0361 0.0081 0.0066
7.3000 0.1535 0.1206 0.0434 -0.0004 0.0081
7.3500 0.1504 0.1201 0.0558 -0.0051 0.0093
7.4000 0.1470 0.1191 0.0720 -0.0050 0.0096
7.4500 0.1431 0.1182 0.0899 0.0002 0.0088
7.5000 0.1389 0.1180 0.1076 0.0099 0.0071
7.5500 0.1344 0.1192 0.1232 0.0225 0.0050
7.6000 0.1298 0.1225 0.1353 0.0360 0.0031
7.6500 0.1250 0.1284 0.1430 0.0482 0.0019
7.7000 0.1203 0.1373 0.1459 0.0574 0.0017
7.7500 0.1156 0.1494 0.1441 0.0624 0.0026
7.8000 0.1110 0.1645 0.1382 0.0628 0.0043
7.8500 0.1067 0.1823 0.1289 0.0591 0.0063
7.9000 0.1027 0.2022 0.1171 0.0522 0.0083
7.9500 0.0991 0.2232 0.1035 0.0435 0.0099
8.0000 0.0960 0.2443 0.0889 0.0344 0.0107
8.0500 0.0933 0.2644 0.0738 0.0258 0.0107
8.1000 0.0912 0.2824 0.0588 0.0187 0.0100
8.1500 0.0897 0.2970 0.0446 0.0134 0.0087
8.2000 0.0888 0.3072 0.0317 0.0103 0.0072
8.2500 0.0885 0.3124 0.0210 0.0093 0.0058
8.3000 0.0889 0.3119 0.0133 0.0104 0.0046
8.3500 0.0899 0.3056 0.0096 0.0134 0.0039
8.4000 0.0916 0.2937 0.0104 0.0179 0.0036
8.4500 0.0938 0.2765 0.0161 0.0236 0.0037
8.5000 0.0967 0.2548 0.0267 0.0299 0.0042
8.5500 0.1000 0.2297 0.0416 0.0362 0.0050
8.6000 0.1038 0.2024 0.0597 0.0419 0.0060
8.6500 0.1080 0.1742 0.0793 0.0466 0.0071
8.7000 0.1125 0.1464 0.0987 0.0499 0.0084
8.7500 0.1173 0.1202 0.1159 0.0518 0.0094
8.8000 0.1223 0.0970 0.1291 0.0523 0.0102
8.8500 0.1273 0.0776 0.1371 0.0514 0.0104
8.9000 0.1323 0.0627 0.1391 0.0493 0.0100
8.9500 0.1372 0.0528 0.1350 0.0461 0.0089
9.0000 0.1420 0.0480 0.1255 0.0418 0.0075
9.0500 0.1465 0.0482 0.1117 0.0367 0.0060
9.1000 0.1506 0.0531 0.0951 0.0310 0.0048
9.1500 0.1544 0.0622 0.0774 0.0255 0.0040
9.2000 0.1576 0.0748 0.0601 0.0208 0.0038
9.2500 0.1604 0.0901 0.0445 0.0179 0.0041
9.3000 0.1625 0.1073 0.0313 0.0174 0.0047
9.3500 0.1640 0.1258 0.0211 0.0197 0.0054
9.4000 0.1649 0.1448 0.0139 0.0246 0.0061
9.4500 0.1652 0.1638 0.0095 0.0313 0.0069
9.5000 0.1647 0.1823 0.0077 0.0386 0.0077
9.5500 0.1636 0.2000 0.0082 0.0452 0.0086
9.6000 0.1618 0.2167 0.0108 0.0498 0.0094
9.6500 0.1595 0.2321 0.0155 0.0518 0.0099
9.7000 0.1565 0.2461 0.0225 0.0513 0.0099
9.7500 0.1530 0.2587 0.0316 0.0490 0.0092
9.8000 0.1491 0.2698 0.0428 0.0462 0.0079
9.8500 0.1447 0.2791 0.0557 0.0441 0.0062
9.9000 0.1401 0.2865 0.0695 0.0436 0.0045
9.9500 0.1351 0.2916 0.0831 0.0451 0.0033
10.0000 0.1301 0.2942 0.0951 0.0479 0.0027
