 t	 x	 y	 z	 w
0.0000 0.0000 -0.0000 0.0000 -0.0000
0.0100 0.0206 0.0029 0.0024 0.0022
0.0200 0.0652 0.0098 0.0082 0.0076
0.0300 0.1231 0.0197 0.0165 0.0153
0.0400 0.1883 0.0320 0.0268 0.0249
0.0500 0.2562 0.0463 0.0389 0.0361
0.0600 0.3233 0.0622 0.0524 0.0486
0.0700 0.3870 0.0797 0.0671 0.0622
0.0800 0.4455 0.0982 0.0829 0.0768
0.0900 0.4974 0.1178 0.0995 0.0921
0.1000 0.5423 0.1382 0.1168 0.1081
0.1100 0.5799 0.1591 0.1346 0.1245
0.1200 0.6106 0.1805 0.1528 0.1412
0.1300 0.6349 0.2023 0.1713 0.1582
0.1400 0.6534 0.2242 0.1901 0.1754
0.1500 0.6672 0.2462 0.2089 0.1927
0.1600 0.6770 0.2682 0.2277 0.2100
0.1700 0.6837 0.2901 0.2465 0.2273
0.1800 0.6880 0.3117 0.2652 0.2445
0.1900 0.6906 0.3331 0.2837 0.2616
0.2000 0.6920 0.3541 0.3019 0.2786
0.2100 0.6926 0.3746 0.3199 0.2953
0.2200 0.6927 0.3947 0.3376 0.3119
0.2300 0.6926 0.4143 0.3549 0.3282
0.2400 0.6923 0.4332 0.3718 0.3442
0.2500 0.6919 0.4516 0.3884 0.3600
0.2600 0.6916 0.4694 0.4045 0.3754
0.2700 0.6913 0.4864 0.4202 0.3906
0.2800 0.6910 0.5028 0.4355 0.4053
0.2900 0.6907 0.5185 0.4503 0.4197
0.3000 0.6905 0.5335 0.4646 0.4337
0.3100 0.6904 0.5478 0.4784 0.4472
0.3200 0.6902 0.5614 0.4917 0.4603
0.3300 0.6901 0.5742 0.5046 0.4730
0.3400 0.6900 0.5863 0.5169 0.4851
0.3500 0.6898 0.5977 0.5287 0.4967
0.3600 0.6897 0.6084 0.5400 0.5077
0.3700 0.6896 0.6183 0.5508 0.5183
0.3800 0.6896 0.6276 0.5610 0.5282
0.3900 0.6895 0.6362 0.5707 0.5376
0.4000 0.6894 0.6441 0.5799 0.5464
0.4100 0.6893 0.6513 0.5885 0.5547
0.4200 0.6892 0.6579 0.5966 0.5624
0.4300 0.6892 0.6638 0.6041 0.5695
0.4400 0.6891 0.6692 0.6112 0.5761
0.4500 0.6890 0.6739 0.6177 0.5822
0.4600 0.6890 0.6781 0.6237 0.5878
0.4700 0.6890 0.6817 0.6292 0.5928
0.4800 0.6889 0.6847 0.6343 0.5974
0.4900 0.6889 0.6873 0.6389 0.6016
0.5000 0.6889 0.6893 0.6430 0.6053
0.5100 0.6889 0.6909 0.6467 0.6085
0.5200 0.6888 0.6920 0.6500 0.6114
0.5300 0.6889 0.6928 0.6529 0.6139
0.5400 0.6889 0.6931 0.6555 0.6161
0.5500 0.6889 0.6931 0.6576 0.6179
0.5600 0.6889 0.6928 0.6595 0.6194
0.5700 0.6889 0.6922 0.6610 0.6205
0.5800 0.6890 0.6914 0.6623 0.6214
0.5900 0.6890 0.6904 0.6633 0.6219
0.6000 0.6891 0.6892 0.6639 0.6221
0.6100 0.6892 0.6879 0.6644 0.6221
0.6200 0.6892 0.6865 0.6645 0.6217
0.6300 0.6893 0.6851 0.6644 0.6210
0.6400 0.6894 0.6837 0.6641 0.6200
0.6500 0.6895 0.6823 0.6635 0.6187
0.6600 0.6896 0.6810 0.6627 0.6171
0.6700 0.6897 0.6798 0.6616 0.6151
0.6800 0.6898 0.6788 0.6602 0.6127
0.6900 0.6899 0.6779 0.6586 0.6099
0.7000 0.6900 0.6772 0.6567 0.6068
0.7100 0.6901 0.6767 0.6545 0.6032
0.7200 0.6902 0.6764 0.6520 0.5992
0.7300 0.6903 0.6764 0.6492 0.5947
0.7400 0.6904 0.6766 0.6461 0.5897
0.7500 0.6905 0.6770 0.6427 0.5843
0.7600 0.6906 0.6776 0.6389 0.5783
0.7700 0.6907 0.6784 0.6348 0.5718
0.7800 0.6908 0.6794 0.6302 0.5647
0.7900 0.6909 0.6805 0.6253 0.5571
0.8000 0.6910 0.6817 0.6200 0.5490
0.8100 0.6911 0.6831 0.6143 0.5403
0.8200 0.6912 0.6845 0.6081 0.5310
0.8300 0.6912 0.6859 0.6014 0.5212
0.8400 0.6913 0.6873 0.5943 0.5108
0.8500 0.6914 0.6887 0.5867 0.4999
0.8600 0.6914 0.6899 0.5785 0.4885
0.8700 0.6915 0.6910 0.5698 0.4766
0.8800 0.6916 0.6919 0.5606 0.4642
0.8900 0.6916 0.6926 0.5508 0.4513
0.9000 0.6917 0.6930 0.5404 0.4380
0.9100 0.6917 0.6931 0.5295 0.4242
0.9200 0.6917 0.6929 0.5179 0.4101
0.9300 0.6918 0.6923 0.5056 0.3956
0.9400 0.6918 0.6913 0.4928 0.3807
0.9500 0.6918 0.6898 0.4793 0.3654
0.9600 0.6919 0.6879 0.4652 0.3499
0.9700 0.6919 0.6855 0.4504 0.3340
0.9800 0.6919 0.6827 0.4350 0.3178
0.9900 0.6919 0.6793 0.4191 0.3014
1.0000 0.6920 0.6754 0.4025 0.2847
1.0100 0.6920 0.6710 0.3854 0.2678
1.0200 0.6920 0.6660 0.3677 0.2508
1.0300 0.6920 0.6605 0.3496 0.2335
1.0400 0.6920 0.6545 0.3311 0.2162
1.0500 0.6921 0.6480 0.3122 0.1987
1.0600 0.6921 0.6409 0.2930 0.1813
1.0700 0.6921 0.6333 0.2736 0.1639
1.0800 0.6921 0.6252 0.2540 0.1467
1.0900 0.6922 0.6166 0.2343 0.1297
1.1000 0.6922 0.6075 0.2147 0.1131
1.1100 0.6922 0.5978 0.1952 0.0969
1.1200 0.6923 0.5877 0.1760 0.0812
1.1300 0.6923 0.5771 0.1571 0.0663
1.1400 0.6923 0.5661 0.1387 0.0523
1.1500 0.6924 0.5545 0.1208 0.0394
1.1600 0.6924 0.5425 0.1037 0.0278
1.1700 0.6925 0.5301 0.0875 0.0177
1.1800 0.6925 0.5171 0.0724 0.0095
1.1900 0.6926 0.5038 0.0584 0.0035
1.2000 0.6926 0.4900 0.0458 0.0003
1.2100 0.6927 0.4758 0.0347 0.0013
1.2200 0.6927 0.4611 0.0255 0.0059
1.2300 0.6928 0.4460 0.0184 0.0129
1.2400 0.6928 0.4306 0.0137 0.0220
1.2500 0.6929 0.4147 0.0119 0.0326
1.2600 0.6929 0.3985 0.0130 0.0447
1.2700 0.6930 0.3820 0.0168 0.0579
1.2800 0.6930 0.3651 0.0231 0.0720
1.2900 0.6930 0.3479 0.0314 0.0869
1.3000 0.6931 0.3305 0.0413 0.1025
1.3100 0.6931 0.3129 0.0527 0.1186
1.3200 0.6931 0.2951 0.0652 0.1351
1.3300 0.6931 0.2772 0.0788 0.1518
1.3400 0.6931 0.2593 0.0933 0.1688
1.3500 0.6931 0.2413 0.1085 0.1860
1.3600 0.6931 0.2235 0.1244 0.2032
1.3700 0.6930 0.2058 0.1408 0.2204
1.3800 0.6930 0.1884 0.1577 0.2377
1.3900 0.6930 0.1714 0.1749 0.2548
1.4000 0.6929 0.1548 0.1925 0.2718
1.4100 0.6928 0.1389 0.2103 0.2887
1.4200 0.6927 0.1237 0.2283 0.3055
1.4300 0.6925 0.1095 0.2464 0.3220
1.4400 0.6923 0.0964 0.2646 0.3383
1.4500 0.6921 0.0845 0.2828 0.3543
1.4600 0.6918 0.0742 0.3010 0.3700
1.4700 0.6914 0.0656 0.3190 0.3854
1.4800 0.6910 0.0589 0.3369 0.4005
1.4900 0.6906 0.0544 0.3546 0.4152
1.5000 0.6903 0.0523 0.3721 0.4294
1.5100 0.6899 0.0527 0.3893 0.4432
1.5200 0.6897 0.0555 0.4061 0.4566
1.5300 0.6895 0.0607 0.4226 0.4695
1.5400 0.6894 0.0681 0.4386 0.4818
1.5500 0.6895 0.0776 0.4542 0.4936
1.5600 0.6897 0.0889 0.4693 0.5048
1.5700 0.6900 0.1018 0.4838 0.5155
1.5800 0.6904 0.1160 0.4977 0.5256
1.5900 0.6908 0.1315 0.5111 0.5352
1.6000 0.6913 0.1480 0.5239 0.5441
1.6100 0.6917 0.1654 0.5360 0.5525
1.6200 0.6922 0.1835 0.5475 0.5603
1.6300 0.6925 0.2021 0.5583 0.5675
1.6400 0.6928 0.2212 0.5685 0.5742
1.6500 0.6930 0.2407 0.5780 0.5803
1.6600 0.6931 0.2603 0.5869 0.5860
1.6700 0.6931 0.2801 0.5952 0.5911
1.6800 0.6931 0.2999 0.6028 0.5958
1.6900 0.6930 0.3197 0.6098 0.6001
1.7000 0.6928 0.3393 0.6163 0.6039
1.7100 0.6926 0.3587 0.6222 0.6073
1.7200 0.6924 0.3779 0.6276 0.6103
1.7300 0.6921 0.3967 0.6325 0.6129
1.7400 0.6919 0.4152 0.6369 0.6152
1.7500 0.6917 0.4332 0.6408 0.6172
1.7600 0.6916 0.4508 0.6444 0.6188
1.7700 0.6915 0.4679 0.6475 0.6201
1.7800 0.6914 0.4845 0.6503 0.6211
1.7900 0.6914 0.5005 0.6527 0.6218
1.8000 0.6914 0.5160 0.6548 0.6222
1.8100 0.6914 0.5308 0.6566 0.6223
1.8200 0.6916 0.5451 0.6581 0.6221
1.8300 0.6917 0.5587 0.6594 0.6216
1.8400 0.6919 0.5717 0.6604 0.6207
1.8500 0.6921 0.5840 0.6612 0.6196
1.8600 0.6923 0.5956 0.6618 0.6181
1.8700 0.6925 0.6066 0.6621 0.6162
1.8800 0.6926 0.6169 0.6622 0.6139
1.8900 0.6928 0.6266 0.6622 0.6113
1.9000 0.6929 0.6355 0.6619 0.6083
1.9100 0.6930 0.6438 0.6614 0.6048
1.9200 0.6931 0.6514 0.6607 0.6009
1.9300 0.6931 0.6583 0.6598 0.5965
1.9400 0.6931 0.6646 0.6586 0.5916
1.9500 0.6930 0.6702 0.6572 0.5863
1.9600 0.6930 0.6751 0.6556 0.5804
1.9700 0.6929 0.6794 0.6537 0.5740
1.9800 0.6928 0.6831 0.6516 0.5670
1.9900 0.6926 0.6862 0.6491 0.5596
2.0000 0.6925 0.6887 0.6463 0.5515
2.0100 0.6924 0.6906 0.6432 0.5429
2.0200 0.6924 0.6919 0.6397 0.5338
2.0300 0.6923 0.6928 0.6359 0.5241
2.0400 0.6923 0.6931 0.6316 0.5139
2.0500 0.6923 0.6930 0.6268 0.5032
2.0600 0.6923 0.6924 0.6216 0.4919
2.0700 0.6924 0.6914 0.6159 0.4802
2.0800 0.6925 0.6901 0.6097 0.4680
2.0900 0.6926 0.6885 0.6029 0.4553
2.1000 0.6927 0.6866 0.5955 0.4422
2.1100 0.6928 0.6845 0.5875 0.4286
2.1200 0.6929 0.6823 0.5789 0.4146
2.1300 0.6929 0.6799 0.5697 0.4003
2.1400 0.6930 0.6775 0.5598 0.3855
2.1500 0.6930 0.6750 0.5492 0.3704
2.1600 0.6930 0.6727 0.5380 0.3550
2.1700 0.6929 0.6704 0.5260 0.3392
2.1800 0.6928 0.6682 0.5134 0.3231
2.1900 0.6927 0.6663 0.5002 0.3067
2.2000 0.6925 0.6646 0.4863 0.2900
2.2100 0.6923 0.6632 0.4717 0.2731
2.2200 0.6921 0.6621 0.4566 0.2560
2.2300 0.6919 0.6614 0.4409 0.2387
2.2400 0.6916 0.6610 0.4246 0.2212
2.2500 0.6914 0.6609 0.4079 0.2037
2.2600 0.6912 0.6613 0.3907 0.1861
2.2700 0.6910 0.6620 0.3732 0.1686
2.2800 0.6909 0.6630 0.3552 0.1512
2.2900 0.6908 0.6644 0.3370 0.1340
2.3000 0.6908 0.6661 0.3186 0.1171
2.3100 0.6908 0.6681 0.3001 0.1007
2.3200 0.6909 0.6703 0.2814 0.0849
2.3300 0.6911 0.6726 0.2627 0.0698
2.3400 0.6913 0.6751 0.2441 0.0556
2.3500 0.6915 0.6777 0.2256 0.0424
2.3600 0.6918 0.6802 0.2072 0.0305
2.3700 0.6920 0.6827 0.1892 0.0202
2.3800 0.6923 0.6851 0.1714 0.0116
2.3900 0.6925 0.6872 0.1541 0.0051
2.4000 0.6926 0.6892 0.1373 0.0014
2.4100 0.6927 0.6908 0.1211 0.0014
2.4200 0.6927 0.6920 0.1055 0.0051
2.4300 0.6925 0.6928 0.0907 0.0114
2.4400 0.6923 0.6931 0.0767 0.0198
2.4500 0.6920 0.6929 0.0638 0.0299
2.4600 0.6915 0.6921 0.0520 0.0413
2.4700 0.6910 0.6907 0.0415 0.0540
2.4800 0.6904 0.6886 0.0325 0.0676
2.4900 0.6898 0.6858 0.0252 0.0821
2.5000 0.6892 0.6824 0.0200 0.0973
2.5100 0.6887 0.6782 0.0170 0.1129
2.5200 0.6882 0.6732 0.0166 0.1291
2.5300 0.6878 0.6675 0.0188 0.1456
2.5400 0.6875 0.6611 0.0235 0.1623
2.5500 0.6874 0.6539 0.0303 0.1793
2.5600 0.6874 0.6459 0.0391 0.1964
2.5700 0.6876 0.6372 0.0496 0.2136
2.5800 0.6879 0.6277 0.0616 0.2308
2.5900 0.6883 0.6175 0.0749 0.2480
2.6000 0.6888 0.6067 0.0894 0.2651
2.6100 0.6894 0.5951 0.1049 0.2821
2.6200 0.6899 0.5829 0.1213 0.2991
2.6300 0.6905 0.5701 0.1384 0.3158
2.6400 0.6910 0.5567 0.1562 0.3323
2.6500 0.6914 0.5427 0.1745 0.3487
2.6600 0.6918 0.5282 0.1932 0.3647
2.6700 0.6921 0.5131 0.2123 0.3804
2.6800 0.6923 0.4976 0.2316 0.3958
2.6900 0.6924 0.4816 0.2510 0.4107
2.7000 0.6925 0.4653 0.2704 0.4253
2.7100 0.6926 0.4485 0.2898 0.4394
2.7200 0.6926 0.4314 0.3090 0.4530
2.7300 0.6925 0.4140 0.3281 0.4661
2.7400 0.6924 0.3963 0.3468 0.4787
2.7500 0.6923 0.3784 0.3651 0.4907
2.7600 0.6920 0.3604 0.3831 0.5021
2.7700 0.6917 0.3421 0.4005 0.5130
2.7800 0.6913 0.3238 0.4175 0.5232
2.7900 0.6909 0.3055 0.4338 0.5329
2.8000 0.6903 0.2871 0.4496 0.5419
2.8100 0.6898 0.2689 0.4648 0.5504
2.8200 0.6893 0.2507 0.4793 0.5583
2.8300 0.6889 0.2328 0.4931 0.5656
2.8400 0.6888 0.2152 0.5063 0.5724
2.8500 0.6889 0.1980 0.5188 0.5786
2.8600 0.6892 0.1812 0.5307 0.5844
2.8700 0.6899 0.1651 0.5419 0.5896
2.8800 0.6908 0.1496 0.5524 0.5944
2.8900 0.6917 0.1350 0.5623 0.5987
2.9000 0.6924 0.1213 0.5716 0.6026
2.9100 0.6924 0.1087 0.5803 0.6061
2.9200 0.6912 0.0975 0.5884 0.6093
2.9300 0.6882 0.0877 0.5959 0.6121
2.9400 0.6827 0.0795 0.6029 0.6145
2.9500 0.6739 0.0731 0.6094 0.6166
2.9600 0.6613 0.0688 0.6155 0.6183
2.9700 0.6442 0.0665 0.6210 0.6198
2.9800 0.6223 0.0663 0.6261 0.6209
2.9900 0.5958 0.0684 0.6308 0.6218
3.0000 0.5650 0.0726 0.6351 0.6223
3.0100 0.5307 0.0788 0.6391 0.6225
3.0200 0.4945 0.0869 0.6427 0.6225
3.0300 0.4581 0.0967 0.6459 0.6221
3.0400 0.4240 0.1081 0.6489 0.6214
3.0500 0.3946 0.1207 0.6515 0.6203
3.0600 0.3726 0.1346 0.6538 0.6189
3.0700 0.3601 0.1495 0.6559 0.6172
3.0800 0.3585 0.1652 0.6577 0.6150
3.0900 0.3677 0.1817 0.6593 0.6125
3.1000 0.3869 0.1987 0.6606 0.6096
3.1100 0.4141 0.2163 0.6617 0.6062
3.1200 0.4466 0.2341 0.6625 0.6024
3.1300 0.4820 0.2522 0.6631 0.5981
3.1400 0.5179 0.2705 0.6635 0.5933
3.1500 0.5523 0.2888 0.6636 0.5881
3.1600 0.5837 0.3071 0.6636 0.5823
3.1700 0.6113 0.3253 0.6632 0.5760
3.1800 0.6344 0.3434 0.6626 0.5692
3.1900 0.6530 0.3612 0.6618 0.5618
3.2000 0.6674 0.3787 0.6607 0.5539
3.2100 0.6779 0.3959 0.6593 0.5455
3.2200 0.6850 0.4127 0.6576 0.5365
3.2300 0.6895 0.4290 0.6556 0.5270
3.2400 0.6919 0.4450 0.6532 0.5169
3.2500 0.6926 0.4604 0.6505 0.5063
3.2600 0.6922 0.4754 0.6474 0.4953
3.2700 0.6910 0.4898 0.6439 0.4837
3.2800 0.6892 0.5038 0.6399 0.4717
3.2900 0.6871 0.5172 0.6355 0.4592
3.3000 0.6848 0.5300 0.6306 0.4462
3.3100 0.6823 0.5424 0.6252 0.4328
3.3200 0.6798 0.5541 0.6193 0.4190
3.3300 0.6772 0.5654 0.6128 0.4048
3.3400 0.6746 0.5761 0.6058 0.3901
3.3500 0.6721 0.5863 0.5983 0.3751
3.3600 0.6697 0.5960 0.5901 0.3597
3.3700 0.6675 0.6051 0.5814 0.3440
3.3800 0.6656 0.6138 0.5721 0.3279
3.3900 0.6640 0.6219 0.5622 0.3114
3.4000 0.6628 0.6296 0.5518 0.2947
3.4100 0.6621 0.6368 0.5407 0.2777
3.4200 0.6619 0.6435 0.5291 0.2605
3.4300 0.6622 0.6497 0.5170 0.2430
3.4400 0.6631 0.6555 0.5043 0.2254
3.4500 0.6644 0.6608 0.4910 0.2078
3.4600 0.6661 0.6657 0.4773 0.1900
3.4700 0.6681 0.6702 0.4631 0.1724
3.4800 0.6704 0.6742 0.4484 0.1548
3.4900 0.6728 0.6778 0.4333 0.1375
3.5000 0.6751 0.6810 0.4178 0.1205
3.5100 0.6774 0.6838 0.4018 0.1040
3.5200 0.6796 0.6862 0.3855 0.0881
3.5300 0.6816 0.6882 0.3689 0.0729
3.5400 0.6833 0.6898 0.3519 0.0586
3.5500 0.6847 0.6911 0.3346 0.0454
3.5600 0.6860 0.6921 0.3171 0.0334
3.5700 0.6870 0.6927 0.2994 0.0230
3.5800 0.6877 0.6930 0.2814 0.0143
3.5900 0.6883 0.6931 0.2633 0.0077
3.6000 0.6886 0.6928 0.2451 0.0037
3.6100 0.6889 0.6924 0.2268 0.0030
3.6200 0.6889 0.6917 0.2085 0.0058
3.6300 0.6888 0.6908 0.1903 0.0114
3.6400 0.6886 0.6898 0.1721 0.0190
3.6500 0.6883 0.6887 0.1542 0.0285
3.6600 0.6879 0.6874 0.1366 0.0393
3.6700 0.6873 0.6861 0.1193 0.0514
3.6800 0.6867 0.6848 0.1026 0.0645
3.6900 0.6860 0.6835 0.0864 0.0784
3.7000 0.6852 0.6822 0.0711 0.0931
3.7100 0.6843 0.6810 0.0566 0.1083
3.7200 0.6835 0.6799 0.0432 0.1240
3.7300 0.6827 0.6789 0.0312 0.1402
3.7400 0.6819 0.6781 0.0207 0.1566
3.7500 0.6812 0.6775 0.0122 0.1734
3.7600 0.6806 0.6770 0.0059 0.1903
3.7700 0.6801 0.6768 0.0028 0.2073
3.7800 0.6798 0.6768 0.0035 0.2245
3.7900 0.6796 0.6770 0.0079 0.2417
3.8000 0.6796 0.6775 0.0151 0.2589
3.8100 0.6798 0.6782 0.0247 0.2760
3.8200 0.6801 0.6790 0.0361 0.2931
3.8300 0.6806 0.6801 0.0491 0.3100
3.8400 0.6813 0.6813 0.0635 0.3268
3.8500 0.6821 0.6826 0.0791 0.3433
3.8600 0.6829 0.6840 0.0957 0.3596
3.8700 0.6839 0.6855 0.1130 0.3756
3.8800 0.6849 0.6869 0.1310 0.3912
3.8900 0.6859 0.6883 0.1495 0.4065
3.9000 0.6869 0.6897 0.1684 0.4213
3.9100 0.6879 0.6908 0.1876 0.4357
3.9200 0.6888 0.6918 0.2069 0.4495
3.9300 0.6897 0.6926 0.2262 0.4628
3.9400 0.6905 0.6930 0.2456 0.4756
3.9500 0.6911 0.6931 0.2648 0.4878
3.9600 0.6917 0.6928 0.2838 0.4994
3.9700 0.6921 0.6920 0.3025 0.5104
3.9800 0.6923 0.6908 0.3209 0.5208
3.9900 0.6925 0.6890 0.3390 0.5306
4.0000 0.6925 0.6867 0.3567 0.5397
4.0100 0.6923 0.6837 0.3739 0.5483
4.0200 0.6921 0.6801 0.3907 0.5563
4.0300 0.6917 0.6759 0.4070 0.5637
4.0400 0.6912 0.6710 0.4228 0.5706
4.0500 0.6907 0.6654 0.4380 0.5769
4.0600 0.6901 0.6591 0.4527 0.5827
4.0700 0.6895 0.6520 0.4669 0.5881
4.0800 0.6888 0.6442 0.4806 0.5930
4.0900 0.6882 0.6357 0.4937 0.5974
4.1000 0.6876 0.6264 0.5063 0.6014
4.1100 0.6871 0.6164 0.5183 0.6050
4.1200 0.6867 0.6056 0.5298 0.6083
4.1300 0.6863 0.5941 0.5408 0.6112
4.1400 0.6861 0.5819 0.5512 0.6137
4.1500 0.6861 0.5690 0.5612 0.6159
4.1600 0.6861 0.5553 0.5706 0.6178
4.1700 0.6863 0.5410 0.5794 0.6194
4.1800 0.6867 0.5260 0.5878 0.6207
4.1900 0.6871 0.5104 0.5957 0.6216
4.2000 0.6876 0.4942 0.6031 0.6223
4.2100 0.6883 0.4773 0.6100 0.6227
4.2200 0.6889 0.4599 0.6164 0.6227
4.2300 0.6896 0.4420 0.6224 0.6224
4.2400 0.6902 0.4235 0.6279 0.6218
4.2500 0.6908 0.4046 0.6329 0.6208
4.2600 0.6914 0.3853 0.6375 0.6195
4.2700 0.6919 0.3656 0.6417 0.6179
4.2800 0.6923 0.3455 0.6455 0.6158
4.2900 0.6925 0.3251 0.6490 0.6134
4.3000 0.6927 0.3045 0.6520 0.6105
4.3100 0.6928 0.2838 0.6547 0.6072
4.3200 0.6928 0.2629 0.6570 0.6035
4.3300 0.6927 0.2420 0.6590 0.5993
4.3400 0.6926 0.2211 0.6607 0.5947
4.3500 0.6924 0.2004 0.6622 0.5895
4.3600 0.6923 0.1799 0.6633 0.5838
4.3700 0.6922 0.1597 0.6641 0.5777
4.3800 0.6920 0.1400 0.6647 0.5710
4.3900 0.6920 0.1209 0.6650 0.5638
4.4000 0.6919 0.1026 0.6650 0.5560
4.4100 0.6920 0.0852 0.6648 0.5477
4.4200 0.6920 0.0689 0.6643 0.5389
4.4300 0.6921 0.0540 0.6636 0.5296
4.4400 0.6922 0.0407 0.6625 0.5198
4.4500 0.6923 0.0293 0.6612 0.5094
4.4600 0.6924 0.0203 0.6597 0.4986
4.4700 0.6925 0.0142 0.6578 0.4872
4.4800 0.6925 0.0115 0.6556 0.4754
4.4900 0.6926 0.0128 0.6531 0.4631
4.5000 0.6926 0.0178 0.6503 0.4503
4.5100 0.6926 0.0260 0.6471 0.4371
4.5200 0.6926 0.0368 0.6435 0.4234
4.5300 0.6925 0.0499 0.6396 0.4093
4.5400 0.6925 0.0649 0.6353 0.3948
4.5500 0.6925 0.0815 0.6306 0.3798
4.5600 0.6924 0.0994 0.6254 0.3645
4.5700 0.6924 0.1185 0.6199 0.3487
4.5800 0.6923 0.1385 0.6139 0.3326
4.5900 0.6923 0.1593 0.6074 0.3161
4.6000 0.6923 0.1808 0.6005 0.2993
4.6100 0.6923 0.2026 0.5931 0.2822
4.6200 0.6922 0.2248 0.5852 0.2649
4.6300 0.6923 0.2471 0.5769 0.2473
4.6400 0.6923 0.2695 0.5680 0.2295
4.6500 0.6923 0.2919 0.5586 0.2117
4.6600 0.6923 0.3141 0.5486 0.1938
4.6700 0.6923 0.3360 0.5382 0.1760
4.6800 0.6923 0.3576 0.5271 0.1584
4.6900 0.6923 0.3788 0.5155 0.1410
4.7000 0.6923 0.3995 0.5034 0.1239
4.7100 0.6923 0.4196 0.4907 0.1073
4.7200 0.6922 0.4391 0.4774 0.0914
4.7300 0.6921 0.4580 0.4635 0.0762
4.7400 0.6920 0.4761 0.4490 0.0619
4.7500 0.6919 0.4935 0.4340 0.0488
4.7600 0.6918 0.5102 0.4184 0.0369
4.7700 0.6916 0.5260 0.4023 0.0265
4.7800 0.6915 0.5410 0.3856 0.0178
4.7900 0.6913 0.5553 0.3685 0.0113
4.8000 0.6911 0.5687 0.3508 0.0072
4.8100 0.6909 0.5813 0.3327 0.0061
4.8200 0.6908 0.5931 0.3142 0.0081
4.8300 0.6906 0.6041 0.2954 0.0128
4.8400 0.6903 0.6143 0.2763 0.0197
4.8500 0.6901 0.6237 0.2570 0.0285
4.8600 0.6899 0.6325 0.2375 0.0387
4.8700 0.6897 0.6404 0.2180 0.0501
4.8800 0.6894 0.6477 0.1985 0.0626
4.8900 0.6892 0.6544 0.1791 0.0759
4.9000 0.6889 0.6604 0.1600 0.0900
4.9100 0.6887 0.6657 0.1413 0.1048
4.9200 0.6884 0.6705 0.1230 0.1200
4.9300 0.6882 0.6748 0.1054 0.1358
4.9400 0.6879 0.6785 0.0886 0.1519
4.9500 0.6877 0.6817 0.0728 0.1683
4.9600 0.6875 0.6845 0.0580 0.1850
4.9700 0.6872 0.6868 0.0446 0.2019
4.9800 0.6870 0.6887 0.0327 0.2189
4.9900 0.6867 0.6902 0.0226 0.2360
5.0000 0.6864 0.6914 0.0147 0.2532
5.0100 0.6861 0.6923 0.0093 0.2704
5.0200 0.6857 0.6928 0.0070 0.2876
5.0300 0.6853 0.6931 0.0080 0.3046
5.0400 0.6848 0.6931 0.0123 0.3215
5.0500 0.6843 0.6929 0.0192 0.3383
5.0600 0.6837 0.6925 0.0282 0.3547
5.0700 0.6829 0.6920 0.0389 0.3709
5.0800 0.6821 0.6913 0.0510 0.3868
5.0900 0.6811 0.6905 0.0643 0.4022
5.1000 0.6800 0.6896 0.0787 0.4173
5.1100 0.6788 0.6886 0.0939 0.4318
5.1200 0.6774 0.6876 0.1098 0.4458
5.1300 0.6758 0.6866 0.1263 0.4593
5.1400 0.6740 0.6856 0.1432 0.4723
5.1500 0.6720 0.6846 0.1605 0.4846
5.1600 0.6698 0.6837 0.1781 0.4964
5.1700 0.6674 0.6829 0.1959 0.5075
5.1800 0.6648 0.6821 0.2139 0.5180
5.1900 0.6620 0.6815 0.2319 0.5279
5.2000 0.6590 0.6810 0.2500 0.5372
5.2100 0.6559 0.6807 0.2680 0.5459
5.2200 0.6525 0.6805 0.2860 0.5540
5.2300 0.6491 0.6805 0.3038 0.5615
5.2400 0.6455 0.6806 0.3215 0.5685
5.2500 0.6419 0.6809 0.3390 0.5749
5.2600 0.6383 0.6813 0.3563 0.5809
5.2700 0.6347 0.6819 0.3733 0.5863
5.2800 0.6312 0.6827 0.3900 0.5913
5.2900 0.6279 0.6835 0.4064 0.5959
5.3000 0.6248 0.6845 0.4224 0.6001
5.3100 0.6220 0.6856 0.4380 0.6038
5.3200 0.6196 0.6867 0.4532 0.6072
5.3300 0.6176 0.6878 0.4680 0.6102
5.3400 0.6162 0.6889 0.4822 0.6129
5.3500 0.6153 0.6900 0.4960 0.6152
5.3600 0.6150 0.6910 0.5092 0.6173
5.3700 0.6153 0.6918 0.5218 0.6190
5.3800 0.6164 0.6925 0.5339 0.6203
5.3900 0.6181 0.6929 0.5454 0.6214
5.4000 0.6205 0.6931 0.5563 0.6222
5.4100 0.6235 0.6930 0.5666 0.6226
5.4200 0.6271 0.6926 0.5763 0.6228
5.4300 0.6313 0.6917 0.5854 0.6226
5.4400 0.6359 0.6904 0.5938 0.6220
5.4500 0.6408 0.6887 0.6017 0.6212
5.4600 0.6460 0.6865 0.6090 0.6199
5.4700 0.6513 0.6837 0.6157 0.6183
5.4800 0.6566 0.6803 0.6218 0.6164
5.4900 0.6618 0.6764 0.6274 0.6140
5.5000 0.6667 0.6719 0.6325 0.6112
5.5100 0.6714 0.6667 0.6371 0.6080
5.5200 0.6756 0.6610 0.6413 0.6044
5.5300 0.6793 0.6546 0.6449 0.6003
5.5400 0.6826 0.6475 0.6482 0.5957
5.5500 0.6853 0.6398 0.6511 0.5906
5.5600 0.6875 0.6315 0.6536 0.5851
5.5700 0.6892 0.6225 0.6558 0.5791
5.5800 0.6904 0.6129 0.6576 0.5725
5.5900 0.6913 0.6027 0.6591 0.5655
5.6000 0.6918 0.5919 0.6604 0.5579
5.6100 0.6920 0.5805 0.6614 0.5499
5.6200 0.6921 0.5685 0.6621 0.5413
5.6300 0.6921 0.5560 0.6626 0.5322
5.6400 0.6919 0.5430 0.6628 0.5226
5.6500 0.6918 0.5295 0.6629 0.5125
5.6600 0.6916 0.5155 0.6627 0.5019
5.6700 0.6915 0.5010 0.6623 0.4908
5.6800 0.6913 0.4861 0.6616 0.4792
5.6900 0.6912 0.4707 0.6608 0.4672
5.7000 0.6911 0.4550 0.6597 0.4546
5.7100 0.6910 0.4389 0.6584 0.4416
5.7200 0.6908 0.4225 0.6568 0.4281
5.7300 0.6905 0.4057 0.6550 0.4142
5.7400 0.6902 0.3886 0.6530 0.3997
5.7500 0.6898 0.3713 0.6506 0.3849
5.7600 0.6891 0.3538 0.6480 0.3696
5.7700 0.6883 0.3360 0.6451 0.3539
5.7800 0.6872 0.3181 0.6419 0.3377
5.7900 0.6858 0.3000 0.6383 0.3212
5.8000 0.6839 0.2818 0.6343 0.3044
5.8100 0.6814 0.2636 0.6300 0.2872
5.8200 0.6784 0.2454 0.6252 0.2697
5.8300 0.6746 0.2272 0.6200 0.2520
5.8400 0.6701 0.2091 0.6144 0.2341
5.8500 0.6648 0.1913 0.6082 0.2162
5.8600 0.6588 0.1736 0.6016 0.1982
5.8700 0.6521 0.1563 0.5944 0.1802
5.8800 0.6450 0.1394 0.5866 0.1625
5.8900 0.6376 0.1231 0.5782 0.1449
5.9000 0.6303 0.1074 0.5693 0.1278
5.9100 0.6234 0.0925 0.5597 0.1112
5.9200 0.6173 0.0785 0.5494 0.0952
5.9300 0.6125 0.0657 0.5385 0.0800
5.9400 0.6094 0.0542 0.5269 0.0658
5.9500 0.6082 0.0444 0.5147 0.0527
5.9600 0.6093 0.0364 0.5017 0.0408
5.9700 0.6128 0.0306 0.4881 0.0305
5.9800 0.6185 0.0274 0.4739 0.0219
5.9900 0.6263 0.0269 0.4589 0.0153
6.0000 0.6357 0.0293 0.4434 0.0110
6.0100 0.6462 0.0344 0.4273 0.0095
6.0200 0.6570 0.0421 0.4106 0.0108
6.0300 0.6674 0.0521 0.3934 0.0148
6.0400 0.6766 0.0640 0.3758 0.0209
6.0500 0.6839 0.0777 0.3577 0.0289
6.0600 0.6888 0.0929 0.3393 0.0384
6.0700 0.6907 0.1094 0.3206 0.0492
6.0800 0.6897 0.1271 0.3016 0.0610
6.0900 0.6858 0.1458 0.2826 0.0738
6.1000 0.6794 0.1652 0.2634 0.0874
6.1100 0.6712 0.1854 0.2443 0.1016
6.1200 0.6620 0.2061 0.2253 0.1164
6.1300 0.6526 0.2272 0.2065 0.1318
6.1400 0.6442 0.2486 0.1880 0.1475
6.1500 0.6373 0.2702 0.1698 0.1637
6.1600 0.6328 0.2918 0.1522 0.1801
6.1700 0.6309 0.3134 0.1350 0.1968
6.1800 0.6315 0.3349 0.1186 0.2137
6.1900 0.6346 0.3561 0.1029 0.2308
6.2000 0.6395 0.3771 0.0881 0.2480
6.2100 0.6458 0.3977 0.0743 0.2652
6.2200 0.6527 0.4178 0.0617 0.2824
6.2300 0.6597 0.4374 0.0503 0.2995
6.2400 0.6663 0.4564 0.0405 0.3165
6.2500 0.6722 0.4748 0.0322 0.3333
6.2600 0.6773 0.4926 0.0259 0.3499
6.2700 0.6814 0.5096 0.0216 0.3663
6.2800 0.6847 0.5259 0.0198 0.3822
6.2900 0.6872 0.5415 0.0203 0.3978
6.3000 0.6890 0.5562 0.0234 0.4130
6.3100 0.6904 0.5702 0.0286 0.4277
6.3200 0.6913 0.5834 0.0358 0.4419
6.3300 0.6920 0.5957 0.0447 0.4555
6.3400 0.6923 0.6072 0.0552 0.4686
6.3500 0.6925 0.6179 0.0670 0.4810
6.3600 0.6924 0.6278 0.0800 0.4929
6.3700 0.6921 0.6369 0.0941 0.5041
6.3800 0.6915 0.6453 0.1090 0.5148
6.3900 0.6906 0.6528 0.1248 0.5248
6.4000 0.6893 0.6597 0.1413 0.5342
6.4100 0.6875 0.6657 0.1584 0.5430
6.4200 0.6854 0.6711 0.1761 0.5512
6.4300 0.6828 0.6759 0.1941 0.5589
6.4400 0.6800 0.6799 0.2125 0.5660
6.4500 0.6770 0.6834 0.2312 0.5726
6.4600 0.6741 0.6863 0.2500 0.5787
6.4700 0.6714 0.6886 0.2690 0.5843
6.4800 0.6691 0.6904 0.2879 0.5895
6.4900 0.6675 0.6917 0.3068 0.5942
6.5000 0.6666 0.6926 0.3255 0.5985
6.5100 0.6664 0.6930 0.3440 0.6024
6.5200 0.6671 0.6930 0.3623 0.6060
6.5300 0.6685 0.6927 0.3802 0.6092
6.5400 0.6704 0.6920 0.3977 0.6120
6.5500 0.6728 0.6911 0.4148 0.6145
6.5600 0.6755 0.6899 0.4314 0.6166
6.5700 0.6781 0.6884 0.4474 0.6185
6.5800 0.6806 0.6868 0.4628 0.6200
6.5900 0.6829 0.6851 0.4776 0.6212
6.6000 0.6848 0.6832 0.4918 0.6221
6.6100 0.6864 0.6812 0.5054 0.6226
6.6200 0.6876 0.6793 0.5182 0.6228
6.6300 0.6884 0.6773 0.5304 0.6227
6.6400 0.6890 0.6753 0.5419 0.6223
6.6500 0.6893 0.6734 0.5527 0.6214
6.6600 0.6895 0.6717 0.5629 0.6203
6.6700 0.6895 0.6701 0.5724 0.6188
6.6800 0.6893 0.6686 0.5813 0.6168
6.6900 0.6890 0.6674 0.5895 0.6145
6.7000 0.6884 0.6664 0.5972 0.6118
6.7100 0.6877 0.6656 0.6042 0.6087
6.7200 0.6866 0.6652 0.6108 0.6051
6.7300 0.6852 0.6650 0.6168 0.6011
6.7400 0.6834 0.6651 0.6223 0.5966
6.7500 0.6812 0.6655 0.6273 0.5917
6.7600 0.6786 0.6662 0.6319 0.5863
6.7700 0.6758 0.6672 0.6361 0.5804
6.7800 0.6727 0.6684 0.6399 0.5741
6.7900 0.6694 0.6699 0.6433 0.5672
6.8000 0.6660 0.6717 0.6464 0.5599
6.8100 0.6627 0.6736 0.6491 0.5520
6.8200 0.6596 0.6757 0.6516 0.5437
6.8300 0.6567 0.6778 0.6538 0.5349
6.8400 0.6542 0.6801 0.6557 0.5255
6.8500 0.6521 0.6823 0.6573 0.5157
6.8600 0.6506 0.6845 0.6587 0.5054
6.8700 0.6496 0.6866 0.6599 0.4946
6.8800 0.6492 0.6885 0.6608 0.4833
6.8900 0.6493 0.6901 0.6616 0.4715
6.9000 0.6500 0.6915 0.6621 0.4592
6.9100 0.6512 0.6925 0.6624 0.4464
6.9200 0.6528 0.6930 0.6625 0.4332
6.9300 0.6548 0.6931 0.6624 0.4194
6.9400 0.6571 0.6926 0.6620 0.4051
6.9500 0.6596 0.6915 0.6614 0.3904
6.9600 0.6624 0.6897 0.6606 0.3752
6.9700 0.6652 0.6872 0.6596 0.3596
6.9800 0.6681 0.6840 0.6583 0.3434
6.9900 0.6709 0.6800 0.6566 0.3269
7.0000 0.6737 0.6752 0.6547 0.3100
7.0100 0.6764 0.6695 0.6525 0.2928
7.0200 0.6790 0.6630 0.6499 0.2752
7.0300 0.6814 0.6556 0.6470 0.2574
7.0400 0.6835 0.6473 0.6437 0.2394
7.0500 0.6854 0.6382 0.6399 0.2213
7.0600 0.6871 0.6282 0.6357 0.2032
7.0700 0.6885 0.6173 0.6311 0.1851
7.0800 0.6895 0.6056 0.6259 0.1672
7.0900 0.6903 0.5932 0.6202 0.1496
7.1000 0.6908 0.5799 0.6140 0.1324
7.1100 0.6910 0.5659 0.6072 0.1157
7.1200 0.6909 0.5512 0.5998 0.0997
7.1300 0.6905 0.5359 0.5919 0.0844
7.1400 0.6898 0.5199 0.5833 0.0701
7.1500 0.6889 0.5034 0.5741 0.0569
7.1600 0.6877 0.4864 0.5642 0.0450
7.1700 0.6864 0.4689 0.5538 0.0345
7.1800 0.6850 0.4511 0.5427 0.0257
7.1900 0.6835 0.4329 0.5310 0.0189
7.2000 0.6819 0.4144 0.5187 0.0142
7.2100 0.6805 0.3957 0.5058 0.0121
7.2200 0.6791 0.3768 0.4924 0.0127
7.2300 0.6779 0.3578 0.4784 0.0159
7.2400 0.6769 0.3387 0.4639 0.0212
7.2500 0.6762 0.3197 0.4488 0.0285
7.2600 0.6759 0.3007 0.4334 0.0373
7.2700 0.6758 0.2818 0.4175 0.0474
7.2800 0.6761 0.2632 0.4012 0.0587
7.2900 0.6767 0.2447 0.3846 0.0709
7.3000 0.6776 0.2266 0.3676 0.0840
7.3100 0.6787 0.2089 0.3504 0.0978
7.3200 0.6801 0.1916 0.3329 0.1123
7.3300 0.6816 0.1749 0.3152 0.1273
7.3400 0.6832 0.1588 0.2974 0.1428
7.3500 0.6848 0.1434 0.2795 0.1587
7.3600 0.6863 0.1289 0.2615 0.1750
7.3700 0.6877 0.1152 0.2435 0.1916
7.3800 0.6889 0.1026 0.2255 0.2084
7.3900 0.6900 0.0912 0.2075 0.2255
7.4000 0.6908 0.0811 0.1898 0.2426
7.4100 0.6914 0.0725 0.1722 0.2599
7.4200 0.6917 0.0655 0.1549 0.2771
7.4300 0.6919 0.0603 0.1379 0.2943
7.4400 0.6919 0.0571 0.1214 0.3114
7.4500 0.6919 0.0558 0.1053 0.3283
7.4600 0.6917 0.0566 0.0900 0.3451
7.4700 0.6916 0.0595 0.0753 0.3615
7.4800 0.6915 0.0644 0.0616 0.3776
7.4900 0.6914 0.0712 0.0489 0.3933
7.5000 0.6913 0.0797 0.0374 0.4086
7.5100 0.6914 0.0898 0.0275 0.4233
7.5200 0.6914 0.1013 0.0194 0.4376
7.5300 0.6915 0.1142 0.0134 0.4514
7.5400 0.6917 0.1281 0.0101 0.4645
7.5500 0.6918 0.1431 0.0099 0.4771
7.5600 0.6918 0.1589 0.0128 0.4890
7.5700 0.6918 0.1755 0.0186 0.5004
7.5800 0.6917 0.1927 0.0267 0.5111
7.5900 0.6915 0.2105 0.0370 0.5213
7.6000 0.6912 0.2287 0.0489 0.5308
7.6100 0.6908 0.2472 0.0624 0.5398
7.6200 0.6904 0.2660 0.0772 0.5481
7.6300 0.6898 0.2849 0.0931 0.5560
7.6400 0.6892 0.3039 0.1099 0.5632
7.6500 0.6886 0.3228 0.1276 0.5700
7.6600 0.6880 0.3417 0.1458 0.5763
7.6700 0.6874 0.3603 0.1646 0.5821
7.6800 0.6868 0.3788 0.1837 0.5875
7.6900 0.6862 0.3969 0.2031 0.5924
7.7000 0.6857 0.4147 0.2227 0.5969
7.7100 0.6852 0.4321 0.2423 0.6010
7.7200 0.6848 0.4490 0.2618 0.6047
7.7300 0.6845 0.4655 0.2812 0.6081
7.7400 0.6843 0.4814 0.3004 0.6111
7.7500 0.6841 0.4967 0.3193 0.6138
7.7600 0.6841 0.5115 0.3378 0.6161
7.7700 0.6841 0.5256 0.3559 0.6181
7.7800 0.6843 0.5392 0.3736 0.6197
7.7900 0.6846 0.5521 0.3908 0.6210
7.8000 0.6850 0.5643 0.4075 0.6220
7.8100 0.6855 0.5759 0.4236 0.6227
7.8200 0.6861 0.5869 0.4392 0.6230
7.8300 0.6868 0.5972 0.4541 0.6229
7.8400 0.6874 0.6069 0.4685 0.6226
7.8500 0.6881 0.6159 0.4822 0.6218
7.8600 0.6887 0.6244 0.4954 0.6207
7.8700 0.6893 0.6322 0.5080 0.6193
7.8800 0.6898 0.6395 0.5199 0.6174
7.8900 0.6902 0.6461 0.5313 0.6152
7.9000 0.6905 0.6523 0.5421 0.6125
7.9100 0.6907 0.6579 0.5524 0.6095
7.9200 0.6909 0.6630 0.5621 0.6060
7.9300 0.6910 0.6676 0.5712 0.6021
7.9400 0.6910 0.6717 0.5799 0.5977
7.9500 0.6910 0.6755 0.5880 0.5929
7.9600 0.6909 0.6787 0.5956 0.5876
7.9700 0.6909 0.6816 0.6028 0.5819
7.9800 0.6908 0.6841 0.6094 0.5757
7.9900 0.6908 0.6863 0.6156 0.5691
8.0000 0.6908 0.6881 0.6214 0.5619
8.0100 0.6908 0.6896 0.6268 0.5543
8.0200 0.6909 0.6908 0.6317 0.5462
8.0300 0.6909 0.6917 0.6362 0.5377
8.0400 0.6910 0.6923 0.6404 0.5286
8.0500 0.6912 0.6927 0.6441 0.5191
8.0600 0.6913 0.6929 0.6476 0.5090
8.0700 0.6914 0.6929 0.6506 0.4985
8.0800 0.6914 0.6928 0.6534 0.4875
8.0900 0.6914 0.6924 0.6558 0.4760
8.1000 0.6913 0.6919 0.6579 0.4639
8.1100 0.6910 0.6913 0.6597 0.4514
8.1200 0.6906 0.6906 0.6612 0.4384
8.1300 0.6900 0.6897 0.6625 0.4248
8.1400 0.6891 0.6888 0.6635 0.4107
8.1500 0.6879 0.6879 0.6642 0.3961
8.1600 0.6864 0.6869 0.6646 0.3810
8.1700 0.6845 0.6859 0.6648 0.3654
8.1800 0.6822 0.6850 0.6648 0.3494
8.1900 0.6796 0.6840 0.6644 0.3328
8.2000 0.6764 0.6832 0.6639 0.3159
8.2100 0.6729 0.6824 0.6630 0.2986
8.2200 0.6689 0.6817 0.6619 0.2810
8.2300 0.6645 0.6811 0.6604 0.2632
8.2400 0.6597 0.6806 0.6587 0.2451
8.2500 0.6545 0.6803 0.6566 0.2269
8.2600 0.6489 0.6801 0.6542 0.2087
8.2700 0.6431 0.6802 0.6515 0.1905
8.2800 0.6370 0.6803 0.6484 0.1725
8.2900 0.6307 0.6807 0.6449 0.1548
8.3000 0.6243 0.6812 0.6410 0.1374
8.3100 0.6179 0.6819 0.6367 0.1206
8.3200 0.6116 0.6827 0.6319 0.1044
8.3300 0.6054 0.6837 0.6267 0.0890
8.3400 0.5994 0.6847 0.6211 0.0745
8.3500 0.5937 0.6859 0.6149 0.0611
8.3600 0.5885 0.6870 0.6083 0.0489
8.3700 0.5837 0.6882 0.6012 0.0381
8.3800 0.5795 0.6894 0.5936 0.0289
8.3900 0.5760 0.6905 0.5855 0.0215
8.4000 0.5732 0.6914 0.5768 0.0163
8.4100 0.5712 0.6922 0.5677 0.0134
8.4200 0.5701 0.6927 0.5580 0.0131
8.4300 0.5699 0.6930 0.5479 0.0153
8.4400 0.5706 0.6929 0.5371 0.0198
8.4500 0.5722 0.6924 0.5259 0.0263
8.4600 0.5747 0.6914 0.5142 0.0344
8.4700 0.5782 0.6900 0.5019 0.0440
8.4800 0.5824 0.6879 0.4891 0.0547
8.4900 0.5875 0.6853 0.4758 0.0665
8.5000 0.5932 0.6821 0.4619 0.0792
8.5100 0.5995 0.6781 0.4476 0.0927
8.5200 0.6062 0.6734 0.4327 0.1069
8.5300 0.6133 0.6680 0.4173 0.1217
8.5400 0.6205 0.6617 0.4015 0.1371
8.5500 0.6278 0.6547 0.3852 0.1529
8.5600 0.6351 0.6468 0.3684 0.1692
8.5700 0.6421 0.6381 0.3512 0.1858
8.5800 0.6489 0.6285 0.3335 0.2027
8.5900 0.6552 0.6181 0.3155 0.2198
8.6000 0.6610 0.6068 0.2972 0.2370
8.6100 0.6663 0.5947 0.2786 0.2544
8.6200 0.6711 0.5817 0.2597 0.2717
8.6300 0.6752 0.5680 0.2407 0.2891
8.6400 0.6788 0.5535 0.2215 0.3063
8.6500 0.6818 0.5382 0.2024 0.3234
8.6600 0.6843 0.5222 0.1832 0.3402
8.6700 0.6863 0.5056 0.1643 0.3567
8.6800 0.6880 0.4883 0.1455 0.3729
8.6900 0.6893 0.4704 0.1272 0.3887
8.7000 0.6903 0.4520 0.1094 0.4041
8.7100 0.6911 0.4331 0.0922 0.4190
8.7200 0.6917 0.4138 0.0758 0.4333
8.7300 0.6921 0.3941 0.0604 0.4471
8.7400 0.6925 0.3740 0.0461 0.4604
8.7500 0.6927 0.3537 0.0333 0.4730
8.7600 0.6928 0.3332 0.0220 0.4851
8.7700 0.6929 0.3126 0.0127 0.4965
8.7800 0.6929 0.2919 0.0057 0.5074
8.7900 0.6928 0.2712 0.0016 0.5176
8.8000 0.6925 0.2506 0.0016 0.5273
8.8100 0.6921 0.2302 0.0056 0.5364
8.8200 0.6916 0.2100 0.0125 0.5449
8.8300 0.6907 0.1902 0.0216 0.5529
8.8400 0.6895 0.1708 0.0326 0.5604
8.8500 0.6879 0.1519 0.0452 0.5673
8.8600 0.6857 0.1337 0.0590 0.5738
8.8700 0.6828 0.1163 0.0739 0.5798
8.8800 0.6790 0.0998 0.0898 0.5854
8.8900 0.6743 0.0844 0.1063 0.5905
8.9000 0.6684 0.0703 0.1235 0.5952
8.9100 0.6613 0.0577 0.1411 0.5996
8.9200 0.6530 0.0468 0.1591 0.6035
8.9300 0.6434 0.0379 0.1773 0.6071
8.9400 0.6327 0.0314 0.1957 0.6103
8.9500 0.6209 0.0276 0.2142 0.6131
8.9600 0.6084 0.0267 0.2327 0.6156
8.9700 0.5955 0.0289 0.2511 0.6177
8.9800 0.5825 0.0340 0.2695 0.6195
8.9900 0.5700 0.0417 0.2877 0.6210
9.0000 0.5583 0.0517 0.3056 0.6221
9.0100 0.5482 0.0638 0.3234 0.6228
9.0200 0.5400 0.0777 0.3408 0.6232
9.0300 0.5342 0.0931 0.3580 0.6233
9.0400 0.5313 0.1098 0.3748 0.6230
9.0500 0.5313 0.1277 0.3913 0.6223
9.0600 0.5345 0.1465 0.4074 0.6213
9.0700 0.5409 0.1662 0.4231 0.6199
9.0800 0.5500 0.1866 0.4384 0.6181
9.0900 0.5617 0.2075 0.4533 0.6159
9.1000 0.5754 0.2288 0.4677 0.6134
9.1100 0.5903 0.2504 0.4816 0.6104
9.1200 0.6060 0.2722 0.4950 0.6070
9.1300 0.6216 0.2940 0.5079 0.6031
9.1400 0.6365 0.3158 0.5203 0.5989
9.1500 0.6501 0.3375 0.5322 0.5942
9.1600 0.6620 0.3589 0.5436 0.5891
9.1700 0.6718 0.3800 0.5543 0.5835
9.1800 0.6794 0.4008 0.5646 0.5775
9.1900 0.6848 0.4210 0.5742 0.5710
9.2000 0.6880 0.4407 0.5833 0.5641
9.2100 0.6894 0.4599 0.5919 0.5567
9.2200 0.6893 0.4783 0.5999 0.5488
9.2300 0.6880 0.4961 0.6073 0.5405
9.2400 0.6860 0.5131 0.6142 0.5317
9.2500 0.6836 0.5293 0.6205 0.5224
9.2600 0.6811 0.5447 0.6263 0.5126
9.2700 0.6786 0.5592 0.6316 0.5023
9.2800 0.6762 0.5730 0.6364 0.4915
9.2900 0.6741 0.5858 0.6408 0.4803
9.3000 0.6720 0.5978 0.6447 0.4684
9.3100 0.6701 0.6090 0.6482 0.4561
9.3200 0.6681 0.6193 0.6512 0.4432
9.3300 0.6661 0.6288 0.6539 0.4298
9.3400 0.6640 0.6374 0.6562 0.4159
9.3500 0.6618 0.6453 0.6582 0.4014
9.3600 0.6596 0.6524 0.6599 0.3864
9.3700 0.6573 0.6588 0.6612 0.3709
9.3800 0.6552 0.6645 0.6623 0.3549
9.3900 0.6533 0.6696 0.6631 0.3384
9.4000 0.6521 0.6740 0.6637 0.3215
9.4100 0.6515 0.6779 0.6639 0.3042
9.4200 0.6520 0.6812 0.6640 0.2866
9.4300 0.6534 0.6840 0.6638 0.2687
9.4400 0.6560 0.6864 0.6633 0.2506
9.4500 0.6596 0.6883 0.6626 0.2323
9.4600 0.6640 0.6898 0.6617 0.2141
9.4700 0.6689 0.6910 0.6606 0.1958
9.4800 0.6740 0.6919 0.6591 0.1777
9.4900 0.6789 0.6926 0.6575 0.1599
9.5000 0.6833 0.6929 0.6555 0.1425
9.5100 0.6868 0.6931 0.6533 0.1255
9.5200 0.6895 0.6931 0.6509 0.1092
9.5300 0.6911 0.6929 0.6481 0.0936
9.5400 0.6919 0.6926 0.6450 0.0788
9.5500 0.6921 0.6922 0.6415 0.0651
9.5600 0.6917 0.6917 0.6378 0.0526
9.5700 0.6912 0.6912 0.6337 0.0413
9.5800 0.6907 0.6906 0.6292 0.0316
9.5900 0.6904 0.6900 0.6243 0.0235
9.6000 0.6904 0.6894 0.6189 0.0175
9.6100 0.6906 0.6888 0.6132 0.0136
9.6200 0.6911 0.6883 0.6070 0.0122
9.6300 0.6916 0.6877 0.6003 0.0134
9.6400 0.6922 0.6872 0.5931 0.0169
9.6500 0.6926 0.6868 0.5854 0.0226
9.6600 0.6929 0.6864 0.5771 0.0300
9.6700 0.6929 0.6861 0.5683 0.0390
9.6800 0.6927 0.6858 0.5589 0.0493
9.6900 0.6924 0.6857 0.5489 0.0607
9.7000 0.6920 0.6856 0.5382 0.0731
9.7100 0.6918 0.6856 0.5269 0.0864
9.7200 0.6916 0.6857 0.5150 0.1004
9.7300 0.6916 0.6859 0.5024 0.1152
9.7400 0.6918 0.6862 0.4892 0.1305
9.7500 0.6922 0.6865 0.4753 0.1464
9.7600 0.6926 0.6869 0.4607 0.1628
9.7700 0.6929 0.6874 0.4455 0.1795
9.7800 0.6930 0.6880 0.4297 0.1965
9.7900 0.6927 0.6886 0.4133 0.2138
9.8000 0.6920 0.6892 0.3963 0.2312
9.8100 0.6907 0.6899 0.3787 0.2488
9.8200 0.6887 0.6905 0.3607 0.2664
9.8300 0.6862 0.6912 0.3423 0.2839
9.8400 0.6832 0.6917 0.3235 0.3013
9.8500 0.6798 0.6923 0.3044 0.3185
9.8600 0.6761 0.6927 0.2850 0.3355
9.8700 0.6723 0.6929 0.2655 0.3522
9.8800 0.6686 0.6930 0.2460 0.3685
9.8900 0.6652 0.6929 0.2264 0.3845
9.9000 0.6622 0.6925 0.2070 0.3999
9.9100 0.6599 0.6918 0.1878 0.4149
9.9200 0.6581 0.6909 0.1689 0.4293
9.9300 0.6571 0.6895 0.1504 0.4432
9.9400 0.6569 0.6877 0.1326 0.4565
9.9500 0.6573 0.6855 0.1153 0.4692
9.9600 0.6583 0.6829 0.0989 0.4813
9.9700 0.6599 0.6797 0.0834 0.4929
9.9800 0.6620 0.6759 0.0690 0.5038
9.9900 0.6643 0.6716 0.0558 0.5142
10.0000 0.6669 0.6666 0.0440 0.5240
