 t	 x	 y	 z
0.0000 0.0000 0.0000 1.0000
0.0100 0.0479 -0.0303 0.9852
0.0200 0.0945 -0.0601 0.9675
0.0300 0.1398 -0.0893 0.9471
0.0400 0.1837 -0.1179 0.9240
0.0500 0.2261 -0.1457 0.8984
0.0600 0.2669 -0.1728 0.8705
0.0700 0.3059 -0.1990 0.8402
0.0800 0.3431 -0.2243 0.8079
0.0900 0.3785 -0.2486 0.7735
0.1000 0.4119 -0.2719 0.7373
0.1100 0.4433 -0.2941 0.6994
0.1200 0.4726 -0.3152 0.6600
0.1300 0.4998 -0.3351 0.6191
0.1400 0.5248 -0.3539 0.5770
0.1500 0.5477 -0.3714 0.5338
0.1600 0.5683 -0.3876 0.4896
0.1700 0.5867 -0.4025 0.4446
0.1800 0.6028 -0.4162 0.3989
0.1900 0.6166 -0.4285 0.3527
0.2000 0.6282 -0.4394 0.3062
0.2100 0.6375 -0.4490 0.2594
0.2200 0.6446 -0.4573 0.2125
0.2300 0.6494 -0.4642 0.1657
0.2400 0.6521 -0.4698 0.1191
0.2500 0.6525 -0.4740 0.0729
0.2600 0.6508 -0.4768 0.0271
0.2700 0.6470 -0.4784 -0.0181
0.2800 0.6411 -0.4787 -0.0626
0.2900 0.6333 -0.4777 -0.1062
0.3000 0.6234 -0.4754 -0.1489
0.3100 0.6117 -0.4720 -0.1905
0.3200 0.5981 -0.4673 -0.2309
0.3300 0.5828 -0.4615 -0.2700
0.3400 0.5658 -0.4546 -0.3078
0.3500 0.5472 -0.4467 -0.3441
0.3600 0.5271 -0.4377 -0.3788
0.3700 0.5054 -0.4278 -0.4120
0.3800 0.4825 -0.4169 -0.4434
0.3900 0.4582 -0.4052 -0.4730
0.4000 0.4328 -0.3926 -0.5009
0.4100 0.4063 -0.3793 -0.5268
0.4200 0.3787 -0.3653 -0.5508
0.4300 0.3503 -0.3507 -0.5728
0.4400 0.3210 -0.3354 -0.5928
0.4500 0.2910 -0.3197 -0.6108
0.4600 0.2605 -0.3034 -0.6267
0.4700 0.2293 -0.2868 -0.6405
0.4800 0.1978 -0.2699 -0.6522
0.4900 0.1660 -0.2527 -0.6619
0.5000 0.1339 -0.2352 -0.6694
0.5100 0.1017 -0.2176 -0.6749
0.5200 0.0694 -0.2000 -0.6782
0.5300 0.0373 -0.1823 -0.6796
0.5400 0.0052 -0.1646 -0.6789
0.5500 -0.0266 -0.1470 -0.6762
0.5600 -0.0580 -0.1296 -0.6715
0.5700 -0.0890 -0.1124 -0.6649
0.5800 -0.1196 -0.0955 -0.6565
0.5900 -0.1495 -0.0789 -0.6462
0.6000 -0.1788 -0.0626 -0.6342
0.6100 -0.2073 -0.0468 -0.6205
0.6200 -0.2350 -0.0314 -0.6051
0.6300 -0.2618 -0.0166 -0.5882
0.6400 -0.2876 -0.0023 -0.5698
0.6500 -0.3125 0.0114 -0.5500
0.6600 -0.3362 0.0244 -0.5288
0.6700 -0.3589 0.0368 -0.5064
0.6800 -0.3803 0.0485 -0.4829
0.6900 -0.4005 0.0594 -0.4582
0.7000 -0.4195 0.0696 -0.4326
0.7100 -0.4371 0.0790 -0.4061
0.7200 -0.4534 0.0876 -0.3787
0.7300 -0.4683 0.0953 -0.3507
0.7400 -0.4818 0.1022 -0.3221
0.7500 -0.4939 0.1083 -0.2929
0.7600 -0.5045 0.1134 -0.2634
0.7700 -0.5137 0.1178 -0.2335
0.7800 -0.5214 0.1212 -0.2034
0.7900 -0.5276 0.1238 -0.1732
0.8000 -0.5324 0.1255 -0.1429
0.8100 -0.5358 0.1263 -0.1127
0.8200 -0.5376 0.1263 -0.0827
0.8300 -0.5381 0.1254 -0.0529
0.8400 -0.5371 0.1237 -0.0235
0.8500 -0.5347 0.1211 0.0055
0.8600 -0.5310 0.1178 0.0340
0.8700 -0.5259 0.1137 0.0619
0.8800 -0.5195 0.1089 0.0891
0.8900 -0.5118 0.1033 0.1156
0.9000 -0.5029 0.0970 0.1412
0.9100 -0.4929 0.0901 0.1659
0.9200 -0.4816 0.0825 0.1897
0.9300 -0.4693 0.0744 0.2124
0.9400 -0.4560 0.0656 0.2341
0.9500 -0.4416 0.0564 0.2546
0.9600 -0.4264 0.0466 0.2739
0.9700 -0.4103 0.0364 0.2920
0.9800 -0.3934 0.0258 0.3088
0.9900 -0.3757 0.0149 0.3243
1.0000 -0.3573 0.0036 0.3384
1.0100 -0.3384 -0.0080 0.3511
1.0200 -0.3189 -0.0198 0.3625
1.0300 -0.2989 -0.0318 0.3724
1.0400 -0.2786 -0.0440 0.3809
1.0500 -0.2579 -0.0563 0.3879
1.0600 -0.2369 -0.0686 0.3935
1.0700 -0.2157 -0.0810 0.3977
1.0800 -0.1945 -0.0933 0.4004
1.0900 -0.1731 -0.1056 0.4016
1.1000 -0.1518 -0.1177 0.4015
1.1100 -0.1305 -0.1298 0.3999
1.1200 -0.1094 -0.1416 0.3970
1.1300 -0.0886 -0.1532 0.3927
1.1400 -0.0679 -0.1646 0.3871
1.1500 -0.0477 -0.1756 0.3802
1.1600 -0.0278 -0.1864 0.3721
1.1700 -0.0084 -0.1967 0.3627
1.1800 0.0105 -0.2067 0.3522
1.1900 0.0288 -0.2162 0.3406
1.2000 0.0465 -0.2254 0.3279
1.2100 0.0635 -0.2340 0.3143
1.2200 0.0798 -0.2421 0.2996
1.2300 0.0954 -0.2497 0.2841
1.2400 0.1101 -0.2568 0.2678
1.2500 0.1240 -0.2633 0.2507
1.2600 0.1370 -0.2692 0.2329
1.2700 0.1491 -0.2746 0.2145
1.2800 0.1603 -0.2793 0.1956
1.2900 0.1705 -0.2835 0.1761
1.3000 0.1797 -0.2870 0.1563
1.3100 0.1879 -0.2900 0.1360
1.3200 0.1951 -0.2923 0.1156
1.3300 0.2013 -0.2940 0.0949
1.3400 0.2065 -0.2951 0.0741
1.3500 0.2106 -0.2955 0.0532
1.3600 0.2137 -0.2954 0.0324
1.3700 0.2157 -0.2947 0.0116
1.3800 0.2167 -0.2934 -0.0090
1.3900 0.2167 -0.2915 -0.0294
1.4000 0.2157 -0.2890 -0.0495
1.4100 0.2137 -0.2861 -0.0692
1.4200 0.2107 -0.2826 -0.0886
1.4300 0.2068 -0.2786 -0.1074
1.4400 0.2020 -0.2741 -0.1258
1.4500 0.1963 -0.2691 -0.1435
1.4600 0.1897 -0.2637 -0.1606
1.4700 0.1822 -0.2579 -0.1770
1.4800 0.1740 -0.2517 -0.1927
1.4900 0.1651 -0.2452 -0.2076
1.5000 0.1554 -0.2383 -0.2217
1.5100 0.1450 -0.2311 -0.2349
1.5200 0.1341 -0.2237 -0.2472
1.5300 0.1225 -0.2160 -0.2586
1.5400 0.1104 -0.2081 -0.2691
1.5500 0.0978 -0.2000 -0.2786
1.5600 0.0848 -0.1917 -0.2870
1.5700 0.0714 -0.1833 -0.2945
1.5800 0.0576 -0.1749 -0.3009
1.5900 0.0436 -0.1664 -0.3063
1.6000 0.0293 -0.1578 -0.3107
1.6100 0.0149 -0.1493 -0.3140
1.6200 0.0003 -0.1407 -0.3163
1.6300 -0.0143 -0.1323 -0.3175
1.6400 -0.0290 -0.1239 -0.3177
1.6500 -0.0436 -0.1157 -0.3169
1.6600 -0.0581 -0.1076 -0.3151
1.6700 -0.0726 -0.0996 -0.3124
1.6800 -0.0868 -0.0919 -0.3086
1.6900 -0.1008 -0.0844 -0.3039
1.7000 -0.1145 -0.0771 -0.2984
1.7100 -0.1280 -0.0701 -0.2919
1.7200 -0.1410 -0.0634 -0.2846
1.7300 -0.1537 -0.0570 -0.2766
1.7400 -0.1659 -0.0509 -0.2677
1.7500 -0.1776 -0.0451 -0.2581
1.7600 -0.1888 -0.0397 -0.2479
1.7700 -0.1995 -0.0347 -0.2370
1.7800 -0.2096 -0.0300 -0.2255
1.7900 -0.2190 -0.0258 -0.2134
1.8000 -0.2279 -0.0219 -0.2009
1.8100 -0.2361 -0.0185 -0.1879
1.8200 -0.2436 -0.0154 -0.1746
1.8300 -0.2503 -0.0128 -0.1609
1.8400 -0.2564 -0.0106 -0.1469
1.8500 -0.2618 -0.0088 -0.1327
1.8600 -0.2664 -0.0075 -0.1183
1.8700 -0.2702 -0.0065 -0.1037
1.8800 -0.2733 -0.0060 -0.0891
1.8900 -0.2757 -0.0059 -0.0745
1.9000 -0.2773 -0.0061 -0.0599
1.9100 -0.2781 -0.0068 -0.0454
1.9200 -0.2782 -0.0079 -0.0310
1.9300 -0.2776 -0.0093 -0.0168
1.9400 -0.2762 -0.0111 -0.0028
1.9500 -0.2741 -0.0132 0.0109
1.9600 -0.2714 -0.0157 0.0243
1.9700 -0.2679 -0.0185 0.0373
1.9800 -0.2638 -0.0216 0.0499
1.9900 -0.2590 -0.0250 0.0621
2.0000 -0.2537 -0.0286 0.0738
