 t	 x	 y	 z	 w
0.0000 0.0000 -0.0000 -0.0000 -0.0000
0.0100 0.0045 0.0013 0.0012 0.0012
0.0200 0.0150 0.0043 0.0041 0.0041
0.0300 0.0299 0.0088 0.0084 0.0083
0.0400 0.0482 0.0145 0.0139 0.0137
0.0500 0.0693 0.0212 0.0203 0.0201
0.0600 0.0926 0.0289 0.0277 0.0274
0.0700 0.1176 0.0374 0.0358 0.0354
0.0800 0.1439 0.0466 0.0447 0.0442
0.0900 0.1713 0.0565 0.0542 0.0537
0.1000 0.1993 0.0671 0.0644 0.0637
0.1100 0.2278 0.0781 0.0751 0.0743
0.1200 0.2564 0.0897 0.0862 0.0853
0.1300 0.2848 0.1018 0.0978 0.0968
0.1400 0.3130 0.1142 0.1099 0.1087
0.1500 0.3407 0.1270 0.1222 0.1210
0.1600 0.3678 0.1401 0.1349 0.1336
0.1700 0.3940 0.1535 0.1479 0.1465
0.1800 0.4194 0.1672 0.1612 0.1596
0.1900 0.4437 0.1810 0.1746 0.1729
0.2000 0.4669 0.1951 0.1883 0.1865
0.2100 0.4890 0.2093 0.2021 0.2002
0.2200 0.5098 0.2235 0.2160 0.2141
0.2300 0.5293 0.2379 0.2301 0.2281
0.2400 0.5476 0.2524 0.2442 0.2421
0.2500 0.5645 0.2669 0.2584 0.2563
0.2600 0.5801 0.2813 0.2727 0.2705
0.2700 0.5945 0.2958 0.2869 0.2847
0.2800 0.6076 0.3103 0.3012 0.2989
0.2900 0.6195 0.3247 0.3154 0.3131
0.3000 0.6302 0.3390 0.3296 0.3273
0.3100 0.6398 0.3532 0.3437 0.3414
0.3200 0.6483 0.3673 0.3577 0.3555
0.3300 0.6558 0.3813 0.3716 0.3694
0.3400 0.6624 0.3951 0.3855 0.3833
0.3500 0.6681 0.4088 0.3991 0.3970
0.3600 0.6730 0.4223 0.4127 0.4106
0.3700 0.6772 0.4356 0.4260 0.4240
0.3800 0.6807 0.4486 0.4392 0.4372
0.3900 0.6836 0.4615 0.4522 0.4502
0.4000 0.6860 0.4741 0.4650 0.4630
0.4100 0.6879 0.4865 0.4775 0.4756
0.4200 0.6895 0.4986 0.4898 0.4879
0.4300 0.6906 0.5105 0.5018 0.5000
0.4400 0.6915 0.5220 0.5136 0.5118
0.4500 0.6922 0.5333 0.5251 0.5233
0.4600 0.6926 0.5443 0.5363 0.5346
0.4700 0.6929 0.5549 0.5472 0.5455
0.4800 0.6930 0.5652 0.5578 0.5561
0.4900 0.6931 0.5752 0.5680 0.5663
0.5000 0.6930 0.5849 0.5779 0.5763
0.5100 0.6929 0.5941 0.5875 0.5858
0.5200 0.6928 0.6031 0.5967 0.5950
0.5300 0.6926 0.6116 0.6055 0.6039
0.5400 0.6924 0.6198 0.6139 0.6123
0.5500 0.6923 0.6275 0.6220 0.6204
0.5600 0.6921 0.6349 0.6296 0.6281
0.5700 0.6919 0.6419 0.6368 0.6354
0.5800 0.6918 0.6484 0.6437 0.6422
0.5900 0.6917 0.6545 0.6501 0.6487
0.6000 0.6915 0.6602 0.6560 0.6547
0.6100 0.6914 0.6655 0.6616 0.6603
0.6200 0.6914 0.6703 0.6667 0.6655
0.6300 0.6913 0.6747 0.6713 0.6703
0.6400 0.6912 0.6786 0.6756 0.6746
0.6500 0.6912 0.6821 0.6793 0.6784
0.6600 0.6911 0.6851 0.6827 0.6818
0.6700 0.6911 0.6876 0.6855 0.6848
0.6800 0.6911 0.6897 0.6879 0.6873
0.6900 0.6910 0.6912 0.6899 0.6894
0.7000 0.6910 0.6923 0.6914 0.6910
0.7100 0.6910 0.6930 0.6924 0.6922
0.7200 0.6910 0.6931 0.6930 0.6929
0.7300 0.6910 0.6927 0.6931 0.6931
0.7400 0.6910 0.6919 0.6928 0.6929
0.7500 0.6910 0.6906 0.6920 0.6922
0.7600 0.6910 0.6888 0.6907 0.6911
0.7700 0.6910 0.6865 0.6890 0.6895
0.7800 0.6910 0.6837 0.6868 0.6875
0.7900 0.6910 0.6804 0.6842 0.6850
0.8000 0.6911 0.6767 0.6812 0.6820
0.8100 0.6911 0.6725 0.6777 0.6787
0.8200 0.6911 0.6678 0.6737 0.6748
0.8300 0.6911 0.6627 0.6694 0.6706
0.8400 0.6911 0.6571 0.6646 0.6659
0.8500 0.6911 0.6510 0.6594 0.6608
0.8600 0.6912 0.6446 0.6537 0.6553
0.8700 0.6912 0.6376 0.6477 0.6494
0.8800 0.6912 0.6303 0.6412 0.6430
0.8900 0.6912 0.6225 0.6343 0.6363
0.9000 0.6913 0.6144 0.6271 0.6292
0.9100 0.6913 0.6058 0.6194 0.6217
0.9200 0.6913 0.5969 0.6114 0.6138
0.9300 0.6913 0.5876 0.6030 0.6056
0.9400 0.6913 0.5780 0.5942 0.5970
0.9500 0.6913 0.5680 0.5851 0.5881
0.9600 0.6913 0.5577 0.5757 0.5788
0.9700 0.6913 0.5471 0.5659 0.5692
0.9800 0.6912 0.5361 0.5558 0.5593
0.9900 0.6912 0.5250 0.5454 0.5491
1.0000 0.6911 0.5135 0.5347 0.5386
1.0100 0.6910 0.5018 0.5238 0.5278
1.0200 0.6909 0.4899 0.5125 0.5167
1.0300 0.6907 0.4778 0.5010 0.5054
1.0400 0.6905 0.4656 0.4893 0.4939
1.0500 0.6903 0.4531 0.4774 0.4821
1.0600 0.6900 0.4405 0.4652 0.4701
1.0700 0.6896 0.4278 0.4529 0.4580
1.0800 0.6891 0.4150 0.4404 0.4456
1.0900 0.6886 0.4021 0.4277 0.4331
1.1000 0.6879 0.3891 0.4150 0.4205
1.1100 0.6871 0.3761 0.4021 0.4077
1.1200 0.6862 0.3631 0.3891 0.3948
1.1300 0.6851 0.3500 0.3760 0.3819
1.1400 0.6838 0.3370 0.3629 0.3689
1.1500 0.6823 0.3241 0.3498 0.3558
1.1600 0.6806 0.3112 0.3366 0.3428
1.1700 0.6786 0.2985 0.3235 0.3297
1.1800 0.6762 0.2858 0.3104 0.3167
1.1900 0.6736 0.2733 0.2974 0.3037
1.2000 0.6705 0.2610 0.2845 0.2908
1.2100 0.6671 0.2489 0.2717 0.2780
1.2200 0.6632 0.2370 0.2590 0.2653
1.2300 0.6589 0.2253 0.2465 0.2528
1.2400 0.6540 0.2140 0.2342 0.2404
1.2500 0.6487 0.2029 0.2221 0.2283
1.2600 0.6428 0.1922 0.2103 0.2164
1.2700 0.6363 0.1819 0.1988 0.2048
1.2800 0.6292 0.1720 0.1876 0.1936
1.2900 0.6216 0.1625 0.1767 0.1826
1.3000 0.6134 0.1535 0.1662 0.1721
1.3100 0.6045 0.1450 0.1562 0.1619
1.3200 0.5951 0.1371 0.1467 0.1522
1.3300 0.5852 0.1298 0.1376 0.1430
1.3400 0.5747 0.1230 0.1291 0.1344
1.3500 0.5637 0.1170 0.1213 0.1263
1.3600 0.5523 0.1116 0.1140 0.1189
1.3700 0.5405 0.1070 0.1075 0.1121
1.3800 0.5284 0.1032 0.1017 0.1061
1.3900 0.5161 0.1002 0.0966 0.1009
1.4000 0.5036 0.0980 0.0924 0.0964
1.4100 0.4910 0.0967 0.0891 0.0928
1.4200 0.4785 0.0962 0.0867 0.0901
1.4300 0.4661 0.0966 0.0852 0.0882
1.4400 0.4540 0.0979 0.0846 0.0874
1.4500 0.4423 0.1000 0.0850 0.0874
1.4600 0.4311 0.1030 0.0863 0.0884
1.4700 0.4205 0.1068 0.0886 0.0903
1.4800 0.4107 0.1114 0.0918 0.0932
1.4900 0.4017 0.1168 0.0958 0.0969
1.5000 0.3937 0.1229 0.1007 0.1015
1.5100 0.3868 0.1297 0.1065 0.1068
1.5200 0.3811 0.1371 0.1129 0.1130
1.5300 0.3766 0.1452 0.1201 0.1198
1.5400 0.3734 0.1538 0.1280 0.1274
1.5500 0.3715 0.1630 0.1365 0.1355
1.5600 0.3709 0.1727 0.1456 0.1443
1.5700 0.3717 0.1829 0.1552 0.1536
1.5800 0.3737 0.1935 0.1653 0.1633
1.5900 0.3771 0.2045 0.1758 0.1736
1.6000 0.3816 0.2159 0.1867 0.1842
1.6100 0.3872 0.2276 0.1981 0.1952
1.6200 0.3939 0.2396 0.2097 0.2066
1.6300 0.4014 0.2518 0.2216 0.2182
1.6400 0.4098 0.2643 0.2338 0.2302
1.6500 0.4189 0.2770 0.2462 0.2423
1.6600 0.4285 0.2899 0.2588 0.2547
1.6700 0.4386 0.3029 0.2716 0.2672
1.6800 0.4490 0.3160 0.2845 0.2799
1.6900 0.4597 0.3293 0.2975 0.2927
1.7000 0.4705 0.3425 0.3106 0.3056
1.7100 0.4813 0.3559 0.3237 0.3186
1.7200 0.4921 0.3692 0.3369 0.3316
1.7300 0.5027 0.3825 0.3500 0.3447
1.7400 0.5131 0.3958 0.3632 0.3577
1.7500 0.5233 0.4090 0.3763 0.3707
1.7600 0.5331 0.4221 0.3893 0.3837
1.7700 0.5426 0.4351 0.4023 0.3966
1.7800 0.5516 0.4480 0.4151 0.4095
1.7900 0.5602 0.4607 0.4279 0.4222
1.8000 0.5684 0.4733 0.4404 0.4348
1.8100 0.5761 0.4856 0.4529 0.4473
1.8200 0.5833 0.4977 0.4651 0.4596
1.8300 0.5900 0.5096 0.4772 0.4718
1.8400 0.5963 0.5213 0.4891 0.4837
1.8500 0.6020 0.5326 0.5008 0.4955
1.8600 0.6074 0.5437 0.5122 0.5070
1.8700 0.6122 0.5545 0.5233 0.5182
1.8800 0.6167 0.5649 0.5343 0.5293
1.8900 0.6207 0.5751 0.5449 0.5400
1.9000 0.6243 0.5848 0.5553 0.5505
1.9100 0.6276 0.5942 0.5653 0.5607
1.9200 0.6305 0.6033 0.5751 0.5706
1.9300 0.6331 0.6119 0.5845 0.5801
1.9400 0.6353 0.6202 0.5936 0.5894
1.9500 0.6373 0.6280 0.6024 0.5983
1.9600 0.6390 0.6355 0.6108 0.6068
1.9700 0.6404 0.6425 0.6188 0.6150
1.9800 0.6416 0.6490 0.6265 0.6228
1.9900 0.6426 0.6552 0.6338 0.6303
2.0000 0.6434 0.6609 0.6407 0.6373
2.0100 0.6440 0.6661 0.6472 0.6440
2.0200 0.6444 0.6709 0.6533 0.6502
2.0300 0.6447 0.6752 0.6590 0.6561
2.0400 0.6449 0.6791 0.6643 0.6616
2.0500 0.6449 0.6825 0.6691 0.6666
2.0600 0.6448 0.6854 0.6735 0.6712
2.0700 0.6447 0.6879 0.6775 0.6754
2.0800 0.6444 0.6899 0.6810 0.6791
2.0900 0.6441 0.6914 0.6841 0.6824
2.1000 0.6438 0.6924 0.6868 0.6853
2.1100 0.6434 0.6930 0.6889 0.6877
2.1200 0.6430 0.6931 0.6907 0.6897
2.1300 0.6425 0.6927 0.6919 0.6912
2.1400 0.6421 0.6919 0.6927 0.6923
2.1500 0.6417 0.6906 0.6931 0.6929
2.1600 0.6413 0.6888 0.6930 0.6931
2.1700 0.6409 0.6866 0.6924 0.6928
2.1800 0.6406 0.6839 0.6914 0.6920
2.1900 0.6403 0.6807 0.6899 0.6908
2.2000 0.6401 0.6771 0.6879 0.6892
2.2100 0.6399 0.6731 0.6855 0.6870
2.2200 0.6397 0.6686 0.6826 0.6845
2.2300 0.6397 0.6637 0.6793 0.6814
2.2400 0.6397 0.6583 0.6755 0.6779
2.2500 0.6398 0.6525 0.6713 0.6740
2.2600 0.6399 0.6463 0.6666 0.6696
2.2700 0.6401 0.6396 0.6615 0.6648
2.2800 0.6404 0.6326 0.6560 0.6596
2.2900 0.6408 0.6251 0.6501 0.6539
2.3000 0.6412 0.6172 0.6437 0.6478
2.3100 0.6417 0.6089 0.6369 0.6413
2.3200 0.6423 0.6003 0.6297 0.6343
2.3300 0.6429 0.5912 0.6221 0.6270
2.3400 0.6436 0.5818 0.6141 0.6193
2.3500 0.6443 0.5720 0.6057 0.6111
2.3600 0.6451 0.5619 0.5970 0.6026
2.3700 0.6459 0.5514 0.5878 0.5938
2.3800 0.6469 0.5406 0.5783 0.5845
2.3900 0.6478 0.5294 0.5685 0.5749
2.4000 0.6489 0.5179 0.5583 0.5649
2.4100 0.6499 0.5061 0.5478 0.5547
2.4200 0.6511 0.4941 0.5369 0.5440
2.4300 0.6523 0.4817 0.5258 0.5331
2.4400 0.6536 0.4690 0.5143 0.5218
2.4500 0.6550 0.4561 0.5025 0.5103
2.4600 0.6564 0.4430 0.4905 0.4985
2.4700 0.6579 0.4296 0.4782 0.4864
2.4800 0.6595 0.4160 0.4656 0.4740
2.4900 0.6611 0.4022 0.4528 0.4614
2.5000 0.6628 0.3883 0.4398 0.4486
2.5100 0.6646 0.3741 0.4266 0.4355
2.5200 0.6665 0.3598 0.4131 0.4223
2.5300 0.6685 0.3454 0.3995 0.4088
2.5400 0.6705 0.3309 0.3858 0.3952
2.5500 0.6726 0.3163 0.3719 0.3815
2.5600 0.6747 0.3017 0.3578 0.3676
2.5700 0.6768 0.2870 0.3437 0.3536
2.5800 0.6789 0.2723 0.3295 0.3395
2.5900 0.6810 0.2576 0.3152 0.3253
2.6000 0.6831 0.2430 0.3009 0.3111
2.6100 0.6851 0.2284 0.2866 0.2968
2.6200 0.6869 0.2140 0.2722 0.2825
2.6300 0.6886 0.1997 0.2579 0.2683
2.6400 0.6901 0.1855 0.2437 0.2540
2.6500 0.6913 0.1715 0.2295 0.2399
2.6600 0.6922 0.1578 0.2154 0.2258
2.6700 0.6928 0.1443 0.2015 0.2118
2.6800 0.6928 0.1312 0.1877 0.1979
2.6900 0.6924 0.1184 0.1741 0.1842
2.7000 0.6914 0.1060 0.1607 0.1707
2.7100 0.6898 0.0940 0.1476 0.1574
2.7200 0.6874 0.0825 0.1348 0.1443
2.7300 0.6843 0.0716 0.1223 0.1315
2.7400 0.6803 0.0613 0.1101 0.1191
2.7500 0.6753 0.0516 0.0983 0.1069
2.7600 0.6694 0.0427 0.0870 0.0951
2.7700 0.6624 0.0346 0.0761 0.0838
2.7800 0.6542 0.0274 0.0657 0.0728
2.7900 0.6450 0.0213 0.0559 0.0624
2.8000 0.6344 0.0163 0.0467 0.0525
2.8100 0.6227 0.0126 0.0382 0.0433
2.8200 0.6097 0.0103 0.0304 0.0346
2.8300 0.5954 0.0097 0.0235 0.0267
2.8400 0.5798 0.0107 0.0175 0.0196
2.8500 0.5629 0.0133 0.0125 0.0134
2.8600 0.5448 0.0173 0.0087 0.0082
2.8700 0.5255 0.0226 0.0062 0.0041
2.8800 0.5050 0.0289 0.0054 0.0014
2.8900 0.4835 0.0362 0.0062 0.0005
2.9000 0.4610 0.0444 0.0085 0.0018
2.9100 0.4376 0.0533 0.0123 0.0047
2.9200 0.4135 0.0629 0.0172 0.0090
2.9300 0.3888 0.0731 0.0232 0.0144
2.9400 0.3637 0.0838 0.0301 0.0208
2.9500 0.3384 0.0951 0.0378 0.0281
2.9600 0.3131 0.1068 0.0462 0.0362
2.9700 0.2880 0.1189 0.0554 0.0451
2.9800 0.2634 0.1313 0.0651 0.0546
2.9900 0.2396 0.1441 0.0754 0.0647
3.0000 0.2169 0.1572 0.0863 0.0753
3.0100 0.1957 0.1705 0.0975 0.0864
3.0200 0.1763 0.1840 0.1093 0.0980
3.0300 0.1591 0.1976 0.1214 0.1100
3.0400 0.1444 0.2115 0.1338 0.1224
3.0500 0.1328 0.2254 0.1466 0.1350
3.0600 0.1244 0.2395 0.1597 0.1480
3.0700 0.1197 0.2536 0.1730 0.1612
3.0800 0.1187 0.2677 0.1865 0.1747
3.0900 0.1214 0.2819 0.2003 0.1883
3.1000 0.1279 0.2961 0.2142 0.2021
3.1100 0.1377 0.3103 0.2282 0.2161
3.1200 0.1505 0.3244 0.2424 0.2301
3.1300 0.1661 0.3385 0.2566 0.2442
3.1400 0.1839 0.3525 0.2709 0.2584
3.1500 0.2036 0.3664 0.2852 0.2727
3.1600 0.2249 0.3802 0.2995 0.2869
3.1700 0.2472 0.3938 0.3139 0.3011
3.1800 0.2705 0.4074 0.3282 0.3153
3.1900 0.2942 0.4207 0.3424 0.3295
3.2000 0.3183 0.4339 0.3565 0.3436
3.2100 0.3423 0.4469 0.3706 0.3576
3.2200 0.3662 0.4597 0.3845 0.3715
3.2300 0.3898 0.4723 0.3983 0.3853
3.2400 0.4128 0.4846 0.4120 0.3990
3.2500 0.4352 0.4967 0.4255 0.4125
3.2600 0.4567 0.5086 0.4387 0.4258
3.2700 0.4774 0.5202 0.4518 0.4390
3.2800 0.4971 0.5315 0.4647 0.4519
3.2900 0.5158 0.5425 0.4773 0.4647
3.3000 0.5334 0.5532 0.4896 0.4772
3.3100 0.5499 0.5636 0.5017 0.4895
3.3200 0.5652 0.5737 0.5135 0.5015
3.3300 0.5794 0.5834 0.5251 0.5133
3.3400 0.5925 0.5928 0.5363 0.5248
3.3500 0.6045 0.6018 0.5472 0.5359
3.3600 0.6154 0.6104 0.5577 0.5468
3.3700 0.6252 0.6187 0.5679 0.5574
3.3800 0.6341 0.6265 0.5778 0.5676
3.3900 0.6420 0.6340 0.5874 0.5775
3.4000 0.6491 0.6411 0.5965 0.5870
3.4100 0.6553 0.6477 0.6053 0.5961
3.4200 0.6608 0.6539 0.6137 0.6049
3.4300 0.6655 0.6597 0.6217 0.6134
3.4400 0.6696 0.6650 0.6293 0.6214
3.4500 0.6732 0.6699 0.6365 0.6290
3.4600 0.6762 0.6744 0.6433 0.6362
3.4700 0.6788 0.6783 0.6497 0.6431
3.4800 0.6810 0.6818 0.6557 0.6495
3.4900 0.6828 0.6849 0.6612 0.6554
3.5000 0.6843 0.6874 0.6663 0.6610
3.5100 0.6855 0.6895 0.6710 0.6661
3.5200 0.6865 0.6911 0.6752 0.6708
3.5300 0.6873 0.6922 0.6790 0.6750
3.5400 0.6880 0.6928 0.6823 0.6788
3.5500 0.6885 0.6930 0.6852 0.6822
3.5600 0.6889 0.6926 0.6877 0.6851
3.5700 0.6892 0.6918 0.6896 0.6875
3.5800 0.6894 0.6904 0.6912 0.6895
3.5900 0.6895 0.6886 0.6922 0.6911
3.6000 0.6896 0.6863 0.6928 0.6922
3.6100 0.6896 0.6835 0.6930 0.6928
3.6200 0.6895 0.6803 0.6926 0.6930
3.6300 0.6894 0.6766 0.6919 0.6927
3.6400 0.6892 0.6724 0.6906 0.6919
3.6500 0.6890 0.6677 0.6889 0.6908
3.6600 0.6888 0.6626 0.6868 0.6891
3.6700 0.6885 0.6571 0.6842 0.6870
3.6800 0.6882 0.6511 0.6811 0.6845
3.6900 0.6879 0.6446 0.6776 0.6815
3.7000 0.6875 0.6378 0.6737 0.6781
3.7100 0.6871 0.6306 0.6693 0.6742
3.7200 0.6866 0.6229 0.6645 0.6699
3.7300 0.6862 0.6149 0.6592 0.6651
3.7400 0.6857 0.6065 0.6535 0.6600
3.7500 0.6852 0.5977 0.6475 0.6544
3.7600 0.6846 0.5885 0.6410 0.6484
3.7700 0.6841 0.5791 0.6341 0.6420
3.7800 0.6835 0.5693 0.6268 0.6352
3.7900 0.6830 0.5592 0.6192 0.6281
3.8000 0.6824 0.5488 0.6111 0.6205
3.8100 0.6818 0.5381 0.6028 0.6126
3.8200 0.6813 0.5271 0.5940 0.6043
3.8300 0.6807 0.5159 0.5849 0.5956
3.8400 0.6801 0.5044 0.5755 0.5867
3.8500 0.6796 0.4928 0.5658 0.5773
3.8600 0.6790 0.4809 0.5557 0.5677
3.8700 0.6785 0.4688 0.5454 0.5577
3.8800 0.6779 0.4566 0.5347 0.5475
3.8900 0.6774 0.4442 0.5238 0.5369
3.9000 0.6769 0.4316 0.5127 0.5261
3.9100 0.6764 0.4190 0.5013 0.5151
3.9200 0.6759 0.4062 0.4896 0.5037
3.9300 0.6754 0.3933 0.4778 0.4922
3.9400 0.6749 0.3804 0.4657 0.4804
3.9500 0.6745 0.3675 0.4534 0.4684
3.9600 0.6741 0.3545 0.4410 0.4562
3.9700 0.6737 0.3414 0.4284 0.4439
3.9800 0.6733 0.3284 0.4157 0.4313
3.9900 0.6730 0.3155 0.4029 0.4187
4.0000 0.6727 0.3025 0.3900 0.4059
4.0100 0.6724 0.2897 0.3769 0.3931
4.0200 0.6722 0.2770 0.3638 0.3801
4.0300 0.6720 0.2643 0.3507 0.3671
4.0400 0.6719 0.2518 0.3376 0.3540
4.0500 0.6719 0.2395 0.3244 0.3409
4.0600 0.6720 0.2274 0.3113 0.3279
4.0700 0.6721 0.2155 0.2982 0.3148
4.0800 0.6723 0.2039 0.2852 0.3018
4.0900 0.6727 0.1925 0.2723 0.2889
4.1000 0.6731 0.1815 0.2595 0.2761
4.1100 0.6736 0.1708 0.2469 0.2634
4.1200 0.6743 0.1605 0.2344 0.2509
4.1300 0.6750 0.1507 0.2222 0.2385
4.1400 0.6759 0.1413 0.2102 0.2264
4.1500 0.6769 0.1324 0.1985 0.2146
4.1600 0.6779 0.1240 0.1872 0.2030
4.1700 0.6791 0.1163 0.1762 0.1917
4.1800 0.6804 0.1092 0.1656 0.1808
4.1900 0.6817 0.1029 0.1554 0.1703
4.2000 0.6831 0.0972 0.1457 0.1602
4.2100 0.6845 0.0924 0.1366 0.1506
4.2200 0.6859 0.0884 0.1280 0.1415
4.2300 0.6872 0.0853 0.1201 0.1329
4.2400 0.6885 0.0832 0.1128 0.1250
4.2500 0.6897 0.0820 0.1062 0.1177
4.2600 0.6908 0.0817 0.1004 0.1110
4.2700 0.6917 0.0824 0.0954 0.1051
4.2800 0.6924 0.0842 0.0913 0.1000
4.2900 0.6928 0.0868 0.0880 0.0956
4.3000 0.6929 0.0905 0.0857 0.0922
4.3100 0.6926 0.0950 0.0843 0.0896
4.3200 0.6920 0.1004 0.0839 0.0879
4.3300 0.6909 0.1067 0.0844 0.0871
4.3400 0.6893 0.1137 0.0859 0.0873
4.3500 0.6873 0.1215 0.0884 0.0884
4.3600 0.6846 0.1299 0.0917 0.0904
4.3700 0.6814 0.1390 0.0959 0.0934
4.3800 0.6776 0.1487 0.1010 0.0972
4.3900 0.6732 0.1590 0.1068 0.1018
4.4000 0.6682 0.1697 0.1134 0.1073
4.4100 0.6625 0.1810 0.1206 0.1135
4.4200 0.6562 0.1926 0.1285 0.1205
4.4300 0.6494 0.2046 0.1371 0.1281
4.4400 0.6419 0.2170 0.1461 0.1363
4.4500 0.6340 0.2296 0.1557 0.1451
4.4600 0.6255 0.2426 0.1658 0.1545
4.4700 0.6166 0.2557 0.1763 0.1643
4.4800 0.6073 0.2691 0.1871 0.1746
4.4900 0.5977 0.2826 0.1983 0.1853
4.5000 0.5878 0.2962 0.2099 0.1964
4.5100 0.5779 0.3099 0.2217 0.2078
4.5200 0.5678 0.3237 0.2338 0.2195
4.5300 0.5577 0.3375 0.2461 0.2315
4.5400 0.5478 0.3514 0.2586 0.2437
4.5500 0.5381 0.3652 0.2712 0.2561
4.5600 0.5287 0.3789 0.2840 0.2687
4.5700 0.5197 0.3926 0.2969 0.2814
4.5800 0.5112 0.4062 0.3099 0.2942
4.5900 0.5033 0.4197 0.3229 0.3072
4.6000 0.4961 0.4330 0.3360 0.3202
4.6100 0.4896 0.4462 0.3491 0.3332
4.6200 0.4839 0.4591 0.3622 0.3462
4.6300 0.4791 0.4719 0.3753 0.3593
4.6400 0.4751 0.4844 0.3883 0.3723
4.6500 0.4720 0.4967 0.4012 0.3853
4.6600 0.4699 0.5087 0.4141 0.3982
4.6700 0.4686 0.5205 0.4268 0.4110
4.6800 0.4683 0.5319 0.4394 0.4237
4.6900 0.4688 0.5431 0.4519 0.4362
4.7000 0.4702 0.5539 0.4642 0.4487
4.7100 0.4723 0.5643 0.4763 0.4609
4.7200 0.4752 0.5744 0.4882 0.4730
4.7300 0.4787 0.5842 0.4999 0.4849
4.7400 0.4827 0.5936 0.5114 0.4966
4.7500 0.4873 0.6026 0.5226 0.5081
4.7600 0.4922 0.6112 0.5336 0.5193
4.7700 0.4975 0.6194 0.5443 0.5303
4.7800 0.5031 0.6272 0.5547 0.5410
4.7900 0.5088 0.6346 0.5648 0.5515
4.8000 0.5147 0.6415 0.5746 0.5616
4.8100 0.5206 0.6481 0.5840 0.5714
4.8200 0.5265 0.6542 0.5932 0.5809
4.8300 0.5323 0.6598 0.6019 0.5901
4.8400 0.5380 0.6650 0.6103 0.5990
4.8500 0.5435 0.6698 0.6184 0.6075
4.8600 0.5488 0.6741 0.6261 0.6156
4.8700 0.5539 0.6780 0.6333 0.6234
4.8800 0.5587 0.6814 0.6402 0.6308
4.8900 0.5632 0.6844 0.6467 0.6378
4.9000 0.5674 0.6869 0.6528 0.6444
4.9100 0.5712 0.6890 0.6585 0.6506
4.9200 0.5747 0.6906 0.6637 0.6564
4.9300 0.5779 0.6917 0.6685 0.6618
4.9400 0.5807 0.6924 0.6729 0.6668
4.9500 0.5832 0.6926 0.6769 0.6713
4.9600 0.5853 0.6923 0.6804 0.6754
4.9700 0.5870 0.6916 0.6835 0.6791
4.9800 0.5884 0.6905 0.6861 0.6824
4.9900 0.5895 0.6889 0.6883 0.6852
5.0000 0.5902 0.6868 0.6901 0.6875
5.0100 0.5907 0.6843 0.6913 0.6894
5.0200 0.5908 0.6813 0.6922 0.6909
5.0300 0.5905 0.6779 0.6925 0.6919
5.0400 0.5900 0.6740 0.6925 0.6925
5.0500 0.5892 0.6696 0.6919 0.6926
5.0600 0.5882 0.6649 0.6909 0.6922
5.0700 0.5869 0.6597 0.6895 0.6914
5.0800 0.5853 0.6540 0.6875 0.6901
5.0900 0.5835 0.6479 0.6852 0.6884
5.1000 0.5815 0.6414 0.6823 0.6862
5.1100 0.5793 0.6345 0.6791 0.6836
5.1200 0.5770 0.6272 0.6753 0.6805
5.1300 0.5745 0.6194 0.6711 0.6769
5.1400 0.5719 0.6112 0.6665 0.6729
5.1500 0.5691 0.6026 0.6614 0.6685
5.1600 0.5663 0.5937 0.6559 0.6636
5.1700 0.5634 0.5843 0.6500 0.6583
5.1800 0.5605 0.5745 0.6436 0.6526
5.1900 0.5576 0.5644 0.6368 0.6464
5.2000 0.5547 0.5539 0.6296 0.6399
5.2100 0.5519 0.5431 0.6220 0.6329
5.2200 0.5491 0.5319 0.6140 0.6255
5.2300 0.5465 0.5204 0.6056 0.6177
5.2400 0.5439 0.5086 0.5968 0.6095
5.2500 0.5415 0.4964 0.5876 0.6009
5.2600 0.5392 0.4840 0.5780 0.5920
5.2700 0.5372 0.4713 0.5681 0.5827
5.2800 0.5353 0.4583 0.5579 0.5730
5.2900 0.5336 0.4450 0.5473 0.5630
5.3000 0.5322 0.4315 0.5364 0.5527
5.3100 0.5310 0.4178 0.5252 0.5420
5.3200 0.5300 0.4039 0.5136 0.5311
5.3300 0.5293 0.3898 0.5018 0.5198
5.3400 0.5289 0.3755 0.4898 0.5082
5.3500 0.5286 0.3611 0.4774 0.4964
5.3600 0.5287 0.3466 0.4649 0.4843
5.3700 0.5290 0.3320 0.4521 0.4719
5.3800 0.5296 0.3172 0.4391 0.4593
5.3900 0.5304 0.3025 0.4259 0.4465
5.4000 0.5314 0.2877 0.4125 0.4334
5.4100 0.5327 0.2729 0.3989 0.4202
5.4200 0.5342 0.2581 0.3852 0.4068
5.4300 0.5359 0.2434 0.3714 0.3932
5.4400 0.5379 0.2287 0.3575 0.3795
5.4500 0.5401 0.2142 0.3434 0.3656
5.4600 0.5425 0.1998 0.3293 0.3516
5.4700 0.5450 0.1855 0.3152 0.3375
5.4800 0.5478 0.1715 0.3010 0.3233
5.4900 0.5508 0.1577 0.2867 0.3091
5.5000 0.5540 0.1442 0.2725 0.2948
5.5100 0.5574 0.1310 0.2583 0.2805
5.5200 0.5610 0.1181 0.2441 0.2662
5.5300 0.5648 0.1056 0.2301 0.2520
5.5400 0.5688 0.0936 0.2161 0.2378
5.5500 0.5729 0.0820 0.2022 0.2237
5.5600 0.5773 0.0710 0.1884 0.2097
5.5700 0.5818 0.0605 0.1749 0.1958
5.5800 0.5865 0.0507 0.1615 0.1820
5.5900 0.5914 0.0415 0.1483 0.1685
5.6000 0.5964 0.0332 0.1354 0.1552
5.6100 0.6017 0.0257 0.1228 0.1421
5.6200 0.6070 0.0191 0.1105 0.1293
5.6300 0.6125 0.0136 0.0986 0.1168
5.6400 0.6181 0.0093 0.0871 0.1047
5.6500 0.6238 0.0065 0.0760 0.0930
5.6600 0.6296 0.0052 0.0654 0.0817
5.6700 0.6354 0.0057 0.0553 0.0709
5.6800 0.6412 0.0079 0.0458 0.0605
5.6900 0.6469 0.0116 0.0370 0.0508
5.7000 0.6526 0.0165 0.0289 0.0417
5.7100 0.6581 0.0226 0.0216 0.0332
5.7200 0.6635 0.0295 0.0152 0.0255
5.7300 0.6686 0.0374 0.0099 0.0186
5.7400 0.6733 0.0459 0.0056 0.0126
5.7500 0.6778 0.0552 0.0028 0.0077
5.7600 0.6817 0.0651 0.0017 0.0040
5.7700 0.6852 0.0755 0.0025 0.0016
5.7800 0.6881 0.0865 0.0052 0.0012
5.7900 0.6904 0.0978 0.0092 0.0027
5.8000 0.6919 0.1097 0.0145 0.0058
5.8100 0.6926 0.1218 0.0207 0.0102
5.8200 0.6925 0.1343 0.0279 0.0157
5.8300 0.6915 0.1472 0.0360 0.0221
5.8400 0.6895 0.1602 0.0447 0.0295
5.8500 0.6865 0.1735 0.0542 0.0376
5.8600 0.6824 0.1870 0.0642 0.0465
5.8700 0.6771 0.2007 0.0749 0.0560
5.8800 0.6708 0.2146 0.0860 0.0661
5.8900 0.6632 0.2285 0.0975 0.0767
5.9000 0.6545 0.2426 0.1095 0.0878
5.9100 0.6446 0.2567 0.1218 0.0994
5.9200 0.6336 0.2709 0.1345 0.1114
5.9300 0.6214 0.2851 0.1474 0.1237
5.9400 0.6082 0.2994 0.1607 0.1364
5.9500 0.5939 0.3136 0.1741 0.1494
5.9600 0.5787 0.3278 0.1877 0.1626
5.9700 0.5627 0.3419 0.2015 0.1761
5.9800 0.5459 0.3560 0.2155 0.1898
5.9900 0.5285 0.3700 0.2295 0.2036
6.0000 0.5106 0.3839 0.2436 0.2176
6.0100 0.4924 0.3976 0.2578 0.2317
6.0200 0.4741 0.4113 0.2721 0.2458
6.0300 0.4558 0.4247 0.2863 0.2601
6.0400 0.4377 0.4380 0.3005 0.2744
6.0500 0.4201 0.4511 0.3147 0.2886
6.0600 0.4032 0.4640 0.3289 0.3029
6.0700 0.3872 0.4767 0.3430 0.3172
6.0800 0.3724 0.4892 0.3570 0.3314
6.0900 0.3589 0.5014 0.3709 0.3455
6.1000 0.3470 0.5133 0.3847 0.3595
6.1100 0.3369 0.5250 0.3984 0.3734
6.1200 0.3287 0.5363 0.4119 0.3872
6.1300 0.3226 0.5474 0.4252 0.4009
6.1400 0.3187 0.5581 0.4384 0.4143
6.1500 0.3170 0.5685 0.4513 0.4277
6.1600 0.3177 0.5786 0.4641 0.4408
6.1700 0.3205 0.5883 0.4766 0.4537
6.1800 0.3255 0.5976 0.4888 0.4664
6.1900 0.3326 0.6065 0.5009 0.4789
6.2000 0.3416 0.6151 0.5126 0.4911
6.2100 0.3522 0.6232 0.5241 0.5030
6.2200 0.3644 0.6309 0.5353 0.5147
6.2300 0.3779 0.6383 0.5462 0.5261
6.2400 0.3924 0.6451 0.5568 0.5372
6.2500 0.4078 0.6516 0.5670 0.5481
6.2600 0.4237 0.6576 0.5769 0.5585
6.2700 0.4402 0.6631 0.5865 0.5687
6.2800 0.4568 0.6682 0.5957 0.5785
6.2900 0.4734 0.6728 0.6045 0.5880
6.3000 0.4900 0.6769 0.6129 0.5971
6.3100 0.5062 0.6806 0.6210 0.6058
6.3200 0.5221 0.6838 0.6287 0.6142
6.3300 0.5374 0.6865 0.6359 0.6222
6.3400 0.5520 0.6887 0.6428 0.6297
6.3500 0.5660 0.6905 0.6492 0.6369
6.3600 0.5792 0.6917 0.6552 0.6437
6.3700 0.5916 0.6925 0.6608 0.6500
6.3800 0.6031 0.6928 0.6659 0.6560
6.3900 0.6138 0.6926 0.6706 0.6615
6.4000 0.6236 0.6919 0.6749 0.6665
6.4100 0.6325 0.6907 0.6787 0.6711
6.4200 0.6405 0.6891 0.6821 0.6753
6.4300 0.6478 0.6870 0.6850 0.6791
6.4400 0.6542 0.6844 0.6874 0.6824
6.4500 0.6599 0.6813 0.6894 0.6852
6.4600 0.6649 0.6778 0.6909 0.6876
6.4700 0.6693 0.6739 0.6920 0.6895
6.4800 0.6730 0.6695 0.6926 0.6910
6.4900 0.6762 0.6647 0.6927 0.6920
6.5000 0.6789 0.6594 0.6924 0.6926
6.5100 0.6812 0.6537 0.6916 0.6927
6.5200 0.6831 0.6477 0.6904 0.6924
6.5300 0.6846 0.6412 0.6887 0.6916
6.5400 0.6859 0.6343 0.6866 0.6903
6.5500 0.6869 0.6270 0.6840 0.6886
6.5600 0.6877 0.6194 0.6810 0.6865
6.5700 0.6883 0.6114 0.6775 0.6839
6.5800 0.6887 0.6031 0.6736 0.6808
6.5900 0.6890 0.5944 0.6693 0.6774
6.6000 0.6892 0.5853 0.6645 0.6734
6.6100 0.6893 0.5760 0.6593 0.6691
6.6200 0.6893 0.5664 0.6537 0.6643
6.6300 0.6892 0.5564 0.6477 0.6591
6.6400 0.6890 0.5462 0.6413 0.6535
6.6500 0.6888 0.5357 0.6344 0.6475
6.6600 0.6884 0.5249 0.6272 0.6410
6.6700 0.6879 0.5140 0.6196 0.6342
6.6800 0.6874 0.5027 0.6116 0.6270
6.6900 0.6867 0.4913 0.6033 0.6194
6.7000 0.6860 0.4796 0.5945 0.6114
6.7100 0.6851 0.4678 0.5855 0.6031
6.7200 0.6841 0.4557 0.5761 0.5944
6.7300 0.6830 0.4436 0.5663 0.5854
6.7400 0.6817 0.4312 0.5563 0.5760
6.7500 0.6804 0.4187 0.5459 0.5663
6.7600 0.6789 0.4062 0.5353 0.5563
6.7700 0.6773 0.3935 0.5244 0.5460
6.7800 0.6756 0.3807 0.5131 0.5354
6.7900 0.6738 0.3678 0.5017 0.5246
6.8000 0.6719 0.3549 0.4900 0.5135
6.8100 0.6699 0.3420 0.4781 0.5021
6.8200 0.6678 0.3291 0.4660 0.4905
6.8300 0.6656 0.3161 0.4537 0.4787
6.8400 0.6633 0.3032 0.4412 0.4667
6.8500 0.6610 0.2904 0.4285 0.4545
6.8600 0.6586 0.2776 0.4157 0.4422
6.8700 0.6562 0.2649 0.4029 0.4297
6.8800 0.6537 0.2524 0.3899 0.4170
6.8900 0.6512 0.2400 0.3768 0.4043
6.9000 0.6487 0.2278 0.3637 0.3914
6.9100 0.6462 0.2158 0.3505 0.3785
6.9200 0.6436 0.2040 0.3374 0.3655
6.9300 0.6411 0.1926 0.3242 0.3524
6.9400 0.6385 0.1814 0.3111 0.3394
6.9500 0.6359 0.1706 0.2980 0.3263
6.9600 0.6334 0.1602 0.2851 0.3133
6.9700 0.6308 0.1503 0.2722 0.3003
6.9800 0.6283 0.1408 0.2595 0.2874
6.9900 0.6258 0.1319 0.2470 0.2746
7.0000 0.6233 0.1235 0.2346 0.2620
7.0100 0.6209 0.1158 0.2225 0.2495
7.0200 0.6185 0.1088 0.2106 0.2371
7.0300 0.6161 0.1026 0.1991 0.2250
7.0400 0.6138 0.0971 0.1878 0.2132
7.0500 0.6115 0.0925 0.1769 0.2016
7.0600 0.6094 0.0888 0.1664 0.1904
7.0700 0.6073 0.0861 0.1564 0.1795
7.0800 0.6052 0.0844 0.1468 0.1690
7.0900 0.6034 0.0836 0.1377 0.1590
7.1000 0.6016 0.0839 0.1291 0.1494
7.1100 0.5999 0.0852 0.1212 0.1403
7.1200 0.5985 0.0875 0.1139 0.1318
7.1300 0.5972 0.0909 0.1073 0.1239
7.1400 0.5961 0.0951 0.1015 0.1166
7.1500 0.5952 0.1004 0.0964 0.1101
7.1600 0.5946 0.1064 0.0921 0.1043
7.1700 0.5942 0.1134 0.0887 0.0992
7.1800 0.5941 0.1211 0.0862 0.0950
7.1900 0.5943 0.1295 0.0846 0.0916
7.2000 0.5948 0.1386 0.0840 0.0892
7.2100 0.5957 0.1483 0.0843 0.0876
7.2200 0.5969 0.1586 0.0855 0.0870
7.2300 0.5984 0.1694 0.0877 0.0873
7.2400 0.6004 0.1807 0.0908 0.0885
7.2500 0.6026 0.1924 0.0948 0.0906
7.2600 0.6053 0.2045 0.0996 0.0937
7.2700 0.6083 0.2169 0.1052 0.0976
7.2800 0.6116 0.2296 0.1116 0.1023
7.2900 0.6153 0.2426 0.1187 0.1079
7.3000 0.6192 0.2558 0.1265 0.1141
7.3100 0.6235 0.2692 0.1350 0.1211
7.3200 0.6279 0.2827 0.1440 0.1288
7.3300 0.6326 0.2963 0.1535 0.1370
7.3400 0.6374 0.3100 0.1635 0.1459
7.3500 0.6423 0.3238 0.1740 0.1553
7.3600 0.6473 0.3376 0.1849 0.1651
7.3700 0.6523 0.3513 0.1962 0.1754
7.3800 0.6572 0.3651 0.2078 0.1861
7.3900 0.6620 0.3787 0.2197 0.1972
7.4000 0.6666 0.3923 0.2319 0.2087
7.4100 0.6710 0.4058 0.2443 0.2204
7.4200 0.6751 0.4191 0.2569 0.2324
7.4300 0.6789 0.4323 0.2697 0.2446
7.4400 0.6823 0.4453 0.2826 0.2570
7.4500 0.6852 0.4582 0.2956 0.2696
7.4600 0.6877 0.4708 0.3087 0.2824
7.4700 0.6896 0.4831 0.3219 0.2952
7.4800 0.6911 0.4953 0.3351 0.3082
7.4900 0.6919 0.5071 0.3483 0.3212
7.5000 0.6922 0.5187 0.3614 0.3342
7.5100 0.6919 0.5300 0.3746 0.3473
7.5200 0.6910 0.5410 0.3876 0.3603
7.5300 0.6895 0.5517 0.4006 0.3734
7.5400 0.6875 0.5620 0.4135 0.3863
7.5500 0.6849 0.5720 0.4263 0.3992
7.5600 0.6818 0.5817 0.4389 0.4120
7.5700 0.6783 0.5910 0.4514 0.4247
7.5800 0.6743 0.5999 0.4637 0.4373
7.5900 0.6700 0.6085 0.4758 0.4497
7.6000 0.6653 0.6166 0.4876 0.4619
7.6100 0.6604 0.6244 0.4993 0.4740
7.6200 0.6553 0.6318 0.5107 0.4858
7.6300 0.6501 0.6388 0.5219 0.4975
7.6400 0.6449 0.6453 0.5328 0.5089
7.6500 0.6396 0.6515 0.5435 0.5201
7.6600 0.6344 0.6572 0.5538 0.5310
7.6700 0.6293 0.6625 0.5639 0.5417
7.6800 0.6245 0.6674 0.5736 0.5521
7.6900 0.6199 0.6718 0.5831 0.5622
7.7000 0.6155 0.6758 0.5922 0.5719
7.7100 0.6115 0.6794 0.6009 0.5814
7.7200 0.6079 0.6825 0.6093 0.5905
7.7300 0.6047 0.6852 0.6173 0.5993
7.7400 0.6018 0.6874 0.6250 0.6078
7.7500 0.5995 0.6892 0.6323 0.6159
7.7600 0.5975 0.6905 0.6392 0.6236
7.7700 0.5960 0.6914 0.6457 0.6310
7.7800 0.5948 0.6918 0.6518 0.6379
7.7900 0.5941 0.6918 0.6575 0.6445
7.8000 0.5937 0.6913 0.6628 0.6506
7.8100 0.5937 0.6903 0.6676 0.6564
7.8200 0.5940 0.6889 0.6720 0.6618
7.8300 0.5946 0.6870 0.6760 0.6667
7.8400 0.5954 0.6846 0.6796 0.6712
7.8500 0.5964 0.6818 0.6827 0.6752
7.8600 0.5976 0.6786 0.6854 0.6789
7.8700 0.5989 0.6748 0.6876 0.6821
7.8800 0.6002 0.6706 0.6893 0.6848
7.8900 0.6016 0.6660 0.6906 0.6871
7.9000 0.6030 0.6609 0.6915 0.6890
7.9100 0.6044 0.6554 0.6918 0.6904
7.9200 0.6057 0.6494 0.6918 0.6913
7.9300 0.6069 0.6430 0.6912 0.6918
7.9400 0.6080 0.6361 0.6902 0.6919
7.9500 0.6089 0.6288 0.6888 0.6914
7.9600 0.6097 0.6211 0.6869 0.6906
7.9700 0.6102 0.6130 0.6845 0.6892
7.9800 0.6105 0.6044 0.6817 0.6875
7.9900 0.6107 0.5955 0.6784 0.6852
8.0000 0.6105 0.5862 0.6747 0.6825
8.0100 0.6101 0.5764 0.6705 0.6794
8.0200 0.6094 0.5663 0.6659 0.6758
8.0300 0.6084 0.5558 0.6609 0.6718
8.0400 0.6072 0.5450 0.6554 0.6673
8.0500 0.6056 0.5338 0.6495 0.6624
8.0600 0.6037 0.5223 0.6432 0.6571
8.0700 0.6014 0.5105 0.6364 0.6513
8.0800 0.5988 0.4984 0.6293 0.6451
8.0900 0.5959 0.4860 0.6217 0.6385
8.1000 0.5926 0.4733 0.6138 0.6315
8.1100 0.5890 0.4603 0.6055 0.6240
8.1200 0.5851 0.4471 0.5968 0.6162
8.1300 0.5807 0.4337 0.5877 0.6080
8.1400 0.5761 0.4201 0.5783 0.5993
8.1500 0.5710 0.4063 0.5685 0.5904
8.1600 0.5657 0.3924 0.5584 0.5810
8.1700 0.5600 0.3783 0.5479 0.5713
8.1800 0.5541 0.3640 0.5371 0.5613
8.1900 0.5478 0.3497 0.5260 0.5509
8.2000 0.5413 0.3353 0.5146 0.5402
8.2100 0.5345 0.3208 0.5029 0.5292
8.2200 0.5275 0.3063 0.4909 0.5178
8.2300 0.5203 0.2918 0.4787 0.5062
8.2400 0.5130 0.2773 0.4662 0.4944
8.2500 0.5056 0.2629 0.4534 0.4822
8.2600 0.4980 0.2485 0.4405 0.4698
8.2700 0.4905 0.2342 0.4273 0.4572
8.2800 0.4830 0.2201 0.4139 0.4444
8.2900 0.4755 0.2061 0.4003 0.4313
8.3000 0.4681 0.1923 0.3866 0.4181
8.3100 0.4608 0.1787 0.3727 0.4047
8.3200 0.4538 0.1653 0.3587 0.3911
8.3300 0.4469 0.1523 0.3445 0.3774
8.3400 0.4404 0.1395 0.3303 0.3636
8.3500 0.4341 0.1271 0.3160 0.3496
8.3600 0.4283 0.1151 0.3017 0.3356
8.3700 0.4228 0.1035 0.2873 0.3214
8.3800 0.4177 0.0924 0.2729 0.3073
8.3900 0.4131 0.0818 0.2586 0.2930
8.4000 0.4089 0.0718 0.2443 0.2788
8.4100 0.4053 0.0624 0.2300 0.2646
8.4200 0.4021 0.0537 0.2159 0.2504
8.4300 0.3995 0.0458 0.2018 0.2362
8.4400 0.3975 0.0386 0.1879 0.2221
8.4500 0.3959 0.0324 0.1742 0.2082
8.4600 0.3950 0.0271 0.1607 0.1943
8.4700 0.3945 0.0230 0.1475 0.1806
8.4800 0.3946 0.0200 0.1345 0.1671
8.4900 0.3953 0.0184 0.1218 0.1537
8.5000 0.3965 0.0181 0.1095 0.1407
8.5100 0.3982 0.0191 0.0976 0.1279
8.5200 0.4004 0.0215 0.0861 0.1154
8.5300 0.4031 0.0251 0.0750 0.1033
8.5400 0.4063 0.0299 0.0645 0.0915
8.5500 0.4099 0.0357 0.0545 0.0802
8.5600 0.4140 0.0423 0.0452 0.0694
8.5700 0.4186 0.0498 0.0365 0.0591
8.5800 0.4236 0.0581 0.0285 0.0493
8.5900 0.4290 0.0670 0.0214 0.0402
8.6000 0.4348 0.0766 0.0152 0.0318
8.6100 0.4410 0.0867 0.0101 0.0242
8.6200 0.4476 0.0974 0.0061 0.0174
8.6300 0.4545 0.1085 0.0034 0.0115
8.6400 0.4618 0.1200 0.0025 0.0067
8.6500 0.4695 0.1319 0.0034 0.0032
8.6600 0.4775 0.1442 0.0060 0.0011
8.6700 0.4858 0.1567 0.0100 0.0010
8.6800 0.4944 0.1696 0.0152 0.0029
8.6900 0.5033 0.1827 0.0213 0.0063
8.7000 0.5124 0.1961 0.0284 0.0110
8.7100 0.5217 0.2096 0.0362 0.0167
8.7200 0.5313 0.2233 0.0448 0.0233
8.7300 0.5410 0.2372 0.0541 0.0308
8.7400 0.5509 0.2512 0.0639 0.0391
8.7500 0.5608 0.2652 0.0743 0.0480
8.7600 0.5708 0.2794 0.0852 0.0576
8.7700 0.5808 0.2936 0.0966 0.0678
8.7800 0.5907 0.3078 0.1083 0.0784
8.7900 0.6006 0.3220 0.1205 0.0896
8.8000 0.6103 0.3362 0.1330 0.1011
8.8100 0.6197 0.3503 0.1458 0.1131
8.8200 0.6289 0.3644 0.1589 0.1255
8.8300 0.6377 0.3785 0.1722 0.1381
8.8400 0.6461 0.3924 0.1857 0.1510
8.8500 0.6540 0.4062 0.1995 0.1643
8.8600 0.6614 0.4198 0.2133 0.1777
8.8700 0.6681 0.4333 0.2274 0.1913
8.8800 0.6741 0.4466 0.2415 0.2051
8.8900 0.6794 0.4597 0.2557 0.2191
8.9000 0.6839 0.4726 0.2700 0.2331
8.9100 0.6875 0.4853 0.2843 0.2473
8.9200 0.6902 0.4977 0.2986 0.2615
8.9300 0.6919 0.5099 0.3129 0.2758
8.9400 0.6926 0.5218 0.3272 0.2900
8.9500 0.6924 0.5333 0.3414 0.3043
8.9600 0.6910 0.5446 0.3556 0.3186
8.9700 0.6886 0.5555 0.3696 0.3328
8.9800 0.6852 0.5661 0.3835 0.3469
8.9900 0.6807 0.5764 0.3973 0.3609
9.0000 0.6753 0.5863 0.4110 0.3749
9.0100 0.6688 0.5957 0.4245 0.3887
9.0200 0.6615 0.6048 0.4378 0.4024
9.0300 0.6533 0.6135 0.4508 0.4159
9.0400 0.6443 0.6218 0.4637 0.4292
9.0500 0.6347 0.6297 0.4763 0.4423
9.0600 0.6245 0.6371 0.4887 0.4552
9.0700 0.6139 0.6441 0.5008 0.4679
9.0800 0.6029 0.6506 0.5126 0.4804
9.0900 0.5917 0.6567 0.5242 0.4926
9.1000 0.5805 0.6623 0.5354 0.5045
9.1100 0.5694 0.6675 0.5463 0.5162
9.1200 0.5586 0.6722 0.5569 0.5275
9.1300 0.5482 0.6764 0.5672 0.5386
9.1400 0.5384 0.6801 0.5771 0.5494
9.1500 0.5293 0.6834 0.5866 0.5598
9.1600 0.5210 0.6862 0.5958 0.5699
9.1700 0.5138 0.6884 0.6046 0.5797
9.1800 0.5077 0.6903 0.6130 0.5891
9.1900 0.5029 0.6916 0.6210 0.5981
9.2000 0.4993 0.6924 0.6287 0.6068
9.2100 0.4970 0.6928 0.6359 0.6151
9.2200 0.4962 0.6926 0.6427 0.6230
9.2300 0.4967 0.6920 0.6491 0.6305
9.2400 0.4986 0.6910 0.6551 0.6377
9.2500 0.5018 0.6894 0.6606 0.6444
9.2600 0.5063 0.6874 0.6658 0.6507
9.2700 0.5119 0.6849 0.6705 0.6566
9.2800 0.5185 0.6820 0.6747 0.6620
9.2900 0.5261 0.6786 0.6785 0.6670
9.3000 0.5344 0.6748 0.6819 0.6716
9.3100 0.5434 0.6705 0.6848 0.6758
9.3200 0.5529 0.6658 0.6872 0.6794
9.3300 0.5627 0.6607 0.6893 0.6827
9.3400 0.5728 0.6552 0.6908 0.6855
9.3500 0.5829 0.6492 0.6919 0.6878
9.3600 0.5929 0.6429 0.6925 0.6897
9.3700 0.6028 0.6361 0.6927 0.6912
9.3800 0.6125 0.6290 0.6925 0.6921
9.3900 0.6217 0.6214 0.6917 0.6926
9.4000 0.6305 0.6135 0.6905 0.6927
9.4100 0.6387 0.6053 0.6889 0.6923
9.4200 0.6464 0.5967 0.6868 0.6915
9.4300 0.6535 0.5877 0.6842 0.6902
9.4400 0.6599 0.5784 0.6812 0.6884
9.4500 0.6657 0.5688 0.6778 0.6862
9.4600 0.6708 0.5589 0.6739 0.6835
9.4700 0.6752 0.5486 0.6695 0.6804
9.4800 0.6790 0.5381 0.6648 0.6769
9.4900 0.6823 0.5273 0.6596 0.6729
9.5000 0.6849 0.5162 0.6540 0.6686
9.5100 0.6871 0.5048 0.6480 0.6637
9.5200 0.6888 0.4932 0.6415 0.6585
9.5300 0.6900 0.4814 0.6347 0.6528
9.5400 0.6909 0.4693 0.6275 0.6468
9.5500 0.6915 0.4571 0.6198 0.6403
9.5600 0.6919 0.4446 0.6119 0.6334
9.5700 0.6920 0.4319 0.6035 0.6262
9.5800 0.6920 0.4191 0.5948 0.6186
9.5900 0.6919 0.4062 0.5857 0.6105
9.6000 0.6918 0.3931 0.5764 0.6022
9.6100 0.6916 0.3798 0.5667 0.5935
9.6200 0.6914 0.3665 0.5566 0.5844
9.6300 0.6913 0.3531 0.5463 0.5750
9.6400 0.6911 0.3397 0.5357 0.5653
9.6500 0.6911 0.3262 0.5249 0.5553
9.6600 0.6911 0.3127 0.5137 0.5449
9.6700 0.6911 0.2992 0.5023 0.5343
9.6800 0.6912 0.2858 0.4907 0.5234
9.6900 0.6913 0.2724 0.4789 0.5123
9.7000 0.6915 0.2591 0.4669 0.5009
9.7100 0.6916 0.2459 0.4547 0.4893
9.7200 0.6917 0.2328 0.4423 0.4775
9.7300 0.6917 0.2200 0.4298 0.4654
9.7400 0.6917 0.2073 0.4171 0.4532
9.7500 0.6916 0.1949 0.4043 0.4409
9.7600 0.6914 0.1828 0.3914 0.4283
9.7700 0.6910 0.1711 0.3784 0.4157
9.7800 0.6904 0.1597 0.3654 0.4029
9.7900 0.6897 0.1487 0.3523 0.3900
9.8000 0.6887 0.1382 0.3392 0.3771
9.8100 0.6876 0.1282 0.3261 0.3641
9.8200 0.6862 0.1188 0.3130 0.3511
9.8300 0.6846 0.1101 0.3000 0.3381
9.8400 0.6827 0.1020 0.2870 0.3250
9.8500 0.6807 0.0947 0.2741 0.3121
9.8600 0.6783 0.0882 0.2614 0.2991
9.8700 0.6758 0.0826 0.2488 0.2863
9.8800 0.6730 0.0780 0.2364 0.2735
9.8900 0.6700 0.0743 0.2241 0.2609
9.9000 0.6668 0.0717 0.2122 0.2485
9.9100 0.6634 0.0702 0.2005 0.2362
9.9200 0.6598 0.0698 0.1891 0.2242
9.9300 0.6560 0.0704 0.1781 0.2124
9.9400 0.6520 0.0722 0.1674 0.2009
9.9500 0.6479 0.0751 0.1572 0.1897
9.9600 0.6436 0.0791 0.1475 0.1789
9.9700 0.6392 0.0840 0.1382 0.1684
9.9800 0.6347 0.0898 0.1296 0.1584
9.9900 0.6301 0.0966 0.1215 0.1489
10.0000 0.6253 0.1042 0.1141 0.1399
