 t	 x	 y	 z
0.0000 -0.0000 0.0000 0.0000
0.0130 0.0083 0.0013 0.0006
0.0260 0.0274 0.0046 0.0021
0.0390 0.0537 0.0093 0.0043
0.0520 0.0853 0.0152 0.0071
0.0650 0.1206 0.0222 0.0104
0.0780 0.1586 0.0302 0.0142
0.0910 0.1981 0.0389 0.0183
0.1040 0.2385 0.0483 0.0228
0.1170 0.2789 0.0584 0.0276
0.1300 0.3188 0.0689 0.0326
0.1430 0.3575 0.0799 0.0378
0.1560 0.3947 0.0913 0.0432
0.1690 0.4300 0.1029 0.0486
0.1820 0.4631 0.1148 0.0541
0.1950 0.4938 0.1269 0.0597
0.2080 0.5220 0.1390 0.0652
0.2210 0.5476 0.1512 0.0706
0.2340 0.5706 0.1635 0.0760
0.2470 0.5910 0.1756 0.0813
0.2600 0.6090 0.1877 0.0864
0.2730 0.6246 0.1997 0.0913
0.2860 0.6380 0.2115 0.0961
0.2990 0.6493 0.2232 0.1006
0.3120 0.6588 0.2346 0.1048
0.3250 0.6666 0.2457 0.1088
0.3380 0.6729 0.2566 0.1125
0.3510 0.6780 0.2671 0.1159
0.3640 0.6820 0.2773 0.1190
0.3770 0.6851 0.2872 0.1217
0.3900 0.6874 0.2967 0.1241
0.4030 0.6891 0.3058 0.1261
0.4160 0.6904 0.3145 0.1277
0.4290 0.6913 0.3228 0.1290
0.4420 0.6919 0.3306 0.1299
0.4550 0.6923 0.3380 0.1304
0.4680 0.6926 0.3450 0.1305
0.4810 0.6928 0.3515 0.1302
0.4940 0.6928 0.3576 0.1296
0.5070 0.6929 0.3632 0.1285
0.5200 0.6929 0.3683 0.1271
0.5330 0.6929 0.3729 0.1254
0.5460 0.6929 0.3771 0.1233
0.5590 0.6929 0.3808 0.1208
0.5720 0.6929 0.3840 0.1180
0.5850 0.6929 0.3868 0.1149
0.5980 0.6929 0.3891 0.1115
0.6110 0.6929 0.3909 0.1078
0.6240 0.6929 0.3922 0.1038
0.6370 0.6929 0.3931 0.0996
0.6500 0.6928 0.3936 0.0952
0.6630 0.6928 0.3936 0.0906
0.6760 0.6928 0.3932 0.0858
0.6890 0.6927 0.3924 0.0810
0.7020 0.6927 0.3911 0.0760
0.7150 0.6926 0.3895 0.0710
0.7280 0.6925 0.3875 0.0659
0.7410 0.6925 0.3851 0.0609
0.7540 0.6924 0.3823 0.0560
0.7670 0.6923 0.3792 0.0512
0.7800 0.6922 0.3758 0.0465
0.7930 0.6921 0.3721 0.0421
0.8060 0.6920 0.3681 0.0379
0.8190 0.6919 0.3639 0.0340
0.8320 0.6918 0.3594 0.0306
0.8450 0.6917 0.3548 0.0276
0.8580 0.6915 0.3499 0.0250
0.8710 0.6914 0.3449 0.0231
0.8840 0.6913 0.3399 0.0217
0.8970 0.6911 0.3347 0.0210
0.9100 0.6910 0.3295 0.0210
0.9230 0.6908 0.3243 0.0216
0.9360 0.6906 0.3191 0.0230
0.9490 0.6904 0.3140 0.0249
0.9620 0.6903 0.3090 0.0275
0.9750 0.6900 0.3042 0.0307
0.9880 0.6898 0.2996 0.0344
1.0010 0.6896 0.2953 0.0385
1.0140 0.6893 0.2913 0.0430
1.0270 0.6890 0.2877 0.0479
1.0400 0.6886 0.2845 0.0532
1.0530 0.6882 0.2817 0.0587
1.0660 0.6877 0.2795 0.0643
1.0790 0.6871 0.2778 0.0702
1.0920 0.6863 0.2767 0.0762
1.1050 0.6855 0.2763 0.0823
1.1180 0.6845 0.2765 0.0884
1.1310 0.6833 0.2775 0.0945
1.1440 0.6819 0.2792 0.1005
1.1570 0.6802 0.2817 0.1065
1.1700 0.6782 0.2849 0.1124
1.1830 0.6758 0.2890 0.1181
1.1960 0.6730 0.2938 0.1237
1.2090 0.6698 0.2994 0.1290
1.2220 0.6661 0.3057 0.1341
1.2350 0.6618 0.3128 0.1390
1.2480 0.6568 0.3207 0.1436
1.2610 0.6513 0.3292 0.1479
1.2740 0.6450 0.3383 0.1519
1.2870 0.6379 0.3480 0.1556
1.3000 0.6301 0.3583 0.1589
1.3130 0.6216 0.3691 0.1619
1.3260 0.6122 0.3803 0.1644
1.3390 0.6022 0.3919 0.1666
1.3520 0.5914 0.4039 0.1684
1.3650 0.5800 0.4161 0.1698
1.3780 0.5681 0.4284 0.1708
1.3910 0.5557 0.4410 0.1714
1.4040 0.5430 0.4536 0.1715
1.4170 0.5301 0.4663 0.1712
1.4300 0.5172 0.4789 0.1705
1.4430 0.5045 0.4914 0.1694
1.4560 0.4921 0.5038 0.1679
1.4690 0.4802 0.5160 0.1660
1.4820 0.4690 0.5280 0.1637
1.4950 0.4587 0.5398 0.1610
1.5080 0.4494 0.5512 0.1579
1.5210 0.4413 0.5623 0.1544
1.5340 0.4344 0.5730 0.1506
1.5470 0.4289 0.5833 0.1464
1.5600 0.4248 0.5932 0.1419
1.5730 0.4221 0.6026 0.1371
1.5860 0.4208 0.6116 0.1321
1.5990 0.4207 0.6201 0.1267
1.6120 0.4220 0.6281 0.1212
1.6250 0.4243 0.6356 0.1154
1.6380 0.4276 0.6426 0.1094
1.6510 0.4318 0.6491 0.1033
1.6640 0.4367 0.6550 0.0970
1.6770 0.4421 0.6605 0.0907
1.6900 0.4480 0.6655 0.0843
1.7030 0.4541 0.6700 0.0778
1.7160 0.4603 0.6740 0.0714
1.7290 0.4665 0.6776 0.0650
1.7420 0.4726 0.6807 0.0587
1.7550 0.4785 0.6834 0.0525
1.7680 0.4842 0.6857 0.0465
1.7810 0.4895 0.6877 0.0407
1.7940 0.4944 0.6892 0.0351
1.8070 0.4990 0.6905 0.0298
1.8200 0.5031 0.6915 0.0249
1.8330 0.5068 0.6922 0.0204
1.8460 0.5100 0.6927 0.0163
1.8590 0.5128 0.6930 0.0127
1.8720 0.5152 0.6931 0.0097
1.8850 0.5173 0.6931 0.0073
1.8980 0.5189 0.6930 0.0056
1.9110 0.5203 0.6927 0.0047
1.9240 0.5213 0.6925 0.0046
1.9370 0.5222 0.6922 0.0054
1.9500 0.5228 0.6919 0.0069
1.9630 0.5232 0.6916 0.0091
1.9760 0.5236 0.6913 0.0118
1.9890 0.5239 0.6911 0.0149
2.0020 0.5242 0.6909 0.0185
2.0150 0.5244 0.6907 0.0224
2.0280 0.5248 0.6907 0.0265
2.0410 0.5252 0.6907 0.0309
2.0540 0.5257 0.6908 0.0354
2.0670 0.5264 0.6909 0.0401
2.0800 0.5272 0.6911 0.0448
2.0930 0.5282 0.6913 0.0495
2.1060 0.5294 0.6915 0.0542
2.1190 0.5308 0.6918 0.0588
2.1320 0.5324 0.6921 0.0633
2.1450 0.5342 0.6924 0.0678
2.1580 0.5362 0.6926 0.0720
2.1710 0.5384 0.6929 0.0761
2.1840 0.5408 0.6930 0.0800
2.1970 0.5434 0.6931 0.0836
2.2100 0.5462 0.6931 0.0870
2.2230 0.5492 0.6930 0.0901
2.2360 0.5524 0.6928 0.0929
2.2490 0.5557 0.6925 0.0954
2.2620 0.5592 0.6920 0.0976
2.2750 0.5629 0.6914 0.0994
2.2880 0.5667 0.6906 0.1009
2.3010 0.5707 0.6897 0.1020
2.3140 0.5747 0.6886 0.1028
2.3270 0.5790 0.6874 0.1032
2.3400 0.5833 0.6860 0.1033
2.3530 0.5877 0.6845 0.1030
2.3660 0.5922 0.6828 0.1023
2.3790 0.5968 0.6810 0.1012
2.3920 0.6013 0.6790 0.0998
2.4050 0.6059 0.6770 0.0981
2.4180 0.6105 0.6748 0.0960
2.4310 0.6150 0.6726 0.0936
2.4440 0.6194 0.6703 0.0909
2.4570 0.6237 0.6681 0.0879
2.4700 0.6278 0.6658 0.0846
2.4830 0.6318 0.6635 0.0811
2.4960 0.6354 0.6613 0.0773
2.5090 0.6388 0.6592 0.0733
2.5220 0.6419 0.6572 0.0691
2.5350 0.6446 0.6553 0.0647
2.5480 0.6470 0.6536 0.0602
2.5610 0.6489 0.6521 0.0556
2.5740 0.6505 0.6509 0.0509
2.5870 0.6515 0.6498 0.0462
2.6000 0.6521 0.6491 0.0415
2.6130 0.6522 0.6486 0.0368
2.6260 0.6517 0.6484 0.0322
2.6390 0.6505 0.6485 0.0278
2.6520 0.6487 0.6489 0.0235
2.6650 0.6462 0.6496 0.0195
2.6780 0.6427 0.6506 0.0158
2.6910 0.6384 0.6519 0.0124
2.7040 0.6330 0.6535 0.0095
2.7170 0.6265 0.6553 0.0071
2.7300 0.6186 0.6574 0.0053
2.7430 0.6093 0.6597 0.0042
2.7560 0.5985 0.6621 0.0039
2.7690 0.5859 0.6647 0.0045
2.7820 0.5716 0.6674 0.0059
2.7950 0.5553 0.6701 0.0080
2.8080 0.5370 0.6729 0.0108
2.8210 0.5167 0.6757 0.0142
2.8340 0.4944 0.6784 0.0181
2.8470 0.4700 0.6810 0.0225
2.8600 0.4437 0.6834 0.0273
2.8730 0.4157 0.6857 0.0325
2.8860 0.3861 0.6877 0.0379
2.8990 0.3553 0.6895 0.0437
2.9120 0.3235 0.6909 0.0496
2.9250 0.2913 0.6920 0.0558
2.9380 0.2591 0.6928 0.0620
2.9510 0.2276 0.6931 0.0684
2.9640 0.1975 0.6930 0.0748
2.9770 0.1697 0.6924 0.0812
2.9900 0.1449 0.6914 0.0876
3.0030 0.1244 0.6899 0.0940
3.0160 0.1090 0.6879 0.1003
3.0290 0.0998 0.6853 0.1064
3.0420 0.0975 0.6823 0.1124
3.0550 0.1021 0.6787 0.1182
3.0680 0.1134 0.6746 0.1238
3.0810 0.1306 0.6701 0.1292
3.0940 0.1526 0.6650 0.1343
3.1070 0.1785 0.6596 0.1391
3.1200 0.2072 0.6536 0.1437
3.1330 0.2379 0.6474 0.1479
3.1460 0.2698 0.6407 0.1518
3.1590 0.3021 0.6338 0.1553
3.1720 0.3344 0.6266 0.1585
3.1850 0.3660 0.6193 0.1614
3.1980 0.3967 0.6118 0.1638
3.2110 0.4261 0.6042 0.1658
3.2240 0.4539 0.5967 0.1675
3.2370 0.4799 0.5893 0.1687
3.2500 0.5040 0.5820 0.1695
3.2630 0.5261 0.5749 0.1699
3.2760 0.5462 0.5681 0.1699
3.2890 0.5643 0.5618 0.1695
3.3020 0.5804 0.5558 0.1686
3.3150 0.5948 0.5504 0.1674
3.3280 0.6073 0.5456 0.1657
3.3410 0.6183 0.5413 0.1637
3.3540 0.6277 0.5378 0.1612
3.3670 0.6358 0.5350 0.1584
3.3800 0.6427 0.5329 0.1552
3.3930 0.6485 0.5317 0.1517
3.4060 0.6533 0.5312 0.1478
3.4190 0.6574 0.5315 0.1436
3.4320 0.6606 0.5326 0.1391
3.4450 0.6633 0.5345 0.1343
3.4580 0.6655 0.5371 0.1293
3.4710 0.6671 0.5405 0.1240
3.4840 0.6685 0.5445 0.1185
3.4970 0.6694 0.5492 0.1129
3.5100 0.6702 0.5544 0.1071
3.5230 0.6707 0.5601 0.1012
3.5360 0.6710 0.5663 0.0952
3.5490 0.6712 0.5729 0.0892
3.5620 0.6712 0.5799 0.0831
3.5750 0.6712 0.5870 0.0771
3.5880 0.6712 0.5944 0.0712
3.6010 0.6711 0.6018 0.0653
3.6140 0.6710 0.6094 0.0597
3.6270 0.6710 0.6169 0.0542
3.6400 0.6710 0.6243 0.0490
3.6530 0.6711 0.6315 0.0441
3.6660 0.6713 0.6386 0.0396
3.6790 0.6716 0.6454 0.0354
3.6920 0.6719 0.6519 0.0317
3.7050 0.6724 0.6580 0.0286
3.7180 0.6730 0.6637 0.0260
3.7310 0.6737 0.6690 0.0240
3.7440 0.6745 0.6738 0.0226
3.7570 0.6754 0.6781 0.0219
3.7700 0.6764 0.6819 0.0219
3.7830 0.6775 0.6851 0.0226
3.7960 0.6786 0.6878 0.0239
3.8090 0.6798 0.6900 0.0259
3.8220 0.6811 0.6915 0.0283
3.8350 0.6823 0.6925 0.0313
3.8480 0.6836 0.6930 0.0348
3.8610 0.6849 0.6930 0.0386
3.8740 0.6862 0.6924 0.0427
3.8870 0.6874 0.6914 0.0471
3.9000 0.6885 0.6899 0.0518
3.9130 0.6896 0.6881 0.0566
3.9260 0.6905 0.6858 0.0615
3.9390 0.6913 0.6833 0.0666
3.9520 0.6919 0.6804 0.0716
3.9650 0.6923 0.6774 0.0767
3.9780 0.6925 0.6741 0.0817
3.9910 0.6925 0.6707 0.0866
4.0040 0.6922 0.6673 0.0915
4.0170 0.6917 0.6638 0.0961
4.0300 0.6909 0.6604 0.1006
4.0430 0.6898 0.6570 0.1049
4.0560 0.6884 0.6538 0.1090
4.0690 0.6868 0.6507 0.1128
4.0820 0.6849 0.6478 0.1163
4.0950 0.6828 0.6452 0.1196
4.1080 0.6805 0.6428 0.1225
4.1210 0.6781 0.6408 0.1251
4.1340 0.6756 0.6390 0.1273
4.1470 0.6731 0.6376 0.1292
4.1600 0.6706 0.6365 0.1307
4.1730 0.6682 0.6358 0.1319
4.1860 0.6659 0.6354 0.1327
4.1990 0.6639 0.6354 0.1330
4.2120 0.6622 0.6357 0.1330
4.2250 0.6608 0.6364 0.1326
4.2380 0.6598 0.6374 0.1319
4.2510 0.6593 0.6386 0.1307
4.2640 0.6591 0.6401 0.1291
4.2770 0.6595 0.6419 0.1272
4.2900 0.6603 0.6439 0.1249
4.3030 0.6615 0.6461 0.1223
4.3160 0.6631 0.6485 0.1193
4.3290 0.6650 0.6510 0.1160
4.3420 0.6673 0.6536 0.1124
4.3550 0.6697 0.6563 0.1085
4.3680 0.6723 0.6590 0.1043
4.3810 0.6750 0.6617 0.0998
4.3940 0.6776 0.6644 0.0951
4.4070 0.6802 0.6671 0.0902
4.4200 0.6827 0.6697 0.0851
4.4330 0.6849 0.6723 0.0798
4.4460 0.6869 0.6747 0.0744
4.4590 0.6887 0.6770 0.0689
4.4720 0.6901 0.6791 0.0634
4.4850 0.6912 0.6812 0.0578
4.4980 0.6920 0.6830 0.0522
4.5110 0.6924 0.6847 0.0467
4.5240 0.6926 0.6862 0.0412
4.5370 0.6924 0.6875 0.0359
4.5500 0.6919 0.6887 0.0307
4.5630 0.6912 0.6897 0.0258
4.5760 0.6903 0.6905 0.0211
4.5890 0.6891 0.6912 0.0168
4.6020 0.6878 0.6917 0.0128
4.6150 0.6864 0.6922 0.0092
4.6280 0.6847 0.6925 0.0061
4.6410 0.6830 0.6927 0.0035
4.6540 0.6811 0.6928 0.0016
4.6670 0.6791 0.6929 0.0005
4.6800 0.6770 0.6929 0.0004
4.6930 0.6747 0.6929 0.0014
4.7060 0.6723 0.6929 0.0031
4.7190 0.6697 0.6929 0.0055
4.7320 0.6669 0.6928 0.0085
4.7450 0.6638 0.6928 0.0120
4.7580 0.6605 0.6928 0.0159
4.7710 0.6568 0.6928 0.0202
4.7840 0.6528 0.6928 0.0247
4.7970 0.6483 0.6928 0.0296
4.8100 0.6435 0.6929 0.0346
4.8230 0.6381 0.6929 0.0398
4.8360 0.6321 0.6929 0.0452
4.8490 0.6256 0.6930 0.0506
4.8620 0.6185 0.6929 0.0560
4.8750 0.6107 0.6929 0.0615
4.8880 0.6022 0.6927 0.0669
4.9010 0.5930 0.6925 0.0723
4.9140 0.5830 0.6921 0.0775
4.9270 0.5724 0.6917 0.0826
4.9400 0.5609 0.6910 0.0876
4.9530 0.5488 0.6902 0.0923
4.9660 0.5360 0.6891 0.0969
4.9790 0.5226 0.6878 0.1012
4.9920 0.5085 0.6862 0.1052
5.0050 0.4939 0.6843 0.1090
5.0180 0.4789 0.6821 0.1124
5.0310 0.4636 0.6796 0.1155
5.0440 0.4479 0.6766 0.1183
5.0570 0.4322 0.6733 0.1208
5.0700 0.4164 0.6695 0.1229
5.0830 0.4007 0.6653 0.1247
5.0960 0.3853 0.6607 0.1260
5.1090 0.3702 0.6555 0.1270
5.1220 0.3557 0.6499 0.1276
5.1350 0.3418 0.6437 0.1279
5.1480 0.3287 0.6370 0.1277
5.1610 0.3166 0.6298 0.1272
5.1740 0.3055 0.6221 0.1263
5.1870 0.2957 0.6139 0.1250
5.2000 0.2872 0.6051 0.1233
5.2130 0.2802 0.5959 0.1213
5.2260 0.2747 0.5862 0.1189
5.2390 0.2708 0.5759 0.1163
5.2520 0.2687 0.5653 0.1133
5.2650 0.2683 0.5542 0.1100
5.2780 0.2697 0.5427 0.1064
5.2910 0.2729 0.5309 0.1025
5.3040 0.2778 0.5187 0.0984
5.3170 0.2844 0.5062 0.0941
5.3300 0.2928 0.4935 0.0897
5.3430 0.3026 0.4807 0.0850
5.3560 0.3140 0.4676 0.0802
5.3690 0.3267 0.4545 0.0754
5.3820 0.3405 0.4413 0.0704
5.3950 0.3555 0.4282 0.0655
5.4080 0.3714 0.4151 0.0605
5.4210 0.3880 0.4021 0.0557
5.4340 0.4051 0.3893 0.0509
5.4470 0.4227 0.3768 0.0463
5.4600 0.4405 0.3645 0.0418
5.4730 0.4583 0.3526 0.0377
5.4860 0.4760 0.3411 0.0338
5.4990 0.4935 0.3301 0.0303
5.5120 0.5104 0.3196 0.0273
5.5250 0.5269 0.3096 0.0247
5.5380 0.5425 0.3002 0.0227
5.5510 0.5574 0.2915 0.0213
5.5640 0.5714 0.2835 0.0205
5.5770 0.5843 0.2761 0.0204
5.5900 0.5962 0.2695 0.0210
5.6030 0.6070 0.2637 0.0222
5.6160 0.6168 0.2586 0.0242
5.6290 0.6254 0.2543 0.0267
5.6420 0.6329 0.2508 0.0298
5.6550 0.6394 0.2480 0.0335
5.6680 0.6449 0.2461 0.0376
5.6810 0.6495 0.2448 0.0421
5.6940 0.6531 0.2443 0.0470
5.7070 0.6560 0.2445 0.0522
5.7200 0.6580 0.2454 0.0577
5.7330 0.6593 0.2469 0.0634
5.7460 0.6598 0.2490 0.0693
5.7590 0.6597 0.2516 0.0753
5.7720 0.6588 0.2546 0.0814
5.7850 0.6572 0.2582 0.0875
5.7980 0.6549 0.2621 0.0936
5.8110 0.6517 0.2663 0.0997
5.8240 0.6477 0.2708 0.1058
5.8370 0.6429 0.2755 0.1117
5.8500 0.6371 0.2804 0.1175
5.8630 0.6303 0.2854 0.1231
5.8760 0.6225 0.2905 0.1286
5.8890 0.6137 0.2956 0.1338
5.9020 0.6040 0.3007 0.1387
5.9150 0.5933 0.3058 0.1434
5.9280 0.5818 0.3107 0.1478
5.9410 0.5696 0.3156 0.1519
5.9540 0.5568 0.3202 0.1557
5.9670 0.5437 0.3247 0.1591
5.9800 0.5304 0.3289 0.1622
5.9930 0.5172 0.3329 0.1648
6.0060 0.5044 0.3366 0.1671
6.0190 0.4923 0.3400 0.1690
6.0320 0.4811 0.3432 0.1705
6.0450 0.4710 0.3459 0.1716
6.0580 0.4624 0.3484 0.1723
6.0710 0.4555 0.3505 0.1726
6.0840 0.4503 0.3522 0.1725
6.0970 0.4470 0.3535 0.1719
6.1100 0.4456 0.3545 0.1709
6.1230 0.4462 0.3550 0.1696
6.1360 0.4486 0.3552 0.1678
6.1490 0.4526 0.3549 0.1656
6.1620 0.4582 0.3543 0.1630
6.1750 0.4650 0.3532 0.1600
6.1880 0.4729 0.3518 0.1567
6.2010 0.4817 0.3499 0.1530
6.2140 0.4909 0.3476 0.1490
6.2270 0.5005 0.3449 0.1446
6.2400 0.5101 0.3417 0.1399
6.2530 0.5197 0.3382 0.1349
6.2660 0.5289 0.3342 0.1297
6.2790 0.5377 0.3298 0.1242
6.2920 0.5459 0.3250 0.1184
6.3050 0.5534 0.3197 0.1125
6.3180 0.5602 0.3141 0.1064
6.3310 0.5661 0.3081 0.1002
6.3440 0.5712 0.3016 0.0938
6.3570 0.5754 0.2948 0.0874
6.3700 0.5788 0.2875 0.0810
6.3830 0.5812 0.2799 0.0745
6.3960 0.5828 0.2719 0.0681
6.4090 0.5835 0.2636 0.0617
6.4220 0.5833 0.2549 0.0555
6.4350 0.5822 0.2459 0.0494
6.4480 0.5804 0.2365 0.0435
6.4610 0.5777 0.2269 0.0379
6.4740 0.5743 0.2170 0.0325
6.4870 0.5701 0.2068 0.0275
6.5000 0.5652 0.1964 0.0228
6.5130 0.5596 0.1858 0.0186
6.5260 0.5533 0.1751 0.0149
6.5390 0.5465 0.1642 0.0117
6.5520 0.5392 0.1533 0.0091
6.5650 0.5315 0.1423 0.0072
6.5780 0.5235 0.1313 0.0061
6.5910 0.5151 0.1203 0.0057
6.6040 0.5067 0.1094 0.0061
6.6170 0.4981 0.0987 0.0073
6.6300 0.4897 0.0882 0.0092
6.6430 0.4814 0.0780 0.0117
6.6560 0.4733 0.0681 0.0146
6.6690 0.4657 0.0587 0.0180
6.6820 0.4585 0.0498 0.0217
6.6950 0.4518 0.0414 0.0258
6.7080 0.4459 0.0338 0.0300
6.7210 0.4406 0.0270 0.0344
6.7340 0.4362 0.0211 0.0390
6.7470 0.4326 0.0164 0.0436
6.7600 0.4299 0.0129 0.0483
6.7730 0.4281 0.0108 0.0529
6.7860 0.4273 0.0104 0.0576
6.7990 0.4275 0.0116 0.0621
6.8120 0.4287 0.0144 0.0666
6.8250 0.4308 0.0187 0.0709
6.8380 0.4340 0.0241 0.0750
6.8510 0.4380 0.0307 0.0789
6.8640 0.4430 0.0383 0.0826
6.8770 0.4489 0.0467 0.0861
6.8900 0.4556 0.0559 0.0893
6.9030 0.4632 0.0658 0.0922
6.9160 0.4714 0.0762 0.0948
6.9290 0.4804 0.0871 0.0971
6.9420 0.4900 0.0985 0.0990
6.9550 0.5002 0.1102 0.1007
6.9680 0.5108 0.1223 0.1019
6.9810 0.5219 0.1345 0.1028
6.9940 0.5332 0.1470 0.1034
7.0070 0.5448 0.1596 0.1035
7.0200 0.5564 0.1722 0.1034
7.0330 0.5681 0.1849 0.1028
7.0460 0.5797 0.1976 0.1019
7.0590 0.5911 0.2102 0.1006
7.0720 0.6022 0.2226 0.0990
7.0850 0.6129 0.2350 0.0970
7.0980 0.6231 0.2471 0.0947
7.1110 0.6327 0.2591 0.0921
7.1240 0.6417 0.2707 0.0892
7.1370 0.6500 0.2821 0.0859
7.1500 0.6575 0.2932 0.0825
7.1630 0.6643 0.3039 0.0787
7.1760 0.6702 0.3143 0.0748
7.1890 0.6753 0.3243 0.0706
7.2020 0.6796 0.3339 0.0663
7.2150 0.6831 0.3431 0.0619
7.2280 0.6858 0.3519 0.0573
7.2410 0.6878 0.3602 0.0526
7.2540 0.6892 0.3681 0.0479
7.2670 0.6900 0.3755 0.0432
7.2800 0.6903 0.3825 0.0385
7.2930 0.6902 0.3890 0.0339
7.3060 0.6898 0.3951 0.0294
7.3190 0.6891 0.4007 0.0251
7.3320 0.6882 0.4058 0.0210
7.3450 0.6872 0.4104 0.0171
7.3580 0.6861 0.4146 0.0136
7.3710 0.6851 0.4183 0.0105
7.3840 0.6841 0.4216 0.0079
7.3970 0.6832 0.4244 0.0058
7.4100 0.6824 0.4268 0.0044
7.4230 0.6817 0.4288 0.0038
7.4360 0.6812 0.4303 0.0040
7.4490 0.6809 0.4313 0.0051
7.4620 0.6807 0.4320 0.0069
7.4750 0.6806 0.4322 0.0095
7.4880 0.6807 0.4321 0.0126
7.5010 0.6809 0.4315 0.0163
7.5140 0.6812 0.4305 0.0204
7.5270 0.6816 0.4292 0.0250
7.5400 0.6820 0.4274 0.0300
7.5530 0.6826 0.4253 0.0353
7.5660 0.6831 0.4229 0.0409
7.5790 0.6837 0.4201 0.0467
7.5920 0.6844 0.4169 0.0527
7.6050 0.6851 0.4135 0.0589
7.6180 0.6857 0.4097 0.0652
7.6310 0.6865 0.4057 0.0715
7.6440 0.6872 0.4014 0.0779
7.6570 0.6879 0.3968 0.0843
7.6700 0.6886 0.3921 0.0907
7.6830 0.6894 0.3871 0.0969
7.6960 0.6901 0.3820 0.1031
7.7090 0.6908 0.3767 0.1091
7.7220 0.6914 0.3713 0.1150
7.7350 0.6920 0.3659 0.1206
7.7480 0.6925 0.3605 0.1261
7.7610 0.6928 0.3551 0.1312
7.7740 0.6930 0.3497 0.1362
7.7870 0.6930 0.3445 0.1408
7.8000 0.6926 0.3395 0.1451
7.8130 0.6920 0.3346 0.1491
7.8260 0.6909 0.3301 0.1527
7.8390 0.6893 0.3259 0.1560
7.8520 0.6872 0.3222 0.1589
7.8650 0.6844 0.3189 0.1614
7.8780 0.6808 0.3161 0.1635
7.8910 0.6764 0.3138 0.1653
7.9040 0.6712 0.3122 0.1666
7.9170 0.6649 0.3112 0.1675
7.9300 0.6576 0.3110 0.1680
7.9430 0.6493 0.3115 0.1681
7.9560 0.6397 0.3128 0.1678
7.9690 0.6290 0.3148 0.1671
7.9820 0.6171 0.3177 0.1660
7.9950 0.6040 0.3213 0.1645
8.0080 0.5897 0.3258 0.1626
8.0210 0.5743 0.3311 0.1603
8.0340 0.5578 0.3371 0.1576
8.0470 0.5404 0.3439 0.1545
8.0600 0.5220 0.3515 0.1511
8.0730 0.5028 0.3597 0.1474
8.0860 0.4829 0.3685 0.1434
8.0990 0.4625 0.3780 0.1390
8.1120 0.4418 0.3880 0.1343
8.1250 0.4209 0.3985 0.1294
8.1380 0.4000 0.4094 0.1243
8.1510 0.3793 0.4207 0.1190
8.1640 0.3590 0.4323 0.1134
8.1770 0.3394 0.4441 0.1077
8.1900 0.3206 0.4562 0.1019
8.2030 0.3030 0.4684 0.0960
8.2160 0.2867 0.4806 0.0901
8.2290 0.2721 0.4929 0.0841
8.2420 0.2592 0.5052 0.0782
8.2550 0.2484 0.5173 0.0723
8.2680 0.2399 0.5293 0.0666
8.2810 0.2339 0.5412 0.0610
8.2940 0.2304 0.5527 0.0555
8.3070 0.2296 0.5640 0.0504
8.3200 0.2315 0.5749 0.0455
8.3330 0.2362 0.5855 0.0410
8.3460 0.2435 0.5957 0.0368
8.3590 0.2533 0.6054 0.0332
8.3720 0.2656 0.6147 0.0300
8.3850 0.2800 0.6234 0.0273
8.3980 0.2963 0.6317 0.0253
8.4110 0.3144 0.6394 0.0239
8.4240 0.3340 0.6466 0.0231
8.4370 0.3547 0.6532 0.0231
8.4500 0.3764 0.6593 0.0237
8.4630 0.3988 0.6648 0.0249
8.4760 0.4216 0.6698 0.0268
8.4890 0.4445 0.6742 0.0292
8.5020 0.4674 0.6781 0.0321
8.5150 0.4899 0.6814 0.0355
8.5280 0.5118 0.6843 0.0393
8.5410 0.5329 0.6867 0.0434
8.5540 0.5531 0.6887 0.0478
8.5670 0.5722 0.6902 0.0525
8.5800 0.5899 0.6914 0.0573
8.5930 0.6062 0.6922 0.0622
8.6060 0.6211 0.6927 0.0673
8.6190 0.6344 0.6929 0.0724
8.6320 0.6461 0.6929 0.0774
8.6450 0.6562 0.6927 0.0825
8.6580 0.6648 0.6923 0.0875
8.6710 0.6719 0.6917 0.0923
8.6840 0.6775 0.6911 0.0970
8.6970 0.6820 0.6904 0.1016
8.7100 0.6853 0.6896 0.1059
8.7230 0.6876 0.6888 0.1101
8.7360 0.6891 0.6881 0.1139
8.7490 0.6899 0.6874 0.1176
8.7620 0.6902 0.6867 0.1209
8.7750 0.6902 0.6862 0.1239
8.7880 0.6900 0.6857 0.1266
8.8010 0.6897 0.6853 0.1289
8.8140 0.6894 0.6850 0.1310
8.8270 0.6892 0.6849 0.1326
8.8400 0.6891 0.6848 0.1339
8.8530 0.6891 0.6849 0.1348
8.8660 0.6892 0.6851 0.1353
8.8790 0.6894 0.6854 0.1354
8.8920 0.6896 0.6857 0.1352
8.9050 0.6898 0.6862 0.1345
8.9180 0.6899 0.6868 0.1335
8.9310 0.6897 0.6874 0.1321
8.9440 0.6894 0.6880 0.1303
8.9570 0.6887 0.6887 0.1281
8.9700 0.6877 0.6894 0.1256
8.9830 0.6864 0.6900 0.1227
8.9960 0.6848 0.6906 0.1195
9.0090 0.6828 0.6912 0.1160
9.0220 0.6806 0.6917 0.1121
9.0350 0.6782 0.6921 0.1080
9.0480 0.6757 0.6924 0.1036
9.0610 0.6731 0.6925 0.0990
9.0740 0.6706 0.6925 0.0941
9.0870 0.6683 0.6924 0.0890
9.1000 0.6662 0.6921 0.0838
9.1130 0.6644 0.6916 0.0784
9.1260 0.6630 0.6910 0.0730
9.1390 0.6621 0.6901 0.0674
9.1520 0.6615 0.6891 0.0618
9.1650 0.6614 0.6879 0.0561
9.1780 0.6618 0.6866 0.0505
9.1910 0.6625 0.6851 0.0450
9.2040 0.6636 0.6835 0.0396
9.2170 0.6650 0.6817 0.0343
9.2300 0.6666 0.6799 0.0292
9.2430 0.6684 0.6780 0.0244
9.2560 0.6703 0.6760 0.0198
9.2690 0.6722 0.6740 0.0156
9.2820 0.6741 0.6720 0.0117
9.2950 0.6759 0.6700 0.0084
9.3080 0.6776 0.6680 0.0055
9.3210 0.6792 0.6662 0.0033
9.3340 0.6806 0.6644 0.0017
9.3470 0.6819 0.6628 0.0010
9.3600 0.6830 0.6613 0.0013
9.3730 0.6839 0.6601 0.0025
9.3860 0.6846 0.6590 0.0045
9.3990 0.6852 0.6581 0.0070
9.4120 0.6855 0.6575 0.0102
9.4250 0.6858 0.6571 0.0138
9.4380 0.6858 0.6570 0.0177
9.4510 0.6857 0.6571 0.0221
9.4640 0.6853 0.6575 0.0267
9.4770 0.6847 0.6582 0.0315
9.4900 0.6839 0.6591 0.0365
9.5030 0.6829 0.6602 0.0417
9.5160 0.6815 0.6615 0.0470
9.5290 0.6798 0.6631 0.0524
9.5420 0.6778 0.6649 0.0577
9.5550 0.6754 0.6668 0.0631
9.5680 0.6727 0.6688 0.0684
9.5810 0.6695 0.6710 0.0736
9.5940 0.6660 0.6732 0.0787
9.6070 0.6621 0.6755 0.0836
9.6200 0.6579 0.6778 0.0884
9.6330 0.6532 0.6800 0.0930
9.6460 0.6482 0.6822 0.0973
9.6590 0.6428 0.6843 0.1014
9.6720 0.6372 0.6863 0.1052
9.6850 0.6312 0.6880 0.1088
9.6980 0.6249 0.6896 0.1120
9.7110 0.6184 0.6908 0.1149
9.7240 0.6116 0.6918 0.1174
9.7370 0.6046 0.6925 0.1196
9.7500 0.5974 0.6928 0.1215
9.7630 0.5899 0.6927 0.1230
9.7760 0.5823 0.6922 0.1241
9.7890 0.5745 0.6913 0.1248
9.8020 0.5665 0.6899 0.1252
9.8150 0.5583 0.6881 0.1252
9.8280 0.5500 0.6858 0.1248
9.8410 0.5415 0.6831 0.1240
9.8540 0.5329 0.6798 0.1229
9.8670 0.5241 0.6762 0.1214
9.8800 0.5153 0.6721 0.1195
9.8930 0.5064 0.6676 0.1173
9.9060 0.4975 0.6626 0.1147
9.9190 0.4886 0.6574 0.1119
9.9320 0.4798 0.6517 0.1087
9.9450 0.4712 0.6458 0.1052
9.9580 0.4627 0.6397 0.1015
9.9710 0.4545 0.6333 0.0975
9.9840 0.4467 0.6268 0.0934
9.9970 0.4394 0.6202 0.0890
10.0100 0.4325 0.6135 0.0844
10.0230 0.4264 0.6069 0.0797
10.0360 0.4209 0.6003 0.0749
10.0490 0.4162 0.5938 0.0701
10.0620 0.4124 0.5876 0.0652
10.0750 0.4095 0.5815 0.0604
10.0880 0.4076 0.5758 0.0555
10.1010 0.4067 0.5704 0.0508
10.1140 0.4068 0.5654 0.0462
10.1270 0.4078 0.5609 0.0419
10.1400 0.4099 0.5568 0.0377
10.1530 0.4129 0.5533 0.0339
10.1660 0.4168 0.5504 0.0304
10.1790 0.4215 0.5481 0.0273
10.1920 0.4269 0.5464 0.0247
10.2050 0.4329 0.5453 0.0226
10.2180 0.4395 0.5449 0.0211
10.2310 0.4465 0.5452 0.0203
10.2440 0.4539 0.5461 0.0201
10.2570 0.4615 0.5478 0.0205
10.2700 0.4692 0.5500 0.0217
10.2830 0.4771 0.5529 0.0235
10.2960 0.4849 0.5564 0.0259
10.3090 0.4927 0.5605 0.0290
10.3220 0.5003 0.5650 0.0325
10.3350 0.5078 0.5701 0.0366
10.3480 0.5151 0.5756 0.0410
10.3610 0.5221 0.5815 0.0459
10.3740 0.5289 0.5877 0.0510
10.3870 0.5355 0.5942 0.0565
10.4000 0.5418 0.6009 0.0622
10.4130 0.5478 0.6077 0.0680
10.4260 0.5536 0.6146 0.0740
10.4390 0.5591 0.6216 0.0801
10.4520 0.5644 0.6284 0.0863
10.4650 0.5696 0.6352 0.0925
10.4780 0.5745 0.6418 0.0986
10.4910 0.5793 0.6481 0.1047
10.5040 0.5839 0.6542 0.1107
10.5170 0.5884 0.6600 0.1165
10.5300 0.5928 0.6653 0.1222
10.5430 0.5971 0.6703 0.1277
10.5560 0.6013 0.6748 0.1330
10.5690 0.6055 0.6789 0.1381
10.5820 0.6095 0.6824 0.1429
10.5950 0.6134 0.6854 0.1474
10.6080 0.6173 0.6879 0.1516
10.6210 0.6210 0.6898 0.1555
10.6340 0.6246 0.6912 0.1590
10.6470 0.6281 0.6921 0.1622
10.6600 0.6314 0.6925 0.1650
10.6730 0.6345 0.6923 0.1674
10.6860 0.6374 0.6916 0.1694
10.6990 0.6401 0.6905 0.1711
10.7120 0.6425 0.6890 0.1723
10.7250 0.6446 0.6870 0.1731
10.7380 0.6465 0.6847 0.1735
10.7510 0.6481 0.6820 0.1735
10.7640 0.6493 0.6790 0.1731
10.7770 0.6502 0.6758 0.1722
10.7900 0.6507 0.6724 0.1710
10.8030 0.6508 0.6688 0.1693
10.8160 0.6505 0.6650 0.1673
10.8290 0.6498 0.6613 0.1648
10.8420 0.6487 0.6574 0.1620
10.8550 0.6470 0.6536 0.1587
10.8680 0.6448 0.6499 0.1552
10.8810 0.6421 0.6463 0.1513
10.8940 0.6387 0.6428 0.1470
10.9070 0.6347 0.6395 0.1424
10.9200 0.6300 0.6364 0.1376
10.9330 0.6246 0.6336 0.1324
10.9460 0.6184 0.6311 0.1270
10.9590 0.6114 0.6289 0.1214
10.9720 0.6035 0.6270 0.1156
10.9850 0.5947 0.6255 0.1096
10.9980 0.5851 0.6244 0.1034
11.0110 0.5746 0.6236 0.0971
11.0240 0.5632 0.6232 0.0908
11.0370 0.5509 0.6232 0.0843
11.0500 0.5378 0.6235 0.0779
11.0630 0.5240 0.6242 0.0715
11.0760 0.5094 0.6253 0.0651
11.0890 0.4942 0.6266 0.0588
11.1020 0.4784 0.6283 0.0527
11.1150 0.4622 0.6303 0.0467
11.1280 0.4457 0.6325 0.0410
11.1410 0.4289 0.6349 0.0355
11.1540 0.4121 0.6375 0.0304
11.1670 0.3954 0.6403 0.0256
11.1800 0.3789 0.6432 0.0212
11.1930 0.3629 0.6461 0.0173
11.2060 0.3473 0.6491 0.0140
11.2190 0.3325 0.6522 0.0112
11.2320 0.3185 0.6552 0.0091
11.2450 0.3056 0.6582 0.0076
11.2580 0.2938 0.6611 0.0070
11.2710 0.2834 0.6639 0.0071
11.2840 0.2744 0.6667 0.0080
11.2970 0.2671 0.6693 0.0096
11.3100 0.2615 0.6717 0.0118
11.3230 0.2577 0.6740 0.0145
11.3360 0.2558 0.6762 0.0177
11.3490 0.2558 0.6782 0.0213
11.3620 0.2579 0.6800 0.0252
11.3750 0.2619 0.6817 0.0293
11.3880 0.2678 0.6832 0.0336
11.4010 0.2757 0.6845 0.0381
11.4140 0.2853 0.6857 0.0427
11.4270 0.2967 0.6867 0.0473
11.4400 0.3096 0.6876 0.0519
11.4530 0.3240 0.6884 0.0565
11.4660 0.3397 0.6891 0.0611
11.4790 0.3564 0.6897 0.0655
11.4920 0.3740 0.6901 0.0699
11.5050 0.3924 0.6905 0.0740
11.5180 0.4113 0.6909 0.0780
11.5310 0.4305 0.6911 0.0817
11.5440 0.4499 0.6913 0.0853
11.5570 0.4692 0.6915 0.0885
11.5700 0.4883 0.6916 0.0915
11.5830 0.5069 0.6917 0.0942
11.5960 0.5250 0.6917 0.0966
11.6090 0.5423 0.6917 0.0986
11.6220 0.5587 0.6916 0.1004
11.6350 0.5742 0.6915 0.1017
11.6480 0.5886 0.6914 0.1028
11.6610 0.6018 0.6911 0.1034
11.6740 0.6138 0.6908 0.1038
11.6870 0.6247 0.6904 0.1037
11.7000 0.6343 0.6899 0.1033
11.7130 0.6427 0.6892 0.1025
11.7260 0.6500 0.6884 0.1014
11.7390 0.6562 0.6874 0.0999
11.7520 0.6614 0.6862 0.0981
11.7650 0.6657 0.6848 0.0959
11.7780 0.6692 0.6831 0.0934
11.7910 0.6719 0.6811 0.0907
11.8040 0.6740 0.6789 0.0876
11.8170 0.6756 0.6762 0.0842
11.8300 0.6767 0.6732 0.0806
11.8430 0.6774 0.6699 0.0767
11.8560 0.6778 0.6661 0.0726
11.8690 0.6779 0.6618 0.0684
11.8820 0.6776 0.6571 0.0639
11.8950 0.6771 0.6519 0.0594
11.9080 0.6764 0.6462 0.0547
11.9210 0.6753 0.6400 0.0500
11.9340 0.6740 0.6333 0.0453
11.9470 0.6723 0.6261 0.0406
11.9600 0.6704 0.6183 0.0359
11.9730 0.6681 0.6100 0.0313
11.9860 0.6656 0.6012 0.0269
11.9990 0.6628 0.5919 0.0227
12.0120 0.6599 0.5820 0.0187
12.0250 0.6569 0.5717 0.0151
12.0380 0.6538 0.5609 0.0118
12.0510 0.6508 0.5496 0.0089
12.0640 0.6479 0.5379 0.0066
12.0770 0.6454 0.5258 0.0049
12.0900 0.6432 0.5134 0.0039
12.1030 0.6415 0.5006 0.0038
12.1160 0.6404 0.4875 0.0045
12.1290 0.6399 0.4742 0.0059
12.1420 0.6401 0.4606 0.0082
12.1550 0.6410 0.4469 0.0110
12.1680 0.6426 0.4331 0.0145
12.1810 0.6449 0.4192 0.0184
12.1940 0.6477 0.4053 0.0228
12.2070 0.6511 0.3914 0.0276
12.2200 0.6548 0.3776 0.0327
12.2330 0.6588 0.3639 0.0381
12.2460 0.6629 0.3505 0.0438
12.2590 0.6670 0.3373 0.0497
12.2720 0.6709 0.3244 0.0557
12.2850 0.6746 0.3119 0.0619
12.2980 0.6778 0.2998 0.0682
12.3110 0.6806 0.2883 0.0745
12.3240 0.6828 0.2773 0.0808
12.3370 0.6844 0.2669 0.0871
12.3500 0.6853 0.2571 0.0933
12.3630 0.6856 0.2481 0.0994
12.3760 0.6852 0.2398 0.1055
12.3890 0.6841 0.2324 0.1113
12.4020 0.6825 0.2257 0.1170
12.4150 0.6804 0.2199 0.1225
12.4280 0.6778 0.2150 0.1277
12.4410 0.6749 0.2110 0.1327
12.4540 0.6717 0.2078 0.1374
12.4670 0.6683 0.2055 0.1418
12.4800 0.6648 0.2041 0.1459
12.4930 0.6612 0.2034 0.1496
12.5060 0.6576 0.2036 0.1530
12.5190 0.6542 0.2045 0.1561
12.5320 0.6509 0.2062 0.1587
12.5450 0.6478 0.2085 0.1610
12.5580 0.6449 0.2113 0.1629
12.5710 0.6423 0.2147 0.1644
12.5840 0.6400 0.2186 0.1654
12.5970 0.6380 0.2229 0.1661
12.6100 0.6363 0.2275 0.1663
12.6230 0.6349 0.2324 0.1662
12.6360 0.6338 0.2375 0.1656
12.6490 0.6330 0.2428 0.1646
12.6620 0.6326 0.2482 0.1632
12.6750 0.6324 0.2537 0.1615
12.6880 0.6326 0.2592 0.1593
12.7010 0.6332 0.2647 0.1568
12.7140 0.6340 0.2701 0.1538
12.7270 0.6352 0.2754 0.1506
12.7400 0.6367 0.2806 0.1470
12.7530 0.6385 0.2856 0.1431
12.7660 0.6407 0.2904 0.1389
12.7790 0.6431 0.2949 0.1344
12.7920 0.6459 0.2992 0.1296
12.8050 0.6489 0.3033 0.1246
12.8180 0.6522 0.3070 0.1194
12.8310 0.6557 0.3104 0.1140
12.8440 0.6593 0.3135 0.1084
12.8570 0.6631 0.3163 0.1027
12.8700 0.6670 0.3187 0.0969
12.8830 0.6708 0.3207 0.0911
12.8960 0.6745 0.3224 0.0852
12.9090 0.6780 0.3237 0.0794
12.9220 0.6811 0.3245 0.0736
12.9350 0.6839 0.3250 0.0679
12.9480 0.6862 0.3250 0.0623
12.9610 0.6878 0.3246 0.0570
12.9740 0.6887 0.3238 0.0518
12.9870 0.6888 0.3226 0.0470
13.0000 0.6880 0.3209 0.0424
13.0130 0.6861 0.3187 0.0383
13.0260 0.6832 0.3162 0.0346
13.0390 0.6791 0.3131 0.0314
13.0520 0.6738 0.3096 0.0287
13.0650 0.6673 0.3057 0.0266
13.0780 0.6595 0.3013 0.0252
13.0910 0.6506 0.2965 0.0243
13.1040 0.6404 0.2912 0.0242
13.1170 0.6290 0.2855 0.0247
13.1300 0.6166 0.2794 0.0258
13.1430 0.6031 0.2728 0.0276
13.1560 0.5886 0.2658 0.0299
13.1690 0.5732 0.2584 0.0327
13.1820 0.5571 0.2507 0.0360
13.1950 0.5404 0.2425 0.0397
13.2080 0.5231 0.2340 0.0438
13.2210 0.5054 0.2252 0.0481
13.2340 0.4874 0.2161 0.0527
13.2470 0.4693 0.2066 0.0576
13.2600 0.4511 0.1970 0.0625
13.2730 0.4331 0.1871 0.0676
13.2860 0.4152 0.1770 0.0727
13.2990 0.3978 0.1667 0.0778
13.3120 0.3807 0.1563 0.0829
13.3250 0.3643 0.1458 0.0879
13.3380 0.3486 0.1353 0.0929
13.3510 0.3338 0.1249 0.0977
13.3640 0.3199 0.1144 0.1023
