 t	 x	 y	 z
0.0000 -0.0000 0.0000 0.0000
0.0100 0.0043 0.0011 0.0010
0.0200 0.0144 0.0038 0.0036
0.0300 0.0287 0.0077 0.0073
0.0400 0.0463 0.0126 0.0121
0.0500 0.0666 0.0185 0.0178
0.0600 0.0890 0.0252 0.0242
0.0700 0.1131 0.0327 0.0314
0.0800 0.1386 0.0409 0.0393
0.0900 0.1650 0.0496 0.0477
0.1000 0.1921 0.0590 0.0567
0.1100 0.2197 0.0688 0.0662
0.1200 0.2474 0.0791 0.0762
0.1300 0.2751 0.0899 0.0865
0.1400 0.3025 0.1010 0.0973
0.1500 0.3295 0.1124 0.1084
0.1600 0.3559 0.1242 0.1199
0.1700 0.3816 0.1363 0.1316
0.1800 0.4065 0.1486 0.1436
0.1900 0.4304 0.1612 0.1558
0.2000 0.4533 0.1739 0.1682
0.2100 0.4751 0.1868 0.1808
0.2200 0.4957 0.1999 0.1936
0.2300 0.5152 0.2130 0.2065
0.2400 0.5334 0.2263 0.2195
0.2500 0.5504 0.2396 0.2326
0.2600 0.5662 0.2530 0.2458
0.2700 0.5808 0.2665 0.2590
0.2800 0.5942 0.2799 0.2723
0.2900 0.6064 0.2934 0.2856
0.3000 0.6176 0.3068 0.2989
0.3100 0.6276 0.3202 0.3121
0.3200 0.6367 0.3335 0.3254
0.3300 0.6447 0.3468 0.3386
0.3400 0.6519 0.3600 0.3517
0.3500 0.6582 0.3731 0.3647
0.3600 0.6638 0.3860 0.3777
0.3700 0.6686 0.3989 0.3905
0.3800 0.6728 0.4116 0.4032
0.3900 0.6764 0.4241 0.4158
0.4000 0.6795 0.4365 0.4283
0.4100 0.6821 0.4487 0.4405
0.4200 0.6842 0.4607 0.4526
0.4300 0.6861 0.4725 0.4645
0.4400 0.6876 0.4841 0.4762
0.4500 0.6888 0.4955 0.4877
0.4600 0.6898 0.5067 0.4990
0.4700 0.6906 0.5176 0.5100
0.4800 0.6912 0.5282 0.5208
0.4900 0.6917 0.5386 0.5314
0.5000 0.6921 0.5487 0.5416
0.5100 0.6924 0.5586 0.5516
0.5200 0.6926 0.5682 0.5613
0.5300 0.6928 0.5774 0.5708
0.5400 0.6929 0.5864 0.5799
0.5500 0.6930 0.5950 0.5887
0.5600 0.6930 0.6034 0.5972
0.5700 0.6931 0.6114 0.6054
0.5800 0.6931 0.6190 0.6132
0.5900 0.6931 0.6263 0.6207
0.6000 0.6931 0.6333 0.6279
0.6100 0.6931 0.6399 0.6347
0.6200 0.6931 0.6462 0.6411
0.6300 0.6931 0.6521 0.6472
0.6400 0.6931 0.6576 0.6530
0.6500 0.6931 0.6627 0.6583
0.6600 0.6931 0.6675 0.6633
0.6700 0.6931 0.6718 0.6679
0.6800 0.6931 0.6758 0.6722
0.6900 0.6931 0.6793 0.6760
0.7000 0.6931 0.6825 0.6795
0.7100 0.6930 0.6853 0.6825
0.7200 0.6930 0.6876 0.6852
0.7300 0.6930 0.6895 0.6875
0.7400 0.6930 0.6911 0.6894
0.7500 0.6930 0.6922 0.6909
0.7600 0.6930 0.6928 0.6920
0.7700 0.6930 0.6931 0.6928
0.7800 0.6930 0.6930 0.6931
0.7900 0.6930 0.6924 0.6930
0.8000 0.6930 0.6914 0.6926
0.8100 0.6930 0.6900 0.6917
0.8200 0.6930 0.6882 0.6904
0.8300 0.6930 0.6859 0.6888
0.8400 0.6930 0.6833 0.6868
0.8500 0.6929 0.6803 0.6844
0.8600 0.6929 0.6768 0.6815
0.8700 0.6929 0.6730 0.6784
0.8800 0.6929 0.6687 0.6748
0.8900 0.6929 0.6641 0.6709
0.9000 0.6929 0.6591 0.6666
0.9100 0.6929 0.6537 0.6619
0.9200 0.6929 0.6479 0.6568
0.9300 0.6928 0.6418 0.6514
0.9400 0.6928 0.6353 0.6457
0.9500 0.6928 0.6285 0.6396
0.9600 0.6927 0.6213 0.6332
0.9700 0.6927 0.6138 0.6264
0.9800 0.6926 0.6060 0.6193
0.9900 0.6926 0.5979 0.6119
1.0000 0.6925 0.5895 0.6041
1.0100 0.6924 0.5808 0.5961
1.0200 0.6923 0.5718 0.5878
1.0300 0.6921 0.5626 0.5791
1.0400 0.6919 0.5531 0.5702
1.0500 0.6917 0.5434 0.5611
1.0600 0.6914 0.5334 0.5516
1.0700 0.6910 0.5232 0.5419
1.0800 0.6906 0.5128 0.5320
1.0900 0.6901 0.5022 0.5219
1.1000 0.6894 0.4915 0.5115
1.1100 0.6886 0.4805 0.5010
1.1200 0.6877 0.4694 0.4902
1.1300 0.6866 0.4582 0.4793
1.1400 0.6853 0.4469 0.4682
1.1500 0.6838 0.4354 0.4570
1.1600 0.6820 0.4239 0.4456
1.1700 0.6800 0.4123 0.4341
1.1800 0.6776 0.4006 0.4225
1.1900 0.6749 0.3889 0.4107
1.2000 0.6717 0.3771 0.3990
1.2100 0.6682 0.3653 0.3871
1.2200 0.6642 0.3535 0.3752
1.2300 0.6598 0.3418 0.3633
1.2400 0.6548 0.3300 0.3513
1.2500 0.6493 0.3183 0.3394
1.2600 0.6432 0.3067 0.3275
1.2700 0.6366 0.2952 0.3156
1.2800 0.6294 0.2838 0.3038
1.2900 0.6216 0.2725 0.2920
1.3000 0.6131 0.2614 0.2804
1.3100 0.6041 0.2504 0.2689
1.3200 0.5945 0.2396 0.2575
1.3300 0.5843 0.2291 0.2463
1.3400 0.5736 0.2187 0.2353
1.3500 0.5624 0.2087 0.2245
1.3600 0.5508 0.1989 0.2139
1.3700 0.5388 0.1895 0.2037
1.3800 0.5264 0.1804 0.1937
1.3900 0.5138 0.1717 0.1840
1.4000 0.5011 0.1634 0.1747
1.4100 0.4883 0.1555 0.1658
1.4200 0.4755 0.1481 0.1574
1.4300 0.4629 0.1412 0.1494
1.4400 0.4505 0.1349 0.1418
1.4500 0.4386 0.1291 0.1348
1.4600 0.4271 0.1239 0.1284
1.4700 0.4163 0.1194 0.1225
1.4800 0.4062 0.1155 0.1173
1.4900 0.3970 0.1123 0.1128
1.5000 0.3888 0.1099 0.1089
1.5100 0.3817 0.1082 0.1058
1.5200 0.3757 0.1073 0.1034
1.5300 0.3710 0.1071 0.1018
1.5400 0.3675 0.1077 0.1010
1.5500 0.3654 0.1091 0.1009
1.5600 0.3647 0.1113 0.1016
1.5700 0.3652 0.1142 0.1032
1.5800 0.3671 0.1179 0.1054
1.5900 0.3703 0.1223 0.1085
1.6000 0.3746 0.1273 0.1122
1.6100 0.3801 0.1331 0.1167
1.6200 0.3867 0.1394 0.1218
1.6300 0.3941 0.1464 0.1276
1.6400 0.4024 0.1539 0.1340
1.6500 0.4114 0.1620 0.1409
1.6600 0.4210 0.1705 0.1484
1.6700 0.4310 0.1796 0.1564
1.6800 0.4414 0.1890 0.1648
1.6900 0.4520 0.1989 0.1737
1.7000 0.4628 0.2091 0.1830
1.7100 0.4737 0.2197 0.1926
1.7200 0.4845 0.2305 0.2026
1.7300 0.4952 0.2416 0.2128
1.7400 0.5056 0.2530 0.2234
1.7500 0.5158 0.2646 0.2342
1.7600 0.5257 0.2764 0.2452
1.7700 0.5353 0.2883 0.2564
1.7800 0.5444 0.3004 0.2677
1.7900 0.5531 0.3125 0.2793
1.8000 0.5614 0.3248 0.2909
1.8100 0.5691 0.3371 0.3026
1.8200 0.5764 0.3495 0.3145
1.8300 0.5832 0.3618 0.3263
1.8400 0.5896 0.3742 0.3383
1.8500 0.5954 0.3865 0.3502
1.8600 0.6008 0.3988 0.3622
1.8700 0.6057 0.4110 0.3741
1.8800 0.6102 0.4231 0.3860
1.8900 0.6143 0.4351 0.3979
1.9000 0.6179 0.4470 0.4097
1.9100 0.6212 0.4587 0.4214
1.9200 0.6241 0.4703 0.4330
1.9300 0.6266 0.4817 0.4445
1.9400 0.6288 0.4929 0.4559
1.9500 0.6307 0.5039 0.4672
1.9600 0.6323 0.5147 0.4783
1.9700 0.6336 0.5253 0.4892
1.9800 0.6346 0.5356 0.4999
1.9900 0.6354 0.5457 0.5105
2.0000 0.6360 0.5555 0.5209
2.0100 0.6363 0.5650 0.5310
2.0200 0.6365 0.5743 0.5410
2.0300 0.6364 0.5832 0.5507
2.0400 0.6362 0.5919 0.5601
2.0500 0.6359 0.6002 0.5693
2.0600 0.6353 0.6082 0.5782
2.0700 0.6347 0.6159 0.5869
2.0800 0.6339 0.6233 0.5952
2.0900 0.6330 0.6303 0.6033
2.1000 0.6320 0.6369 0.6111
2.1100 0.6309 0.6433 0.6185
2.1200 0.6297 0.6492 0.6257
2.1300 0.6285 0.6548 0.6325
2.1400 0.6272 0.6600 0.6389
2.1500 0.6258 0.6649 0.6451
2.1600 0.6244 0.6694 0.6509
2.1700 0.6230 0.6735 0.6563
2.1800 0.6216 0.6772 0.6614
2.1900 0.6202 0.6805 0.6661
2.2000 0.6187 0.6835 0.6704
2.2100 0.6173 0.6860 0.6744
2.2200 0.6158 0.6882 0.6780
2.2300 0.6144 0.6900 0.6812
2.2400 0.6130 0.6913 0.6841
2.2500 0.6116 0.6923 0.6865
2.2600 0.6102 0.6929 0.6886
2.2700 0.6089 0.6931 0.6902
2.2800 0.6076 0.6928 0.6915
2.2900 0.6063 0.6922 0.6924
2.3000 0.6050 0.6912 0.6929
2.3100 0.6038 0.6897 0.6930
2.3200 0.6026 0.6879 0.6927
2.3300 0.6015 0.6857 0.6921
2.3400 0.6004 0.6831 0.6910
2.3500 0.5993 0.6800 0.6895
2.3600 0.5983 0.6766 0.6876
2.3700 0.5974 0.6728 0.6854
2.3800 0.5965 0.6686 0.6827
2.3900 0.5956 0.6639 0.6797
2.4000 0.5949 0.6589 0.6763
2.4100 0.5942 0.6536 0.6725
2.4200 0.5937 0.6478 0.6683
2.4300 0.5932 0.6416 0.6637
2.4400 0.5929 0.6351 0.6587
2.4500 0.5928 0.6282 0.6534
2.4600 0.5928 0.6210 0.6477
2.4700 0.5929 0.6134 0.6417
2.4800 0.5933 0.6054 0.6352
2.4900 0.5939 0.5971 0.6285
2.5000 0.5947 0.5884 0.6213
2.5100 0.5958 0.5794 0.6139
2.5200 0.5972 0.5701 0.6061
2.5300 0.5988 0.5604 0.5979
2.5400 0.6008 0.5505 0.5895
2.5500 0.6031 0.5402 0.5807
2.5600 0.6057 0.5297 0.5716
2.5700 0.6086 0.5188 0.5622
2.5800 0.6118 0.5078 0.5525
2.5900 0.6154 0.4964 0.5426
2.6000 0.6193 0.4848 0.5323
2.6100 0.6235 0.4730 0.5218
2.6200 0.6280 0.4609 0.5110
2.6300 0.6327 0.4487 0.5000
2.6400 0.6376 0.4362 0.4888
2.6500 0.6427 0.4236 0.4773
2.6600 0.6479 0.4108 0.4656
2.6700 0.6531 0.3979 0.4537
2.6800 0.6584 0.3848 0.4416
2.6900 0.6635 0.3716 0.4294
2.7000 0.6685 0.3583 0.4170
2.7100 0.6732 0.3450 0.4044
2.7200 0.6776 0.3316 0.3917
2.7300 0.6816 0.3181 0.3789
2.7400 0.6851 0.3046 0.3659
2.7500 0.6881 0.2911 0.3529
2.7600 0.6903 0.2777 0.3398
2.7700 0.6918 0.2642 0.3266
2.7800 0.6924 0.2509 0.3133
2.7900 0.6921 0.2376 0.3001
2.8000 0.6908 0.2244 0.2868
2.8100 0.6885 0.2113 0.2735
2.8200 0.6850 0.1984 0.2602
2.8300 0.6804 0.1857 0.2470
2.8400 0.6746 0.1731 0.2338
2.8500 0.6675 0.1608 0.2207
2.8600 0.6593 0.1487 0.2077
2.8700 0.6498 0.1370 0.1948
2.8800 0.6391 0.1255 0.1821
2.8900 0.6272 0.1144 0.1695
2.9000 0.6141 0.1036 0.1571
2.9100 0.6000 0.0933 0.1448
2.9200 0.5849 0.0834 0.1328
2.9300 0.5689 0.0740 0.1211
2.9400 0.5521 0.0651 0.1097
2.9500 0.5347 0.0568 0.0985
2.9600 0.5167 0.0491 0.0878
2.9700 0.4984 0.0422 0.0773
2.9800 0.4799 0.0360 0.0674
2.9900 0.4613 0.0306 0.0578
3.0000 0.4430 0.0261 0.0488
3.0100 0.4250 0.0226 0.0403
3.0200 0.4077 0.0201 0.0324
3.0300 0.3911 0.0188 0.0251
3.0400 0.3756 0.0187 0.0186
3.0500 0.3613 0.0198 0.0128
3.0600 0.3485 0.0221 0.0079
3.0700 0.3373 0.0254 0.0041
3.0800 0.3278 0.0297 0.0014
3.0900 0.3203 0.0349 0.0002
3.1000 0.3147 0.0409 0.0009
3.1100 0.3113 0.0477 0.0033
3.1200 0.3099 0.0551 0.0069
3.1300 0.3107 0.0632 0.0115
3.1400 0.3134 0.0719 0.0170
3.1500 0.3181 0.0811 0.0234
3.1600 0.3246 0.0907 0.0305
3.1700 0.3327 0.1008 0.0383
3.1800 0.3423 0.1113 0.0467
3.1900 0.3532 0.1222 0.0556
3.2000 0.3652 0.1334 0.0650
3.2100 0.3780 0.1449 0.0749
3.2200 0.3916 0.1567 0.0853
3.2300 0.4056 0.1687 0.0960
3.2400 0.4200 0.1810 0.1071
3.2500 0.4346 0.1935 0.1185
3.2600 0.4492 0.2061 0.1302
3.2700 0.4637 0.2189 0.1422
3.2800 0.4780 0.2318 0.1544
3.2900 0.4919 0.2449 0.1668
3.3000 0.5055 0.2580 0.1794
3.3100 0.5185 0.2712 0.1921
3.3200 0.5310 0.2845 0.2050
3.3300 0.5429 0.2977 0.2180
3.3400 0.5541 0.3110 0.2311
3.3500 0.5647 0.3243 0.2443
3.3600 0.5746 0.3376 0.2576
3.3700 0.5839 0.3508 0.2708
3.3800 0.5925 0.3639 0.2841
3.3900 0.6004 0.3770 0.2974
3.4000 0.6076 0.3900 0.3107
3.4100 0.6142 0.4029 0.3239
3.4200 0.6203 0.4157 0.3371
3.4300 0.6257 0.4283 0.3502
3.4400 0.6306 0.4407 0.3633
3.4500 0.6350 0.4530 0.3762
3.4600 0.6390 0.4651 0.3891
3.4700 0.6424 0.4770 0.4018
3.4800 0.6455 0.4887 0.4144
3.4900 0.6481 0.5002 0.4268
3.5000 0.6504 0.5114 0.4391
3.5100 0.6524 0.5224 0.4512
3.5200 0.6541 0.5331 0.4631
3.5300 0.6554 0.5435 0.4748
3.5400 0.6565 0.5537 0.4863
3.5500 0.6574 0.5635 0.4976
3.5600 0.6581 0.5731 0.5087
3.5700 0.6585 0.5823 0.5195
3.5800 0.6588 0.5912 0.5300
3.5900 0.6589 0.5998 0.5403
3.6000 0.6588 0.6080 0.5503
3.6100 0.6586 0.6159 0.5601
3.6200 0.6583 0.6234 0.5695
3.6300 0.6578 0.6306 0.5787
3.6400 0.6572 0.6374 0.5875
3.6500 0.6565 0.6438 0.5960
3.6600 0.6558 0.6498 0.6042
3.6700 0.6550 0.6555 0.6121
3.6800 0.6541 0.6608 0.6196
3.6900 0.6531 0.6656 0.6268
3.7000 0.6521 0.6701 0.6337
3.7100 0.6511 0.6742 0.6402
3.7200 0.6500 0.6779 0.6463
3.7300 0.6490 0.6811 0.6521
3.7400 0.6479 0.6840 0.6575
3.7500 0.6468 0.6865 0.6625
3.7600 0.6457 0.6885 0.6671
3.7700 0.6447 0.6902 0.6714
3.7800 0.6436 0.6914 0.6753
3.7900 0.6426 0.6922 0.6788
3.8000 0.6416 0.6927 0.6819
3.8100 0.6407 0.6927 0.6846
3.8200 0.6397 0.6923 0.6869
3.8300 0.6388 0.6916 0.6889
3.8400 0.6380 0.6904 0.6904
3.8500 0.6371 0.6888 0.6916
3.8600 0.6363 0.6868 0.6923
3.8700 0.6356 0.6845 0.6927
3.8800 0.6349 0.6817 0.6926
3.8900 0.6342 0.6786 0.6922
3.9000 0.6335 0.6751 0.6914
3.9100 0.6328 0.6712 0.6902
3.9200 0.6322 0.6669 0.6886
3.9300 0.6317 0.6623 0.6866
3.9400 0.6311 0.6573 0.6842
3.9500 0.6306 0.6520 0.6814
3.9600 0.6302 0.6462 0.6783
3.9700 0.6298 0.6402 0.6748
3.9800 0.6294 0.6338 0.6709
3.9900 0.6291 0.6270 0.6666
4.0000 0.6288 0.6199 0.6620
4.0100 0.6286 0.6125 0.6570
4.0200 0.6285 0.6048 0.6516
4.0300 0.6285 0.5968 0.6459
4.0400 0.6285 0.5884 0.6398
4.0500 0.6287 0.5798 0.6334
4.0600 0.6290 0.5708 0.6267
4.0700 0.6294 0.5616 0.6197
4.0800 0.6300 0.5521 0.6123
4.0900 0.6307 0.5423 0.6046
4.1000 0.6316 0.5323 0.5966
4.1100 0.6326 0.5220 0.5883
4.1200 0.6339 0.5115 0.5797
4.1300 0.6353 0.5008 0.5708
4.1400 0.6369 0.4899 0.5617
4.1500 0.6388 0.4787 0.5523
4.1600 0.6408 0.4674 0.5426
4.1700 0.6430 0.4559 0.5328
4.1800 0.6454 0.4442 0.5226
4.1900 0.6479 0.4324 0.5123
4.2000 0.6507 0.4205 0.5018
4.2100 0.6536 0.4084 0.4911
4.2200 0.6566 0.3963 0.4801
4.2300 0.6597 0.3841 0.4691
4.2400 0.6628 0.3718 0.4578
4.2500 0.6660 0.3594 0.4465
4.2600 0.6692 0.3471 0.4350
4.2700 0.6724 0.3347 0.4234
4.2800 0.6755 0.3224 0.4117
4.2900 0.6785 0.3101 0.3999
4.3000 0.6812 0.2978 0.3881
4.3100 0.6838 0.2857 0.3762
4.3200 0.6862 0.2737 0.3643
4.3300 0.6882 0.2618 0.3523
4.3400 0.6899 0.2501 0.3404
4.3500 0.6912 0.2386 0.3285
4.3600 0.6921 0.2273 0.3166
4.3700 0.6926 0.2163 0.3048
4.3800 0.6926 0.2056 0.2931
4.3900 0.6922 0.1952 0.2815
4.4000 0.6912 0.1852 0.2700
4.4100 0.6898 0.1755 0.2586
4.4200 0.6878 0.1663 0.2474
4.4300 0.6854 0.1576 0.2365
4.4400 0.6825 0.1494 0.2257
4.4500 0.6791 0.1417 0.2151
4.4600 0.6754 0.1346 0.2049
4.4700 0.6712 0.1282 0.1949
4.4800 0.6667 0.1224 0.1852
4.4900 0.6619 0.1173 0.1759
4.5000 0.6569 0.1129 0.1670
4.5100 0.6517 0.1093 0.1585
4.5200 0.6464 0.1064 0.1505
4.5300 0.6411 0.1044 0.1429
4.5400 0.6358 0.1032 0.1359
4.5500 0.6306 0.1029 0.1294
4.5600 0.6256 0.1033 0.1235
4.5700 0.6208 0.1046 0.1183
4.5800 0.6163 0.1067 0.1136
4.5900 0.6121 0.1096 0.1097
4.6000 0.6084 0.1132 0.1065
4.6100 0.6051 0.1176 0.1040
4.6200 0.6022 0.1226 0.1023
4.6300 0.5999 0.1283 0.1014
4.6400 0.5982 0.1347 0.1012
4.6500 0.5969 0.1416 0.1019
4.6600 0.5962 0.1491 0.1033
4.6700 0.5961 0.1571 0.1054
4.6800 0.5965 0.1655 0.1084
4.6900 0.5973 0.1744 0.1120
4.7000 0.5987 0.1837 0.1164
4.7100 0.6004 0.1933 0.1214
4.7200 0.6026 0.2033 0.1271
4.7300 0.6051 0.2135 0.1334
4.7400 0.6079 0.2241 0.1403
4.7500 0.6109 0.2348 0.1477
4.7600 0.6142 0.2458 0.1556
4.7700 0.6176 0.2570 0.1639
4.7800 0.6210 0.2683 0.1728
4.7900 0.6246 0.2798 0.1820
4.8000 0.6281 0.2913 0.1916
4.8100 0.6316 0.3030 0.2015
4.8200 0.6350 0.3148 0.2117
4.8300 0.6383 0.3265 0.2222
4.8400 0.6415 0.3384 0.2330
4.8500 0.6446 0.3502 0.2439
4.8600 0.6475 0.3621 0.2551
4.8700 0.6501 0.3739 0.2665
4.8800 0.6526 0.3857 0.2780
4.8900 0.6549 0.3974 0.2896
4.9000 0.6570 0.4091 0.3013
4.9100 0.6589 0.4207 0.3131
4.9200 0.6605 0.4322 0.3250
4.9300 0.6619 0.4436 0.3369
4.9400 0.6632 0.4549 0.3489
4.9500 0.6642 0.4661 0.3608
4.9600 0.6650 0.4771 0.3727
4.9700 0.6656 0.4879 0.3846
4.9800 0.6660 0.4986 0.3965
4.9900 0.6662 0.5091 0.4083
5.0000 0.6662 0.5194 0.4200
5.0100 0.6660 0.5295 0.4316
5.0200 0.6657 0.5394 0.4431
5.0300 0.6651 0.5491 0.4545
5.0400 0.6643 0.5585 0.4657
5.0500 0.6633 0.5677 0.4768
5.0600 0.6621 0.5766 0.4878
5.0700 0.6607 0.5853 0.4985
5.0800 0.6591 0.5937 0.5091
5.0900 0.6573 0.6018 0.5195
5.1000 0.6552 0.6096 0.5296
5.1100 0.6529 0.6171 0.5396
5.1200 0.6504 0.6243 0.5493
5.1300 0.6477 0.6312 0.5587
5.1400 0.6447 0.6377 0.5679
5.1500 0.6415 0.6440 0.5769
5.1600 0.6380 0.6498 0.5855
5.1700 0.6343 0.6553 0.5939
5.1800 0.6304 0.6605 0.6020
5.1900 0.6263 0.6653 0.6098
5.2000 0.6219 0.6697 0.6172
5.2100 0.6173 0.6738 0.6244
5.2200 0.6125 0.6774 0.6312
5.2300 0.6075 0.6807 0.6377
5.2400 0.6023 0.6836 0.6439
5.2500 0.5969 0.6861 0.6497
5.2600 0.5914 0.6882 0.6552
5.2700 0.5856 0.6898 0.6603
5.2800 0.5797 0.6911 0.6650
5.2900 0.5737 0.6920 0.6694
5.3000 0.5674 0.6924 0.6734
5.3100 0.5611 0.6924 0.6770
5.3200 0.5546 0.6920 0.6803
5.3300 0.5479 0.6912 0.6832
5.3400 0.5412 0.6900 0.6857
5.3500 0.5343 0.6884 0.6878
5.3600 0.5273 0.6863 0.6895
5.3700 0.5202 0.6838 0.6908
5.3800 0.5130 0.6809 0.6917
5.3900 0.5056 0.6776 0.6923
5.4000 0.4982 0.6739 0.6924
5.4100 0.4907 0.6698 0.6922
5.4200 0.4831 0.6653 0.6915
5.4300 0.4755 0.6604 0.6905
5.4400 0.4678 0.6551 0.6890
5.4500 0.4600 0.6494 0.6872
5.4600 0.4523 0.6433 0.6850
5.4700 0.4445 0.6369 0.6824
5.4800 0.4368 0.6301 0.6794
5.4900 0.4291 0.6229 0.6760
5.5000 0.4215 0.6154 0.6722
5.5100 0.4140 0.6075 0.6681
5.5200 0.4067 0.5993 0.6636
5.5300 0.3996 0.5907 0.6587
5.5400 0.3927 0.5819 0.6534
5.5500 0.3862 0.5727 0.6477
5.5600 0.3801 0.5632 0.6417
5.5700 0.3744 0.5534 0.6353
5.5800 0.3692 0.5434 0.6286
5.5900 0.3647 0.5330 0.6215
5.6000 0.3608 0.5224 0.6141
5.6100 0.3576 0.5116 0.6064
5.6200 0.3553 0.5005 0.5983
5.6300 0.3538 0.4892 0.5899
5.6400 0.3533 0.4776 0.5811
5.6500 0.3538 0.4658 0.5721
5.6600 0.3554 0.4539 0.5628
5.6700 0.3581 0.4417 0.5531
5.6800 0.3619 0.4294 0.5432
5.6900 0.3669 0.4169 0.5330
5.7000 0.3730 0.4043 0.5225
5.7100 0.3802 0.3916 0.5118
5.7200 0.3886 0.3787 0.5008
5.7300 0.3980 0.3657 0.4896
5.7400 0.4083 0.3526 0.4782
5.7500 0.4197 0.3394 0.4665
5.7600 0.4318 0.3262 0.4547
5.7700 0.4447 0.3129 0.4426
5.7800 0.4583 0.2996 0.4304
5.7900 0.4723 0.2862 0.4180
5.8000 0.4868 0.2729 0.4054
5.8100 0.5016 0.2596 0.3928
5.8200 0.5165 0.2463 0.3800
5.8300 0.5314 0.2330 0.3670
5.8400 0.5463 0.2198 0.3540
5.8500 0.5609 0.2068 0.3409
5.8600 0.5752 0.1938 0.3278
5.8700 0.5890 0.1810 0.3145
5.8800 0.6023 0.1683 0.3013
5.8900 0.6149 0.1558 0.2880
5.9000 0.6268 0.1435 0.2748
5.9100 0.6378 0.1314 0.2615
5.9200 0.6479 0.1196 0.2483
5.9300 0.6571 0.1081 0.2351
5.9400 0.6652 0.0969 0.2221
5.9500 0.6723 0.0861 0.2091
5.9600 0.6783 0.0756 0.1962
5.9700 0.6832 0.0656 0.1834
5.9800 0.6871 0.0560 0.1708
5.9900 0.6899 0.0470 0.1584
6.0000 0.6916 0.0385 0.1462
6.0100 0.6924 0.0306 0.1342
6.0200 0.6923 0.0235 0.1225
6.0300 0.6912 0.0171 0.1110
6.0400 0.6894 0.0115 0.0999
6.0500 0.6869 0.0069 0.0891
6.0600 0.6838 0.0034 0.0787
6.0700 0.6802 0.0012 0.0687
6.0800 0.6761 0.0007 0.0591
6.0900 0.6718 0.0021 0.0500
6.1000 0.6672 0.0050 0.0415
6.1100 0.6626 0.0091 0.0335
6.1200 0.6579 0.0143 0.0262
6.1300 0.6534 0.0204 0.0196
6.1400 0.6491 0.0272 0.0138
6.1500 0.6451 0.0349 0.0088
6.1600 0.6414 0.0432 0.0048
6.1700 0.6381 0.0521 0.0020
6.1800 0.6354 0.0615 0.0005
6.1900 0.6331 0.0715 0.0010
6.2000 0.6314 0.0819 0.0031
6.2100 0.6303 0.0928 0.0065
6.2200 0.6297 0.1041 0.0109
6.2300 0.6297 0.1157 0.0163
6.2400 0.6302 0.1276 0.0225
6.2500 0.6312 0.1398 0.0295
6.2600 0.6327 0.1523 0.0371
6.2700 0.6345 0.1650 0.0454
6.2800 0.6368 0.1778 0.0542
6.2900 0.6393 0.1909 0.0636
6.3000 0.6421 0.2041 0.0734
6.3100 0.6451 0.2174 0.0837
6.3200 0.6482 0.2308 0.0944
6.3300 0.6514 0.2443 0.1054
6.3400 0.6546 0.2578 0.1167
6.3500 0.6578 0.2714 0.1284
6.3600 0.6609 0.2850 0.1403
6.3700 0.6639 0.2985 0.1525
6.3800 0.6668 0.3121 0.1648
6.3900 0.6695 0.3256 0.1774
6.4000 0.6721 0.3390 0.1901
6.4100 0.6744 0.3523 0.2030
6.4200 0.6766 0.3656 0.2160
6.4300 0.6785 0.3787 0.2291
6.4400 0.6803 0.3917 0.2422
6.4500 0.6819 0.4045 0.2555
6.4600 0.6832 0.4172 0.2687
6.4700 0.6844 0.4298 0.2820
6.4800 0.6855 0.4421 0.2953
6.4900 0.6864 0.4543 0.3085
6.5000 0.6871 0.4662 0.3218
6.5100 0.6877 0.4780 0.3350
6.5200 0.6882 0.4895 0.3481
6.5300 0.6887 0.5007 0.3611
6.5400 0.6890 0.5118 0.3741
6.5500 0.6892 0.5225 0.3869
6.5600 0.6894 0.5330 0.3996
6.5700 0.6894 0.5432 0.4122
6.5800 0.6894 0.5532 0.4247
6.5900 0.6893 0.5628 0.4369
6.6000 0.6892 0.5722 0.4490
6.6100 0.6889 0.5812 0.4610
6.6200 0.6886 0.5900 0.4727
6.6300 0.6881 0.5984 0.4842
6.6400 0.6876 0.6065 0.4955
6.6500 0.6869 0.6142 0.5066
6.6600 0.6861 0.6217 0.5174
6.6700 0.6852 0.6287 0.5280
6.6800 0.6842 0.6355 0.5383
6.6900 0.6830 0.6418 0.5483
6.7000 0.6817 0.6479 0.5581
6.7100 0.6802 0.6535 0.5675
6.7200 0.6786 0.6588 0.5767
6.7300 0.6768 0.6637 0.5856
6.7400 0.6749 0.6682 0.5942
6.7500 0.6729 0.6723 0.6024
6.7600 0.6707 0.6761 0.6103
6.7700 0.6684 0.6794 0.6179
6.7800 0.6660 0.6824 0.6251
6.7900 0.6634 0.6850 0.6320
6.8000 0.6607 0.6871 0.6385
6.8100 0.6580 0.6889 0.6447
6.8200 0.6551 0.6903 0.6505
6.8300 0.6522 0.6912 0.6560
6.8400 0.6492 0.6918 0.6611
6.8500 0.6461 0.6919 0.6657
6.8600 0.6429 0.6916 0.6701
6.8700 0.6398 0.6909 0.6740
6.8800 0.6365 0.6898 0.6776
6.8900 0.6333 0.6883 0.6807
6.9000 0.6300 0.6864 0.6835
6.9100 0.6266 0.6841 0.6859
6.9200 0.6233 0.6814 0.6879
6.9300 0.6199 0.6782 0.6895
6.9400 0.6165 0.6747 0.6907
6.9500 0.6131 0.6707 0.6915
6.9600 0.6097 0.6664 0.6919
6.9700 0.6063 0.6617 0.6919
6.9800 0.6028 0.6566 0.6915
6.9900 0.5993 0.6511 0.6908
7.0000 0.5959 0.6452 0.6896
7.0100 0.5924 0.6390 0.6881
7.0200 0.5889 0.6323 0.6861
7.0300 0.5854 0.6254 0.6838
7.0400 0.5819 0.6181 0.6811
7.0500 0.5784 0.6104 0.6780
7.0600 0.5749 0.6025 0.6746
7.0700 0.5714 0.5942 0.6707
7.0800 0.5680 0.5856 0.6665
7.0900 0.5647 0.5767 0.6620
7.1000 0.5614 0.5675 0.6570
7.1100 0.5582 0.5580 0.6517
7.1200 0.5551 0.5483 0.6461
7.1300 0.5521 0.5383 0.6401
7.1400 0.5493 0.5281 0.6338
7.1500 0.5467 0.5176 0.6271
7.1600 0.5442 0.5070 0.6201
7.1700 0.5420 0.4961 0.6128
7.1800 0.5401 0.4851 0.6052
7.1900 0.5385 0.4739 0.5972
7.2000 0.5371 0.4625 0.5890
7.2100 0.5362 0.4510 0.5805
7.2200 0.5356 0.4394 0.5717
7.2300 0.5354 0.4277 0.5626
7.2400 0.5356 0.4159 0.5533
7.2500 0.5363 0.4040 0.5437
7.2600 0.5374 0.3921 0.5338
7.2700 0.5390 0.3801 0.5238
7.2800 0.5411 0.3681 0.5135
7.2900 0.5437 0.3562 0.5030
7.3000 0.5467 0.3442 0.4923
7.3100 0.5502 0.3323 0.4815
7.3200 0.5541 0.3205 0.4704
7.3300 0.5584 0.3087 0.4592
7.3400 0.5631 0.2971 0.4479
7.3500 0.5681 0.2855 0.4364
7.3600 0.5735 0.2742 0.4249
7.3700 0.5792 0.2629 0.4132
7.3800 0.5850 0.2519 0.4015
7.3900 0.5911 0.2411 0.3896
7.4000 0.5972 0.2305 0.3778
7.4100 0.6035 0.2202 0.3659
7.4200 0.6097 0.2101 0.3540
7.4300 0.6160 0.2004 0.3421
7.4400 0.6222 0.1910 0.3302
7.4500 0.6282 0.1819 0.3183
7.4600 0.6341 0.1733 0.3065
7.4700 0.6397 0.1651 0.2948
7.4800 0.6451 0.1573 0.2832
7.4900 0.6503 0.1500 0.2717
7.5000 0.6551 0.1432 0.2604
7.5100 0.6596 0.1370 0.2492
7.5200 0.6638 0.1313 0.2382
7.5300 0.6677 0.1262 0.2274
7.5400 0.6711 0.1217 0.2169
7.5500 0.6743 0.1179 0.2066
7.5600 0.6771 0.1148 0.1966
7.5700 0.6795 0.1124 0.1870
7.5800 0.6817 0.1106 0.1776
7.5900 0.6835 0.1097 0.1687
7.6000 0.6851 0.1094 0.1602
7.6100 0.6864 0.1099 0.1521
7.6200 0.6875 0.1111 0.1445
7.6300 0.6884 0.1130 0.1374
7.6400 0.6891 0.1157 0.1309
7.6500 0.6896 0.1191 0.1249
7.6600 0.6901 0.1231 0.1196
7.6700 0.6904 0.1278 0.1149
7.6800 0.6907 0.1332 0.1109
7.6900 0.6909 0.1391 0.1075
7.7000 0.6910 0.1456 0.1050
7.7100 0.6911 0.1527 0.1031
7.7200 0.6912 0.1603 0.1020
7.7300 0.6912 0.1684 0.1017
7.7400 0.6913 0.1769 0.1022
7.7500 0.6912 0.1858 0.1035
7.7600 0.6912 0.1952 0.1055
7.7700 0.6911 0.2049 0.1083
7.7800 0.6910 0.2150 0.1118
7.7900 0.6908 0.2254 0.1160
7.8000 0.6906 0.2360 0.1209
7.8100 0.6902 0.2469 0.1264
7.8200 0.6898 0.2581 0.1326
7.8300 0.6893 0.2694 0.1393
7.8400 0.6887 0.2810 0.1466
7.8500 0.6880 0.2927 0.1544
7.8600 0.6872 0.3045 0.1627
7.8700 0.6863 0.3164 0.1714
7.8800 0.6853 0.3285 0.1805
7.8900 0.6843 0.3406 0.1900
7.9000 0.6831 0.3527 0.1998
7.9100 0.6819 0.3648 0.2100
7.9200 0.6807 0.3770 0.2204
7.9300 0.6794 0.3891 0.2311
7.9400 0.6782 0.4012 0.2421
7.9500 0.6769 0.4133 0.2532
7.9600 0.6758 0.4252 0.2645
7.9700 0.6747 0.4371 0.2760
7.9800 0.6737 0.4489 0.2876
7.9900 0.6728 0.4605 0.2993
8.0000 0.6720 0.4720 0.3111
8.0100 0.6714 0.4833 0.3229
8.0200 0.6710 0.4944 0.3348
8.0300 0.6708 0.5054 0.3468
8.0400 0.6708 0.5161 0.3587
8.0500 0.6710 0.5266 0.3706
8.0600 0.6714 0.5369 0.3825
8.0700 0.6719 0.5470 0.3944
8.0800 0.6727 0.5567 0.4062
8.0900 0.6736 0.5662 0.4179
8.1000 0.6748 0.5754 0.4295
8.1100 0.6760 0.5843 0.4410
8.1200 0.6774 0.5930 0.4524
8.1300 0.6788 0.6013 0.4636
8.1400 0.6803 0.6092 0.4747
8.1500 0.6819 0.6169 0.4857
8.1600 0.6835 0.6242 0.4965
8.1700 0.6850 0.6311 0.5070
8.1800 0.6865 0.6377 0.5174
8.1900 0.6878 0.6440 0.5276
8.2000 0.6891 0.6499 0.5376
8.2100 0.6902 0.6554 0.5473
8.2200 0.6911 0.6605 0.5568
8.2300 0.6918 0.6653 0.5660
8.2400 0.6923 0.6696 0.5750
8.2500 0.6925 0.6736 0.5836
8.2600 0.6925 0.6772 0.5921
8.2700 0.6921 0.6804 0.6002
8.2800 0.6915 0.6832 0.6080
8.2900 0.6905 0.6856 0.6155
8.3000 0.6892 0.6876 0.6227
8.3100 0.6875 0.6892 0.6296
8.3200 0.6855 0.6904 0.6361
8.3300 0.6831 0.6912 0.6424
8.3400 0.6803 0.6916 0.6482
8.3500 0.6772 0.6916 0.6537
8.3600 0.6737 0.6912 0.6589
8.3700 0.6698 0.6904 0.6637
8.3800 0.6655 0.6892 0.6682
8.3900 0.6608 0.6876 0.6722
8.4000 0.6558 0.6856 0.6759
8.4100 0.6503 0.6832 0.6792
8.4200 0.6445 0.6804 0.6822
8.4300 0.6382 0.6773 0.6847
8.4400 0.6316 0.6737 0.6869
8.4500 0.6246 0.6697 0.6887
8.4600 0.6171 0.6654 0.6901
8.4700 0.6092 0.6606 0.6911
8.4800 0.6010 0.6555 0.6917
8.4900 0.5923 0.6500 0.6919
8.5000 0.5832 0.6442 0.6917
8.5100 0.5737 0.6379 0.6911
8.5200 0.5638 0.6313 0.6901
8.5300 0.5535 0.6244 0.6888
8.5400 0.5427 0.6171 0.6870
8.5500 0.5316 0.6094 0.6849
8.5600 0.5201 0.6014 0.6823
8.5700 0.5083 0.5930 0.6794
8.5800 0.4961 0.5843 0.6761
8.5900 0.4836 0.5753 0.6724
8.6000 0.4708 0.5660 0.6683
8.6100 0.4577 0.5564 0.6638
8.6200 0.4445 0.5464 0.6590
8.6300 0.4311 0.5362 0.6538
8.6400 0.4176 0.5257 0.6482
8.6500 0.4041 0.5149 0.6423
8.6600 0.3906 0.5038 0.6360
8.6700 0.3773 0.4925 0.6293
8.6800 0.3642 0.4809 0.6223
8.6900 0.3515 0.4691 0.6149
8.7000 0.3391 0.4571 0.6073
8.7100 0.3274 0.4448 0.5992
8.7200 0.3163 0.4324 0.5909
8.7300 0.3061 0.4197 0.5822
8.7400 0.2968 0.4069 0.5733
8.7500 0.2887 0.3940 0.5640
8.7600 0.2817 0.3809 0.5544
8.7700 0.2760 0.3677 0.5445
8.7800 0.2719 0.3543 0.5344
8.7900 0.2692 0.3409 0.5240
8.8000 0.2682 0.3274 0.5133
8.8100 0.2688 0.3139 0.5024
8.8200 0.2711 0.3003 0.4912
8.8300 0.2751 0.2867 0.4798
8.8400 0.2808 0.2731 0.4682
8.8500 0.2881 0.2596 0.4564
8.8600 0.2969 0.2461 0.4444
8.8700 0.3071 0.2326 0.4322
8.8800 0.3187 0.2193 0.4199
8.8900 0.3314 0.2061 0.4074
8.9000 0.3451 0.1930 0.3947
8.9100 0.3597 0.1801 0.3819
8.9200 0.3750 0.1674 0.3690
8.9300 0.3909 0.1549 0.3560
8.9400 0.4072 0.1426 0.3430
8.9500 0.4238 0.1307 0.3298
8.9600 0.4405 0.1191 0.3166
8.9700 0.4572 0.1078 0.3034
8.9800 0.4738 0.0969 0.2901
8.9900 0.4901 0.0864 0.2769
9.0000 0.5060 0.0765 0.2636
9.0100 0.5214 0.0670 0.2504
9.0200 0.5363 0.0580 0.2372
9.0300 0.5506 0.0497 0.2241
9.0400 0.5642 0.0420 0.2111
9.0500 0.5770 0.0351 0.1983
9.0600 0.5891 0.0290 0.1855
9.0700 0.6003 0.0238 0.1729
9.0800 0.6108 0.0195 0.1605
9.0900 0.6204 0.0163 0.1482
9.1000 0.6292 0.0144 0.1362
9.1100 0.6372 0.0136 0.1245
9.1200 0.6444 0.0142 0.1130
9.1300 0.6508 0.0161 0.1018
9.1400 0.6565 0.0191 0.0910
9.1500 0.6616 0.0232 0.0806
9.1600 0.6660 0.0283 0.0705
9.1700 0.6698 0.0342 0.0609
9.1800 0.6730 0.0409 0.0517
9.1900 0.6758 0.0484 0.0431
9.2000 0.6781 0.0564 0.0351
9.2100 0.6801 0.0651 0.0277
9.2200 0.6816 0.0743 0.0210
9.2300 0.6829 0.0839 0.0150
9.2400 0.6838 0.0940 0.0099
9.2500 0.6845 0.1045 0.0058
9.2600 0.6850 0.1154 0.0028
9.2700 0.6853 0.1265 0.0011
9.2800 0.6853 0.1380 0.0012
9.2900 0.6852 0.1498 0.0029
9.3000 0.6849 0.1618 0.0061
9.3100 0.6845 0.1740 0.0103
9.3200 0.6838 0.1864 0.0155
9.3300 0.6830 0.1990 0.0215
9.3400 0.6820 0.2117 0.0283
9.3500 0.6808 0.2246 0.0358
9.3600 0.6794 0.2375 0.0440
9.3700 0.6778 0.2506 0.0527
9.3800 0.6761 0.2637 0.0619
9.3900 0.6741 0.2768 0.0716
9.4000 0.6719 0.2900 0.0818
9.4100 0.6695 0.3032 0.0924
9.4200 0.6670 0.3163 0.1033
9.4300 0.6643 0.3295 0.1146
9.4400 0.6614 0.3426 0.1262
9.4500 0.6585 0.3557 0.1381
9.4600 0.6554 0.3687 0.1502
9.4700 0.6523 0.3816 0.1625
9.4800 0.6492 0.3944 0.1751
9.4900 0.6461 0.4071 0.1878
9.5000 0.6431 0.4196 0.2006
9.5100 0.6402 0.4320 0.2136
9.5200 0.6374 0.4443 0.2267
9.5300 0.6348 0.4564 0.2399
9.5400 0.6325 0.4683 0.2531
9.5500 0.6304 0.4800 0.2663
9.5600 0.6286 0.4915 0.2796
9.5700 0.6272 0.5028 0.2929
9.5800 0.6261 0.5138 0.3062
9.5900 0.6254 0.5246 0.3195
9.6000 0.6251 0.5352 0.3327
9.6100 0.6252 0.5455 0.3458
9.6200 0.6257 0.5555 0.3589
9.6300 0.6265 0.5652 0.3719
9.6400 0.6278 0.5746 0.3847
9.6500 0.6294 0.5837 0.3975
9.6600 0.6313 0.5925 0.4101
9.6700 0.6335 0.6009 0.4226
9.6800 0.6361 0.6090 0.4349
9.6900 0.6388 0.6168 0.4470
9.7000 0.6418 0.6242 0.4590
9.7100 0.6449 0.6313 0.4707
9.7200 0.6481 0.6380 0.4823
9.7300 0.6514 0.6443 0.4936
9.7400 0.6548 0.6503 0.5047
9.7500 0.6581 0.6558 0.5156
9.7600 0.6615 0.6610 0.5262
9.7700 0.6647 0.6658 0.5366
9.7800 0.6679 0.6702 0.5466
9.7900 0.6709 0.6742 0.5565
9.8000 0.6738 0.6778 0.5660
9.8100 0.6765 0.6810 0.5752
9.8200 0.6791 0.6837 0.5842
9.8300 0.6814 0.6861 0.5928
9.8400 0.6835 0.6881 0.6011
9.8500 0.6854 0.6896 0.6090
9.8600 0.6871 0.6907 0.6167
9.8700 0.6885 0.6915 0.6240
9.8800 0.6898 0.6918 0.6309
9.8900 0.6907 0.6917 0.6375
9.9000 0.6915 0.6912 0.6438
9.9100 0.6921 0.6903 0.6497
9.9200 0.6924 0.6890 0.6552
9.9300 0.6925 0.6873 0.6603
9.9400 0.6924 0.6852 0.6651
9.9500 0.6922 0.6827 0.6695
9.9600 0.6917 0.6798 0.6735
9.9700 0.6911 0.6765 0.6772
9.9800 0.6903 0.6729 0.6804
9.9900 0.6893 0.6688 0.6832
10.0000 0.6882 0.6644 0.6857
