 t	 x	 y	 z
0.0000 1.0000 1.0000 1.0000
0.0130 0.9979 0.9997 0.9999
0.0260 0.9915 0.9989 0.9996
0.0390 0.9810 0.9976 0.9990
0.0520 0.9664 0.9957 0.9982
0.0650 0.9479 0.9934 0.9973
0.0780 0.9257 0.9905 0.9961
0.0910 0.9000 0.9871 0.9947
0.1040 0.8712 0.9833 0.9932
0.1170 0.8396 0.9790 0.9914
0.1300 0.8053 0.9742 0.9896
0.1430 0.7689 0.9690 0.9875
0.1560 0.7307 0.9634 0.9854
0.1690 0.6910 0.9575 0.9832
0.1820 0.6502 0.9511 0.9808
0.1950 0.6087 0.9445 0.9784
0.2080 0.5669 0.9375 0.9759
0.2210 0.5252 0.9303 0.9734
0.2340 0.4838 0.9228 0.9709
0.2470 0.4431 0.9151 0.9684
0.2600 0.4034 0.9072 0.9659
0.2730 0.3650 0.8992 0.9634
0.2860 0.3281 0.8910 0.9610
0.2990 0.2929 0.8828 0.9587
0.3120 0.2597 0.8744 0.9565
0.3250 0.2284 0.8661 0.9544
0.3380 0.1993 0.8577 0.9524
0.3510 0.1724 0.8494 0.9505
0.3640 0.1478 0.8412 0.9489
0.3770 0.1255 0.8330 0.9474
0.3900 0.1054 0.8250 0.9460
0.4030 0.0876 0.8172 0.9449
0.4160 0.0718 0.8095 0.9440
0.4290 0.0582 0.8021 0.9433
0.4420 0.0464 0.7949 0.9428
0.4550 0.0366 0.7880 0.9425
0.4680 0.0284 0.7814 0.9424
0.4810 0.0217 0.7752 0.9426
0.4940 0.0165 0.7693 0.9429
0.5070 0.0125 0.7638 0.9435
0.5200 0.0097 0.7586 0.9443
0.5330 0.0078 0.7539 0.9453
0.5460 0.0068 0.7497 0.9465
0.5590 0.0065 0.7458 0.9479
0.5720 0.0068 0.7425 0.9494
0.5850 0.0076 0.7396 0.9511
0.5980 0.0089 0.7372 0.9529
0.6110 0.0104 0.7352 0.9549
0.6240 0.0122 0.7338 0.9570
0.6370 0.0142 0.7328 0.9592
0.6500 0.0164 0.7323 0.9614
0.6630 0.0186 0.7323 0.9638
0.6760 0.0210 0.7327 0.9661
0.6890 0.0233 0.7336 0.9685
0.7020 0.0257 0.7349 0.9709
0.7150 0.0281 0.7367 0.9732
0.7280 0.0306 0.7388 0.9756
0.7410 0.0330 0.7413 0.9778
0.7540 0.0354 0.7442 0.9800
0.7670 0.0379 0.7474 0.9821
0.7800 0.0404 0.7509 0.9840
0.7930 0.0428 0.7547 0.9858
0.8060 0.0453 0.7587 0.9875
0.8190 0.0478 0.7630 0.9890
0.8320 0.0502 0.7674 0.9903
0.8450 0.0527 0.7720 0.9914
0.8580 0.0552 0.7767 0.9923
0.8710 0.0576 0.7815 0.9930
0.8840 0.0601 0.7863 0.9935
0.8970 0.0625 0.7911 0.9938
0.9100 0.0650 0.7959 0.9938
0.9230 0.0674 0.8007 0.9936
0.9360 0.0699 0.8054 0.9931
0.9490 0.0725 0.8099 0.9924
0.9620 0.0751 0.8143 0.9914
0.9750 0.0778 0.8185 0.9903
0.9880 0.0807 0.8225 0.9889
1.0010 0.0837 0.8261 0.9873
1.0140 0.0871 0.8295 0.9854
1.0270 0.0907 0.8326 0.9834
1.0400 0.0947 0.8353 0.9812
1.0530 0.0991 0.8375 0.9788
1.0660 0.1041 0.8394 0.9763
1.0790 0.1097 0.8408 0.9736
1.0920 0.1160 0.8416 0.9708
1.1050 0.1230 0.8420 0.9679
1.1180 0.1309 0.8418 0.9649
1.1310 0.1396 0.8410 0.9618
1.1440 0.1494 0.8396 0.9587
1.1570 0.1602 0.8376 0.9556
1.1700 0.1721 0.8349 0.9524
1.1830 0.1851 0.8315 0.9493
1.1960 0.1992 0.8275 0.9462
1.2090 0.2145 0.8227 0.9432
1.2220 0.2309 0.8172 0.9403
1.2350 0.2484 0.8109 0.9375
1.2480 0.2670 0.8040 0.9348
1.2610 0.2865 0.7962 0.9322
1.2740 0.3070 0.7877 0.9298
1.2870 0.3283 0.7785 0.9276
1.3000 0.3503 0.7685 0.9256
1.3130 0.3728 0.7578 0.9238
1.3260 0.3958 0.7463 0.9222
1.3390 0.4190 0.7341 0.9208
1.3520 0.4423 0.7212 0.9197
1.3650 0.4655 0.7076 0.9188
1.3780 0.4885 0.6933 0.9182
1.3910 0.5110 0.6784 0.9178
1.4040 0.5329 0.6628 0.9177
1.4170 0.5540 0.6467 0.9179
1.4300 0.5742 0.6300 0.9183
1.4430 0.5932 0.6127 0.9190
1.4560 0.6110 0.5950 0.9200
1.4690 0.6274 0.5768 0.9212
1.4820 0.6423 0.5582 0.9226
1.4950 0.6556 0.5391 0.9243
1.5080 0.6673 0.5197 0.9262
1.5210 0.6773 0.5000 0.9283
1.5340 0.6856 0.4800 0.9306
1.5470 0.6921 0.4598 0.9331
1.5600 0.6969 0.4394 0.9358
1.5730 0.7001 0.4188 0.9386
1.5860 0.7017 0.3982 0.9415
1.5990 0.7017 0.3774 0.9445
1.6120 0.7003 0.3566 0.9476
1.6250 0.6977 0.3359 0.9508
1.6380 0.6938 0.3152 0.9540
1.6510 0.6889 0.2946 0.9572
1.6640 0.6831 0.2742 0.9605
1.6770 0.6766 0.2539 0.9637
1.6900 0.6694 0.2339 0.9669
1.7030 0.6619 0.2142 0.9700
1.7160 0.6540 0.1948 0.9730
1.7290 0.6460 0.1758 0.9759
1.7420 0.6380 0.1572 0.9788
1.7550 0.6301 0.1391 0.9814
1.7680 0.6224 0.1215 0.9840
1.7810 0.6150 0.1044 0.9864
1.7940 0.6081 0.0879 0.9885
1.8070 0.6016 0.0721 0.9906
1.8200 0.5957 0.0569 0.9924
1.8330 0.5903 0.0425 0.9940
1.8460 0.5855 0.0288 0.9953
1.8590 0.5813 0.0159 0.9965
1.8720 0.5777 0.0038 0.9974
1.8850 0.5746 -0.0075 0.9981
1.8980 0.5720 -0.0178 0.9986
1.9110 0.5700 -0.0273 0.9988
1.9240 0.5683 -0.0359 0.9988
1.9370 0.5671 -0.0435 0.9986
1.9500 0.5661 -0.0501 0.9982
1.9630 0.5654 -0.0559 0.9976
1.9760 0.5648 -0.0606 0.9968
1.9890 0.5644 -0.0644 0.9958
2.0020 0.5640 -0.0672 0.9946
2.0150 0.5636 -0.0690 0.9932
2.0280 0.5631 -0.0699 0.9917
2.0410 0.5624 -0.0699 0.9901
2.0540 0.5616 -0.0689 0.9884
2.0670 0.5606 -0.0671 0.9866
2.0800 0.5593 -0.0644 0.9847
2.0930 0.5577 -0.0608 0.9827
2.1060 0.5558 -0.0564 0.9807
2.1190 0.5536 -0.0512 0.9787
2.1320 0.5510 -0.0453 0.9767
2.1450 0.5481 -0.0386 0.9747
2.1580 0.5448 -0.0313 0.9727
2.1710 0.5412 -0.0233 0.9708
2.1840 0.5372 -0.0147 0.9689
2.1970 0.5328 -0.0056 0.9671
2.2100 0.5280 0.0041 0.9655
2.2230 0.5229 0.0142 0.9639
2.2360 0.5174 0.0248 0.9625
2.2490 0.5116 0.0357 0.9613
2.2620 0.5053 0.0470 0.9602
2.2750 0.4987 0.0585 0.9592
2.2880 0.4917 0.0703 0.9584
2.3010 0.4843 0.0823 0.9579
2.3140 0.4765 0.0944 0.9575
2.3270 0.4683 0.1066 0.9572
2.3400 0.4597 0.1189 0.9572
2.3530 0.4507 0.1311 0.9574
2.3660 0.4413 0.1433 0.9577
2.3790 0.4315 0.1554 0.9583
2.3920 0.4215 0.1673 0.9590
2.4050 0.4111 0.1790 0.9599
2.4180 0.4005 0.1905 0.9610
2.4310 0.3897 0.2016 0.9622
2.4440 0.3788 0.2123 0.9635
2.4570 0.3679 0.2227 0.9650
2.4700 0.3570 0.2325 0.9667
2.4830 0.3464 0.2418 0.9684
2.4960 0.3361 0.2506 0.9702
2.5090 0.3262 0.2587 0.9721
2.5220 0.3170 0.2662 0.9741
2.5350 0.3085 0.2729 0.9761
2.5480 0.3010 0.2789 0.9781
2.5610 0.2946 0.2840 0.9801
2.5740 0.2895 0.2884 0.9821
2.5870 0.2859 0.2918 0.9841
2.6000 0.2838 0.2944 0.9860
2.6130 0.2836 0.2960 0.9879
2.6260 0.2853 0.2966 0.9897
2.6390 0.2891 0.2963 0.9913
2.6520 0.2951 0.2949 0.9929
2.6650 0.3034 0.2926 0.9942
2.6780 0.3140 0.2892 0.9955
2.6910 0.3270 0.2848 0.9966
2.7040 0.3424 0.2794 0.9975
2.7170 0.3603 0.2729 0.9982
2.7300 0.3804 0.2655 0.9987
2.7430 0.4028 0.2570 0.9990
2.7560 0.4273 0.2476 0.9990
2.7690 0.4538 0.2371 0.9989
2.7820 0.4821 0.2258 0.9985
2.7950 0.5119 0.2135 0.9979
2.8080 0.5431 0.2003 0.9971
2.8210 0.5752 0.1862 0.9960
2.8340 0.6081 0.1713 0.9947
2.8470 0.6413 0.1556 0.9932
2.8600 0.6746 0.1391 0.9915
2.8730 0.7076 0.1219 0.9895
2.8860 0.7400 0.1040 0.9874
2.8990 0.7713 0.0855 0.9851
2.9120 0.8013 0.0664 0.9827
2.9250 0.8295 0.0467 0.9800
2.9380 0.8557 0.0265 0.9773
2.9510 0.8795 0.0059 0.9744
2.9640 0.9006 -0.0151 0.9714
2.9770 0.9189 -0.0365 0.9683
2.9900 0.9340 -0.0582 0.9652
3.0030 0.9459 -0.0801 0.9620
3.0160 0.9542 -0.1022 0.9588
3.0290 0.9591 -0.1245 0.9556
3.0420 0.9603 -0.1468 0.9524
3.0550 0.9578 -0.1692 0.9492
3.0680 0.9518 -0.1914 0.9461
3.0810 0.9422 -0.2136 0.9431
3.0940 0.9293 -0.2356 0.9402
3.1070 0.9130 -0.2574 0.9374
3.1200 0.8938 -0.2788 0.9347
3.1330 0.8717 -0.2999 0.9322
3.1460 0.8470 -0.3206 0.9299
3.1590 0.8200 -0.3407 0.9277
3.1720 0.7911 -0.3603 0.9258
3.1850 0.7605 -0.3792 0.9241
3.1980 0.7286 -0.3975 0.9226
3.2110 0.6957 -0.4149 0.9213
3.2240 0.6621 -0.4316 0.9203
3.2370 0.6283 -0.4474 0.9195
3.2500 0.5945 -0.4622 0.9190
3.2630 0.5610 -0.4761 0.9187
3.2760 0.5281 -0.4890 0.9187
3.2890 0.4962 -0.5007 0.9190
3.3020 0.4654 -0.5114 0.9195
3.3150 0.4359 -0.5209 0.9203
3.3280 0.4081 -0.5292 0.9214
3.3410 0.3819 -0.5363 0.9226
3.3540 0.3576 -0.5421 0.9242
3.3670 0.3352 -0.5467 0.9259
3.3800 0.3147 -0.5501 0.9278
3.3930 0.2963 -0.5521 0.9300
3.4060 0.2799 -0.5529 0.9323
3.4190 0.2655 -0.5524 0.9348
3.4320 0.2530 -0.5507 0.9375
3.4450 0.2423 -0.5476 0.9402
3.4580 0.2333 -0.5434 0.9431
3.4710 0.2259 -0.5378 0.9461
3.4840 0.2200 -0.5311 0.9491
3.4970 0.2155 -0.5232 0.9522
3.5100 0.2121 -0.5141 0.9552
3.5230 0.2097 -0.5039 0.9583
3.5360 0.2081 -0.4925 0.9614
3.5490 0.2072 -0.4801 0.9645
3.5620 0.2069 -0.4667 0.9674
3.5750 0.2069 -0.4523 0.9703
3.5880 0.2072 -0.4369 0.9731
3.6010 0.2076 -0.4206 0.9758
3.6140 0.2080 -0.4035 0.9784
3.6270 0.2082 -0.3855 0.9808
3.6400 0.2082 -0.3668 0.9830
3.6530 0.2079 -0.3474 0.9850
3.6660 0.2072 -0.3273 0.9868
3.6790 0.2061 -0.3066 0.9885
3.6920 0.2045 -0.2854 0.9899
3.7050 0.2023 -0.2636 0.9911
3.7180 0.1995 -0.2414 0.9920
3.7310 0.1961 -0.2189 0.9927
3.7440 0.1921 -0.1960 0.9932
3.7570 0.1875 -0.1729 0.9935
3.7700 0.1822 -0.1496 0.9935
3.7830 0.1763 -0.1262 0.9932
3.7960 0.1697 -0.1027 0.9928
3.8090 0.1624 -0.0793 0.9921
3.8220 0.1545 -0.0559 0.9912
3.8350 0.1460 -0.0327 0.9900
3.8480 0.1367 -0.0097 0.9887
3.8610 0.1269 0.0130 0.9872
3.8740 0.1164 0.0353 0.9856
3.8870 0.1052 0.0572 0.9838
3.9000 0.0934 0.0787 0.9818
3.9130 0.0810 0.0996 0.9797
3.9260 0.0679 0.1198 0.9775
3.9390 0.0543 0.1394 0.9753
3.9520 0.0402 0.1583 0.9729
3.9650 0.0255 0.1765 0.9706
3.9780 0.0103 0.1938 0.9681
3.9910 -0.0053 0.2102 0.9657
4.0040 -0.0212 0.2257 0.9633
4.0170 -0.0375 0.2403 0.9610
4.0300 -0.0540 0.2539 0.9586
4.0430 -0.0706 0.2666 0.9564
4.0560 -0.0872 0.2782 0.9542
4.0690 -0.1037 0.2887 0.9522
4.0820 -0.1201 0.2983 0.9503
4.0950 -0.1361 0.3067 0.9485
4.1080 -0.1517 0.3141 0.9469
4.1210 -0.1667 0.3204 0.9455
4.1340 -0.1810 0.3256 0.9442
4.1470 -0.1944 0.3298 0.9431
4.1600 -0.2068 0.3330 0.9423
4.1730 -0.2182 0.3351 0.9416
4.1860 -0.2283 0.3362 0.9412
4.1990 -0.2370 0.3362 0.9410
4.2120 -0.2443 0.3354 0.9410
4.2250 -0.2501 0.3335 0.9412
4.2380 -0.2542 0.3307 0.9416
4.2510 -0.2567 0.3271 0.9423
4.2640 -0.2575 0.3226 0.9432
4.2770 -0.2565 0.3172 0.9443
4.2900 -0.2538 0.3111 0.9455
4.3030 -0.2494 0.3042 0.9470
4.3160 -0.2433 0.2966 0.9487
4.3290 -0.2355 0.2883 0.9505
4.3420 -0.2262 0.2794 0.9524
4.3550 -0.2155 0.2699 0.9545
4.3680 -0.2034 0.2599 0.9568
4.3810 -0.1900 0.2494 0.9591
4.3940 -0.1756 0.2384 0.9615
4.4070 -0.1602 0.2271 0.9640
4.4200 -0.1439 0.2155 0.9665
4.4330 -0.1271 0.2035 0.9691
4.4460 -0.1097 0.1914 0.9716
4.4590 -0.0919 0.1791 0.9742
4.4720 -0.0739 0.1667 0.9767
4.4850 -0.0559 0.1542 0.9792
4.4980 -0.0379 0.1418 0.9816
4.5110 -0.0201 0.1295 0.9840
4.5240 -0.0025 0.1173 0.9862
4.5370 0.0147 0.1052 0.9883
4.5500 0.0315 0.0935 0.9903
4.5630 0.0478 0.0821 0.9921
4.5760 0.0636 0.0710 0.9938
4.5890 0.0789 0.0604 0.9952
4.6020 0.0937 0.0503 0.9965
4.6150 0.1079 0.0407 0.9976
4.6280 0.1217 0.0316 0.9985
4.6410 0.1351 0.0233 0.9992
4.6540 0.1482 0.0156 0.9997
4.6670 0.1610 0.0086 0.9999
4.6800 0.1736 0.0024 0.9999
4.6930 0.1861 -0.0030 0.9997
4.7060 0.1986 -0.0076 0.9993
4.7190 0.2113 -0.0113 0.9987
4.7320 0.2241 -0.0142 0.9978
4.7450 0.2372 -0.0162 0.9968
4.7580 0.2508 -0.0173 0.9955
4.7710 0.2647 -0.0174 0.9941
4.7840 0.2793 -0.0166 0.9925
4.7970 0.2944 -0.0149 0.9907
4.8100 0.3101 -0.0123 0.9888
4.8230 0.3265 -0.0087 0.9867
4.8360 0.3436 -0.0042 0.9846
4.8490 0.3614 0.0012 0.9823
4.8620 0.3798 0.0075 0.9800
4.8750 0.3989 0.0147 0.9776
4.8880 0.4186 0.0228 0.9751
4.9010 0.4387 0.0318 0.9726
4.9140 0.4594 0.0416 0.9702
4.9270 0.4804 0.0523 0.9677
4.9400 0.5017 0.0637 0.9653
4.9530 0.5232 0.0759 0.9629
4.9660 0.5448 0.0889 0.9606
4.9790 0.5663 0.1026 0.9584
4.9920 0.5877 0.1170 0.9563
5.0050 0.6089 0.1321 0.9543
5.0180 0.6297 0.1478 0.9524
5.0310 0.6500 0.1641 0.9507
5.0440 0.6697 0.1810 0.9492
5.0570 0.6888 0.1984 0.9478
5.0700 0.7071 0.2163 0.9467
5.0830 0.7246 0.2347 0.9457
5.0960 0.7411 0.2534 0.9449
5.1090 0.7566 0.2726 0.9444
5.1220 0.7711 0.2921 0.9440
5.1350 0.7845 0.3118 0.9439
5.1480 0.7967 0.3318 0.9440
5.1610 0.8076 0.3520 0.9443
5.1740 0.8174 0.3723 0.9448
5.1870 0.8258 0.3927 0.9455
5.2000 0.8330 0.4132 0.9465
5.2130 0.8388 0.4337 0.9476
5.2260 0.8432 0.4541 0.9489
5.2390 0.8463 0.4744 0.9503
5.2520 0.8480 0.4945 0.9520
5.2650 0.8483 0.5145 0.9537
5.2780 0.8472 0.5342 0.9556
5.2910 0.8446 0.5536 0.9577
5.3040 0.8406 0.5727 0.9598
5.3170 0.8351 0.5914 0.9620
5.3300 0.8281 0.6097 0.9642
5.3430 0.8196 0.6275 0.9665
5.3560 0.8097 0.6448 0.9688
5.3690 0.7982 0.6616 0.9712
5.3820 0.7853 0.6779 0.9735
5.3950 0.7709 0.6935 0.9758
5.4080 0.7551 0.7086 0.9780
5.4210 0.7379 0.7230 0.9801
5.4340 0.7194 0.7368 0.9822
5.4470 0.6996 0.7499 0.9841
5.4600 0.6786 0.7623 0.9859
5.4730 0.6565 0.7740 0.9876
5.4860 0.6334 0.7850 0.9891
5.4990 0.6095 0.7953 0.9904
5.5120 0.5848 0.8048 0.9915
5.5250 0.5597 0.8137 0.9925
5.5380 0.5341 0.8219 0.9932
5.5510 0.5084 0.8293 0.9937
5.5640 0.4827 0.8360 0.9939
5.5770 0.4573 0.8421 0.9940
5.5900 0.4324 0.8474 0.9938
5.6030 0.4082 0.8521 0.9933
5.6160 0.3849 0.8561 0.9926
5.6290 0.3629 0.8594 0.9917
5.6420 0.3423 0.8621 0.9906
5.6550 0.3233 0.8642 0.9892
5.6680 0.3062 0.8658 0.9876
5.6810 0.2912 0.8667 0.9858
5.6940 0.2784 0.8671 0.9838
5.7070 0.2680 0.8669 0.9816
5.7200 0.2602 0.8663 0.9792
5.7330 0.2550 0.8651 0.9767
5.7460 0.2525 0.8636 0.9740
5.7590 0.2527 0.8616 0.9712
5.7720 0.2557 0.8592 0.9683
5.7850 0.2614 0.8565 0.9653
5.7980 0.2698 0.8534 0.9622
5.8110 0.2807 0.8501 0.9591
5.8240 0.2940 0.8465 0.9559
5.8370 0.3096 0.8427 0.9528
5.8500 0.3271 0.8387 0.9496
5.8630 0.3465 0.8345 0.9465
5.8760 0.3674 0.8302 0.9435
5.8890 0.3895 0.8259 0.9405
5.9020 0.4126 0.8215 0.9376
5.9150 0.4363 0.8172 0.9349
5.9280 0.4603 0.8128 0.9323
5.9410 0.4843 0.8086 0.9298
5.9540 0.5080 0.8044 0.9275
5.9670 0.5310 0.8004 0.9255
5.9800 0.5531 0.7965 0.9236
5.9930 0.5740 0.7928 0.9219
6.0060 0.5933 0.7893 0.9205
6.0190 0.6109 0.7861 0.9193
6.0320 0.6266 0.7832 0.9183
6.0450 0.6401 0.7805 0.9176
6.0580 0.6514 0.7782 0.9172
6.0710 0.6604 0.7762 0.9170
6.0840 0.6669 0.7745 0.9171
6.0970 0.6710 0.7732 0.9175
6.1100 0.6727 0.7723 0.9181
6.1230 0.6721 0.7717 0.9190
6.1360 0.6691 0.7716 0.9201
6.1490 0.6641 0.7718 0.9215
6.1620 0.6570 0.7724 0.9231
6.1750 0.6482 0.7735 0.9249
6.1880 0.6378 0.7749 0.9269
6.2010 0.6261 0.7767 0.9292
6.2140 0.6133 0.7789 0.9316
6.2270 0.5996 0.7815 0.9342
6.2400 0.5855 0.7845 0.9370
6.2530 0.5710 0.7879 0.9399
6.2660 0.5566 0.7916 0.9429
6.2790 0.5424 0.7957 0.9460
6.2920 0.5287 0.8001 0.9491
6.3050 0.5158 0.8048 0.9523
6.3180 0.5038 0.8098 0.9556
6.3310 0.4930 0.8152 0.9589
6.3440 0.4834 0.8208 0.9621
6.3570 0.4754 0.8266 0.9653
6.3700 0.4689 0.8327 0.9685
6.3830 0.4641 0.8390 0.9716
6.3960 0.4610 0.8455 0.9745
6.4090 0.4596 0.8522 0.9774
6.4220 0.4599 0.8590 0.9802
6.4350 0.4619 0.8659 0.9828
6.4480 0.4656 0.8730 0.9852
6.4610 0.4708 0.8800 0.9875
6.4740 0.4774 0.8872 0.9895
6.4870 0.4853 0.8943 0.9914
6.5000 0.4944 0.9014 0.9931
6.5130 0.5045 0.9085 0.9945
6.5260 0.5155 0.9154 0.9958
6.5390 0.5272 0.9223 0.9968
6.5520 0.5394 0.9291 0.9976
6.5650 0.5520 0.9356 0.9981
6.5780 0.5648 0.9420 0.9984
6.5910 0.5776 0.9481 0.9985
6.6040 0.5903 0.9540 0.9984
6.6170 0.6027 0.9596 0.9981
6.6300 0.6147 0.9650 0.9975
6.6430 0.6261 0.9699 0.9968
6.6560 0.6370 0.9746 0.9958
6.6690 0.6471 0.9788 0.9947
6.6820 0.6564 0.9827 0.9934
6.6950 0.6648 0.9861 0.9920
6.7080 0.6722 0.9891 0.9905
6.7210 0.6787 0.9917 0.9888
6.7340 0.6841 0.9938 0.9870
6.7470 0.6884 0.9954 0.9851
6.7600 0.6916 0.9965 0.9832
6.7730 0.6937 0.9971 0.9812
6.7860 0.6946 0.9973 0.9792
6.7990 0.6944 0.9969 0.9772
6.8120 0.6930 0.9960 0.9752
6.8250 0.6905 0.9946 0.9732
6.8380 0.6868 0.9927 0.9713
6.8510 0.6819 0.9903 0.9694
6.8640 0.6759 0.9873 0.9676
6.8770 0.6686 0.9839 0.9660
6.8900 0.6602 0.9800 0.9644
6.9030 0.6505 0.9756 0.9629
6.9160 0.6396 0.9708 0.9616
6.9290 0.6275 0.9655 0.9604
6.9420 0.6141 0.9597 0.9594
6.9550 0.5995 0.9536 0.9586
6.9680 0.5837 0.9470 0.9579
6.9810 0.5667 0.9401 0.9575
6.9940 0.5484 0.9328 0.9572
7.0070 0.5290 0.9252 0.9571
7.0200 0.5085 0.9173 0.9572
7.0330 0.4868 0.9091 0.9575
7.0460 0.4641 0.9006 0.9580
7.0590 0.4404 0.8920 0.9586
7.0720 0.4158 0.8831 0.9595
7.0850 0.3903 0.8741 0.9605
7.0980 0.3642 0.8650 0.9617
7.1110 0.3374 0.8558 0.9630
7.1240 0.3102 0.8465 0.9645
7.1370 0.2826 0.8372 0.9661
7.1500 0.2548 0.8280 0.9678
7.1630 0.2270 0.8188 0.9696
7.1760 0.1992 0.8097 0.9714
7.1890 0.1717 0.8007 0.9734
7.2020 0.1445 0.7918 0.9754
7.2150 0.1179 0.7832 0.9774
7.2280 0.0921 0.7748 0.9794
7.2410 0.0670 0.7666 0.9814
7.2540 0.0429 0.7588 0.9834
7.2670 0.0199 0.7512 0.9854
7.2800 -0.0018 0.7440 0.9872
7.2930 -0.0223 0.7372 0.9890
7.3060 -0.0414 0.7307 0.9907
7.3190 -0.0590 0.7247 0.9923
7.3320 -0.0751 0.7191 0.9938
7.3450 -0.0897 0.7139 0.9951
7.3580 -0.1028 0.7092 0.9962
7.3710 -0.1143 0.7050 0.9972
7.3840 -0.1243 0.7012 0.9980
7.3970 -0.1328 0.6979 0.9985
7.4100 -0.1399 0.6952 0.9989
7.4230 -0.1456 0.6929 0.9991
7.4360 -0.1500 0.6911 0.9990
7.4490 -0.1532 0.6899 0.9987
7.4620 -0.1552 0.6891 0.9982
7.4750 -0.1562 0.6888 0.9975
7.4880 -0.1562 0.6890 0.9965
7.5010 -0.1554 0.6896 0.9953
7.5140 -0.1538 0.6908 0.9939
7.5270 -0.1516 0.6923 0.9923
7.5400 -0.1487 0.6944 0.9905
7.5530 -0.1452 0.6968 0.9885
7.5660 -0.1412 0.6996 0.9862
7.5790 -0.1368 0.7028 0.9839
7.5920 -0.1320 0.7064 0.9813
7.6050 -0.1267 0.7103 0.9786
7.6180 -0.1210 0.7145 0.9758
7.6310 -0.1148 0.7189 0.9729
7.6440 -0.1082 0.7237 0.9699
7.6570 -0.1011 0.7286 0.9668
7.6700 -0.0935 0.7337 0.9637
7.6830 -0.0852 0.7390 0.9605
7.6960 -0.0763 0.7443 0.9573
7.7090 -0.0666 0.7498 0.9541
7.7220 -0.0560 0.7553 0.9510
7.7350 -0.0446 0.7607 0.9479
7.7480 -0.0322 0.7661 0.9449
7.7610 -0.0188 0.7714 0.9419
7.7740 -0.0042 0.7766 0.9391
7.7870 0.0115 0.7816 0.9364
7.8000 0.0285 0.7864 0.9339
7.8130 0.0467 0.7909 0.9315
7.8260 0.0661 0.7951 0.9294
7.8390 0.0869 0.7989 0.9274
7.8520 0.1089 0.8024 0.9256
7.8650 0.1321 0.8054 0.9241
7.8780 0.1566 0.8079 0.9227
7.8910 0.1821 0.8099 0.9217
7.9040 0.2088 0.8114 0.9208
7.9170 0.2364 0.8122 0.9202
7.9300 0.2648 0.8124 0.9199
7.9430 0.2940 0.8120 0.9199
7.9560 0.3239 0.8109 0.9201
7.9690 0.3542 0.8091 0.9205
7.9820 0.3849 0.8066 0.9212
7.9950 0.4157 0.8033 0.9222
8.0080 0.4466 0.7993 0.9234
8.0210 0.4774 0.7945 0.9248
8.0340 0.5079 0.7888 0.9264
8.0470 0.5380 0.7824 0.9283
8.0600 0.5675 0.7752 0.9303
8.0730 0.5963 0.7672 0.9326
8.0860 0.6242 0.7584 0.9350
8.0990 0.6511 0.7488 0.9375
8.1120 0.6769 0.7383 0.9402
8.1250 0.7016 0.7271 0.9430
8.1380 0.7248 0.7151 0.9459
8.1510 0.7467 0.7023 0.9489
8.1640 0.7671 0.6888 0.9519
8.1770 0.7859 0.6746 0.9549
8.1900 0.8031 0.6596 0.9580
8.2030 0.8185 0.6439 0.9610
8.2160 0.8323 0.6275 0.9640
8.2290 0.8442 0.6106 0.9670
8.2420 0.8543 0.5929 0.9698
8.2550 0.8625 0.5747 0.9726
8.2680 0.8689 0.5560 0.9753
8.2810 0.8733 0.5367 0.9778
8.2940 0.8758 0.5169 0.9802
8.3070 0.8763 0.4967 0.9824
8.3200 0.8748 0.4760 0.9844
8.3330 0.8712 0.4550 0.9863
8.3460 0.8657 0.4337 0.9879
8.3590 0.8581 0.4121 0.9894
8.3720 0.8485 0.3903 0.9906
8.3850 0.8368 0.3683 0.9915
8.3980 0.8231 0.3462 0.9923
8.4110 0.8074 0.3240 0.9928
8.4240 0.7896 0.3018 0.9930
8.4370 0.7698 0.2797 0.9931
8.4500 0.7481 0.2576 0.9928
8.4630 0.7245 0.2357 0.9924
8.4760 0.6991 0.2140 0.9917
8.4890 0.6719 0.1926 0.9908
8.5020 0.6431 0.1715 0.9897
8.5150 0.6128 0.1508 0.9884
8.5280 0.5811 0.1305 0.9869
8.5410 0.5482 0.1107 0.9853
8.5540 0.5143 0.0914 0.9835
8.5670 0.4795 0.0728 0.9815
8.5800 0.4441 0.0547 0.9794
8.5930 0.4083 0.0374 0.9772
8.6060 0.3722 0.0207 0.9749
8.6190 0.3363 0.0048 0.9726
8.6320 0.3007 -0.0103 0.9702
8.6450 0.2657 -0.0246 0.9678
8.6580 0.2316 -0.0380 0.9653
8.6710 0.1987 -0.0506 0.9629
8.6840 0.1671 -0.0622 0.9605
8.6970 0.1372 -0.0730 0.9582
8.7100 0.1091 -0.0828 0.9559
8.7230 0.0832 -0.0916 0.9537
8.7360 0.0596 -0.0996 0.9516
8.7490 0.0386 -0.1065 0.9496
8.7620 0.0201 -0.1125 0.9478
8.7750 0.0045 -0.1175 0.9461
8.7880 -0.0083 -0.1215 0.9446
8.8010 -0.0182 -0.1246 0.9433
8.8140 -0.0251 -0.1267 0.9422
8.8270 -0.0291 -0.1279 0.9412
8.8400 -0.0302 -0.1281 0.9405
8.8530 -0.0285 -0.1274 0.9400
8.8660 -0.0242 -0.1258 0.9397
8.8790 -0.0173 -0.1234 0.9396
8.8920 -0.0082 -0.1200 0.9397
8.9050 0.0030 -0.1158 0.9401
8.9180 0.0161 -0.1107 0.9407
8.9310 0.0307 -0.1049 0.9415
8.9440 0.0467 -0.0983 0.9425
8.9570 0.0636 -0.0909 0.9438
8.9700 0.0812 -0.0828 0.9452
8.9830 0.0991 -0.0741 0.9468
8.9960 0.1171 -0.0647 0.9486
9.0090 0.1349 -0.0547 0.9505
9.0220 0.1522 -0.0441 0.9526
9.0350 0.1686 -0.0331 0.9548
9.0480 0.1840 -0.0216 0.9571
9.0610 0.1981 -0.0096 0.9595
9.0740 0.2108 0.0027 0.9620
9.0870 0.2218 0.0153 0.9645
9.1000 0.2310 0.0282 0.9671
9.1130 0.2384 0.0413 0.9697
9.1260 0.2438 0.0545 0.9723
9.1390 0.2473 0.0678 0.9749
9.1520 0.2488 0.0811 0.9774
9.1650 0.2485 0.0943 0.9799
9.1780 0.2463 0.1075 0.9823
9.1910 0.2425 0.1205 0.9847
9.2040 0.2371 0.1333 0.9868
9.2170 0.2303 0.1458 0.9889
9.2300 0.2224 0.1580 0.9908
9.2430 0.2134 0.1697 0.9926
9.2560 0.2037 0.1810 0.9942
9.2690 0.1935 0.1918 0.9956
9.2820 0.1830 0.2020 0.9968
9.2950 0.1724 0.2116 0.9979
9.3080 0.1620 0.2206 0.9987
9.3210 0.1520 0.2289 0.9993
9.3340 0.1427 0.2364 0.9996
9.3470 0.1341 0.2432 0.9998
9.3600 0.1266 0.2492 0.9997
9.3730 0.1202 0.2543 0.9995
9.3860 0.1151 0.2585 0.9990
9.3990 0.1114 0.2619 0.9982
9.4120 0.1091 0.2644 0.9973
9.4250 0.1085 0.2659 0.9962
9.4380 0.1094 0.2665 0.9949
9.4510 0.1119 0.2662 0.9934
9.4640 0.1160 0.2649 0.9918
9.4770 0.1216 0.2626 0.9900
9.4900 0.1287 0.2593 0.9880
9.5030 0.1372 0.2551 0.9860
9.5160 0.1471 0.2499 0.9838
9.5290 0.1581 0.2438 0.9816
9.5420 0.1703 0.2367 0.9792
9.5550 0.1835 0.2286 0.9769
9.5680 0.1975 0.2196 0.9745
9.5810 0.2123 0.2097 0.9720
9.5940 0.2277 0.1989 0.9696
9.6070 0.2436 0.1871 0.9672
9.6200 0.2598 0.1745 0.9649
9.6330 0.2764 0.1611 0.9626
9.6460 0.2931 0.1468 0.9604
9.6590 0.3100 0.1318 0.9582
9.6720 0.3268 0.1160 0.9563
9.6850 0.3437 0.0995 0.9544
9.6980 0.3604 0.0823 0.9527
9.7110 0.3770 0.0644 0.9511
9.7240 0.3934 0.0460 0.9497
9.7370 0.4097 0.0271 0.9485
9.7500 0.4257 0.0076 0.9475
9.7630 0.4415 -0.0123 0.9466
9.7760 0.4571 -0.0326 0.9460
9.7890 0.4725 -0.0532 0.9456
9.8020 0.4876 -0.0741 0.9454
9.8150 0.5026 -0.0952 0.9454
9.8280 0.5173 -0.1164 0.9456
9.8410 0.5318 -0.1377 0.9460
9.8540 0.5460 -0.1590 0.9467
9.8670 0.5600 -0.1803 0.9475
9.8800 0.5737 -0.2014 0.9485
9.8930 0.5871 -0.2223 0.9498
9.9060 0.6002 -0.2430 0.9511
9.9190 0.6129 -0.2634 0.9527
9.9320 0.6251 -0.2834 0.9544
9.9450 0.6369 -0.3029 0.9562
9.9580 0.6481 -0.3220 0.9582
9.9710 0.6587 -0.3405 0.9602
9.9840 0.6686 -0.3584 0.9624
9.9970 0.6778 -0.3756 0.9646
10.0100 0.6862 -0.3921 0.9668
10.0230 0.6936 -0.4079 0.9691
10.0360 0.7002 -0.4228 0.9714
10.0490 0.7057 -0.4370 0.9736
10.0620 0.7102 -0.4502 0.9759
10.0750 0.7135 -0.4625 0.9781
10.0880 0.7158 -0.4739 0.9802
10.1010 0.7169 -0.4843 0.9822
10.1140 0.7169 -0.4937 0.9841
10.1270 0.7157 -0.5021 0.9859
10.1400 0.7134 -0.5094 0.9876
10.1530 0.7100 -0.5156 0.9891
10.1660 0.7055 -0.5208 0.9904
10.1790 0.7000 -0.5249 0.9915
10.1920 0.6936 -0.5278 0.9925
10.2050 0.6863 -0.5297 0.9932
10.2180 0.6783 -0.5304 0.9937
10.2310 0.6695 -0.5299 0.9940
10.2440 0.6601 -0.5283 0.9941
10.2570 0.6502 -0.5256 0.9939
10.2700 0.6399 -0.5217 0.9935
10.2830 0.6292 -0.5167 0.9929
10.2960 0.6183 -0.5106 0.9920
10.3090 0.6072 -0.5033 0.9909
10.3220 0.5961 -0.4949 0.9896
10.3350 0.5850 -0.4855 0.9880
10.3480 0.5739 -0.4749 0.9862
10.3610 0.5630 -0.4633 0.9842
10.3740 0.5522 -0.4507 0.9821
10.3870 0.5416 -0.4370 0.9797
10.4000 0.5312 -0.4224 0.9772
10.4130 0.5210 -0.4068 0.9746
10.4260 0.5110 -0.3904 0.9718
10.4390 0.5013 -0.3731 0.9689
10.4520 0.4917 -0.3550 0.9659
10.4650 0.4823 -0.3362 0.9628
10.4780 0.4730 -0.3166 0.9597
10.4910 0.4639 -0.2964 0.9565
10.5040 0.4548 -0.2757 0.9533
10.5170 0.4457 -0.2544 0.9502
10.5300 0.4367 -0.2326 0.9470
10.5430 0.4276 -0.2104 0.9440
10.5560 0.4185 -0.1879 0.9410
10.5690 0.4093 -0.1652 0.9380
10.5820 0.4001 -0.1422 0.9352
10.5950 0.3909 -0.1191 0.9326
10.6080 0.3816 -0.0960 0.9301
10.6210 0.3723 -0.0728 0.9277
10.6340 0.3631 -0.0497 0.9256
10.6470 0.3540 -0.0267 0.9236
10.6600 0.3450 -0.0040 0.9218
10.6730 0.3364 0.0185 0.9203
10.6860 0.3280 0.0407 0.9190
10.6990 0.3201 0.0626 0.9180
10.7120 0.3127 0.0840 0.9172
10.7250 0.3060 0.1049 0.9167
10.7380 0.3001 0.1253 0.9164
10.7510 0.2950 0.1451 0.9165
10.7640 0.2909 0.1644 0.9167
10.7770 0.2879 0.1829 0.9173
10.7900 0.2861 0.2007 0.9181
10.8030 0.2856 0.2178 0.9191
10.8160 0.2865 0.2341 0.9204
10.8290 0.2889 0.2496 0.9220
10.8420 0.2927 0.2643 0.9237
10.8550 0.2981 0.2781 0.9257
10.8680 0.3050 0.2910 0.9279
10.8810 0.3136 0.3029 0.9303
10.8940 0.3237 0.3139 0.9328
10.9070 0.3353 0.3240 0.9355
10.9200 0.3484 0.3331 0.9383
10.9330 0.3629 0.3412 0.9413
10.9460 0.3788 0.3483 0.9444
10.9590 0.3959 0.3544 0.9475
10.9720 0.4142 0.3594 0.9507
10.9850 0.4335 0.3635 0.9539
10.9980 0.4536 0.3665 0.9572
11.0110 0.4745 0.3686 0.9604
11.0240 0.4959 0.3696 0.9637
11.0370 0.5178 0.3697 0.9668
11.0500 0.5400 0.3688 0.9699
11.0630 0.5623 0.3669 0.9730
11.0760 0.5846 0.3641 0.9759
11.0890 0.6067 0.3605 0.9787
11.1020 0.6285 0.3559 0.9814
11.1150 0.6498 0.3506 0.9839
11.1280 0.6706 0.3444 0.9862
11.1410 0.6907 0.3375 0.9884
11.1540 0.7099 0.3299 0.9903
11.1670 0.7283 0.3216 0.9921
11.1800 0.7457 0.3128 0.9936
11.1930 0.7620 0.3033 0.9950
11.2060 0.7771 0.2934 0.9961
11.2190 0.7911 0.2831 0.9969
11.2320 0.8038 0.2724 0.9976
11.2450 0.8152 0.2613 0.9980
11.2580 0.8253 0.2500 0.9982
11.2710 0.8340 0.2385 0.9981
11.2840 0.8412 0.2269 0.9979
11.2970 0.8471 0.2152 0.9974
11.3100 0.8515 0.2035 0.9967
11.3230 0.8544 0.1918 0.9959
11.3360 0.8558 0.1802 0.9948
11.3490 0.8557 0.1688 0.9936
11.3620 0.8541 0.1577 0.9922
11.3750 0.8509 0.1467 0.9907
11.3880 0.8461 0.1362 0.9891
11.4010 0.8398 0.1260 0.9874
11.4140 0.8318 0.1162 0.9855
11.4270 0.8222 0.1069 0.9836
11.4400 0.8110 0.0981 0.9817
11.4530 0.7981 0.0898 0.9797
11.4660 0.7837 0.0822 0.9777
11.4790 0.7676 0.0751 0.9757
11.4920 0.7500 0.0688 0.9737
11.5050 0.7308 0.0631 0.9718
11.5180 0.7102 0.0582 0.9699
11.5310 0.6881 0.0541 0.9681
11.5440 0.6648 0.0507 0.9664
11.5570 0.6402 0.0482 0.9648
11.5700 0.6145 0.0464 0.9633
11.5830 0.5878 0.0456 0.9619
11.5960 0.5603 0.0456 0.9607
11.6090 0.5321 0.0465 0.9597
11.6220 0.5035 0.0483 0.9588
11.6350 0.4746 0.0510 0.9581
11.6480 0.4457 0.0546 0.9575
11.6610 0.4169 0.0592 0.9572
11.6740 0.3885 0.0646 0.9570
11.6870 0.3607 0.0710 0.9570
11.7000 0.3338 0.0783 0.9573
11.7130 0.3079 0.0866 0.9577
11.7260 0.2833 0.0957 0.9583
11.7390 0.2603 0.1057 0.9590
11.7520 0.2390 0.1165 0.9600
11.7650 0.2195 0.1283 0.9611
11.7780 0.2022 0.1408 0.9623
11.7910 0.1870 0.1541 0.9637
11.8040 0.1741 0.1682 0.9653
11.8170 0.1637 0.1830 0.9669
11.8300 0.1556 0.1985 0.9687
11.8430 0.1501 0.2147 0.9706
11.8560 0.1469 0.2314 0.9725
11.8690 0.1462 0.2487 0.9745
11.8820 0.1478 0.2666 0.9765
11.8950 0.1516 0.2849 0.9785
11.9080 0.1573 0.3036 0.9805
11.9210 0.1650 0.3227 0.9825
11.9340 0.1742 0.3421 0.9845
11.9470 0.1849 0.3617 0.9864
11.9600 0.1967 0.3816 0.9883
11.9730 0.2093 0.4016 0.9900
11.9860 0.2226 0.4217 0.9916
11.9990 0.2360 0.4419 0.9932
12.0120 0.2494 0.4621 0.9945
12.0250 0.2625 0.4822 0.9957
12.0380 0.2749 0.5023 0.9968
12.0510 0.2864 0.5222 0.9976
12.0640 0.2967 0.5418 0.9983
12.0770 0.3055 0.5613 0.9988
12.0900 0.3126 0.5805 0.9990
12.1030 0.3178 0.5993 0.9991
12.1160 0.3209 0.6178 0.9989
12.1290 0.3218 0.6360 0.9985
12.1420 0.3204 0.6536 0.9979
12.1550 0.3165 0.6708 0.9970
12.1680 0.3103 0.6876 0.9959
12.1810 0.3016 0.7038 0.9946
12.1940 0.2905 0.7194 0.9931
12.2070 0.2771 0.7345 0.9914
12.2200 0.2615 0.7490 0.9895
12.2330 0.2438 0.7628 0.9874
12.2460 0.2242 0.7760 0.9851
12.2590 0.2028 0.7886 0.9826
12.2720 0.1799 0.8005 0.9801
12.2850 0.1556 0.8117 0.9773
12.2980 0.1303 0.8222 0.9745
12.3110 0.1041 0.8320 0.9716
12.3240 0.0774 0.8412 0.9686
12.3370 0.0502 0.8496 0.9655
12.3500 0.0229 0.8572 0.9624
12.3630 -0.0042 0.8642 0.9592
12.3760 -0.0311 0.8705 0.9561
12.3890 -0.0574 0.8760 0.9530
12.4020 -0.0831 0.8809 0.9499
12.4150 -0.1078 0.8851 0.9469
12.4280 -0.1316 0.8886 0.9440
12.4410 -0.1542 0.8914 0.9411
12.4540 -0.1756 0.8936 0.9384
12.4670 -0.1957 0.8952 0.9359
12.4800 -0.2144 0.8962 0.9335
12.4930 -0.2316 0.8966 0.9312
12.5060 -0.2475 0.8965 0.9292
12.5190 -0.2619 0.8958 0.9273
12.5320 -0.2750 0.8947 0.9257
12.5450 -0.2866 0.8931 0.9243
12.5580 -0.2969 0.8911 0.9231
12.5710 -0.3059 0.8887 0.9222
12.5840 -0.3136 0.8859 0.9216
12.5970 -0.3201 0.8829 0.9211
12.6100 -0.3255 0.8795 0.9210
12.6230 -0.3297 0.8759 0.9211
12.6360 -0.3329 0.8721 0.9215
12.6490 -0.3351 0.8681 0.9221
12.6620 -0.3363 0.8640 0.9229
12.6750 -0.3364 0.8597 0.9240
12.6880 -0.3357 0.8554 0.9254
12.7010 -0.3339 0.8511 0.9269
12.7140 -0.3312 0.8468 0.9287
12.7270 -0.3274 0.8425 0.9307
12.7400 -0.3226 0.8382 0.9328
12.7530 -0.3168 0.8341 0.9351
12.7660 -0.3098 0.8301 0.9376
12.7790 -0.3016 0.8262 0.9402
12.7920 -0.2922 0.8225 0.9429
12.8050 -0.2815 0.8191 0.9457
12.8180 -0.2695 0.8158 0.9486
12.8310 -0.2561 0.8128 0.9516
12.8440 -0.2413 0.8100 0.9546
12.8570 -0.2250 0.8076 0.9576
12.8700 -0.2072 0.8054 0.9606
12.8830 -0.1879 0.8036 0.9635
12.8960 -0.1671 0.8021 0.9664
12.9090 -0.1448 0.8010 0.9693
12.9220 -0.1210 0.8002 0.9720
12.9350 -0.0958 0.7998 0.9747
12.9480 -0.0693 0.7998 0.9772
12.9610 -0.0415 0.8001 0.9796
12.9740 -0.0124 0.8009 0.9818
12.9870 0.0177 0.8020 0.9838
13.0000 0.0488 0.8036 0.9857
13.0130 0.0808 0.8055 0.9873
13.0260 0.1135 0.8078 0.9888
13.0390 0.1468 0.8105 0.9900
13.0520 0.1805 0.8136 0.9910
13.0650 0.2145 0.8171 0.9918
13.0780 0.2486 0.8209 0.9923
13.0910 0.2826 0.8250 0.9926
13.1040 0.3165 0.8295 0.9927
13.1170 0.3500 0.8343 0.9925
13.1300 0.3831 0.8394 0.9921
13.1430 0.4156 0.8448 0.9914
13.1560 0.4473 0.8504 0.9906
13.1690 0.4782 0.8562 0.9895
13.1820 0.5082 0.8622 0.9883
13.1950 0.5371 0.8684 0.9868
13.2080 0.5650 0.8748 0.9851
13.2210 0.5917 0.8812 0.9833
13.2340 0.6172 0.8878 0.9814
13.2470 0.6414 0.8944 0.9793
13.2600 0.6644 0.9010 0.9771
13.2730 0.6861 0.9076 0.9748
13.2860 0.7064 0.9142 0.9725
13.2990 0.7255 0.9208 0.9700
13.3120 0.7432 0.9272 0.9676
13.3250 0.7596 0.9335 0.9651
13.3380 0.7747 0.9396 0.9626
13.3510 0.7885 0.9456 0.9602
13.3640 0.8010 0.9513 0.9578
