 t	 x	 y	 z	 w
0.0000 0.0000 0.0000 0.0000 0.0000
0.0100 0.0119 0.0012 0.0006 0.0003
0.0200 0.0385 0.0041 0.0020 0.0012
0.0300 0.0745 0.0083 0.0042 0.0024
0.0400 0.1168 0.0136 0.0069 0.0040
0.0500 0.1631 0.0200 0.0102 0.0059
0.0600 0.2115 0.0271 0.0139 0.0081
0.0700 0.2606 0.0351 0.0181 0.0105
0.0800 0.3092 0.0437 0.0226 0.0132
0.0900 0.3561 0.0530 0.0275 0.0160
0.1000 0.4006 0.0627 0.0327 0.0190
0.1100 0.4421 0.0729 0.0381 0.0221
0.1200 0.4802 0.0836 0.0437 0.0254
0.1300 0.5146 0.0946 0.0496 0.0287
0.1400 0.5453 0.1058 0.0556 0.0321
0.1500 0.5721 0.1174 0.0618 0.0355
0.1600 0.5953 0.1291 0.0680 0.0390
0.1700 0.6151 0.1411 0.0744 0.0425
0.1800 0.6317 0.1531 0.0808 0.0459
0.1900 0.6454 0.1652 0.0872 0.0494
0.2000 0.6566 0.1774 0.0937 0.0527
0.2100 0.6655 0.1897 0.1002 0.0561
0.2200 0.6726 0.2019 0.1066 0.0593
0.2300 0.6781 0.2140 0.1130 0.0624
0.2400 0.6823 0.2262 0.1194 0.0655
0.2500 0.6854 0.2382 0.1257 0.0684
0.2600 0.6878 0.2501 0.1318 0.0712
0.2700 0.6894 0.2620 0.1379 0.0739
0.2800 0.6906 0.2736 0.1439 0.0764
0.2900 0.6915 0.2851 0.1497 0.0788
0.3000 0.6921 0.2965 0.1554 0.0810
0.3100 0.6924 0.3076 0.1609 0.0830
0.3200 0.6927 0.3185 0.1663 0.0849
0.3300 0.6929 0.3293 0.1715 0.0866
0.3400 0.6930 0.3398 0.1765 0.0881
0.3500 0.6930 0.3500 0.1814 0.0894
0.3600 0.6931 0.3601 0.1861 0.0906
0.3700 0.6931 0.3699 0.1905 0.0916
0.3800 0.6931 0.3794 0.1948 0.0924
0.3900 0.6931 0.3887 0.1989 0.0930
0.4000 0.6931 0.3977 0.2028 0.0935
0.4100 0.6931 0.4064 0.2065 0.0938
0.4200 0.6931 0.4149 0.2100 0.0939
0.4300 0.6931 0.4231 0.2133 0.0939
0.4400 0.6931 0.4311 0.2164 0.0937
0.4500 0.6931 0.4388 0.2194 0.0934
0.4600 0.6931 0.4462 0.2221 0.0929
0.4700 0.6931 0.4534 0.2247 0.0924
0.4800 0.6931 0.4603 0.2271 0.0917
0.4900 0.6931 0.4670 0.2293 0.0908
0.5000 0.6930 0.4734 0.2313 0.0899
0.5100 0.6930 0.4796 0.2332 0.0889
0.5200 0.6930 0.4856 0.2350 0.0878
0.5300 0.6930 0.4913 0.2365 0.0866
0.5400 0.6930 0.4968 0.2380 0.0853
0.5500 0.6930 0.5021 0.2393 0.0840
0.5600 0.6930 0.5072 0.2405 0.0827
0.5700 0.6930 0.5121 0.2416 0.0812
0.5800 0.6930 0.5167 0.2425 0.0798
0.5900 0.6930 0.5213 0.2434 0.0783
0.6000 0.6930 0.5256 0.2441 0.0768
0.6100 0.6929 0.5298 0.2448 0.0753
0.6200 0.6929 0.5338 0.2454 0.0738
0.6300 0.6929 0.5377 0.2460 0.0723
0.6400 0.6929 0.5415 0.2464 0.0708
0.6500 0.6929 0.5451 0.2468 0.0693
0.6600 0.6929 0.5486 0.2472 0.0678
0.6700 0.6929 0.5520 0.2476 0.0663
0.6800 0.6928 0.5554 0.2479 0.0648
0.6900 0.6928 0.5586 0.2481 0.0634
0.7000 0.6928 0.5618 0.2484 0.0620
0.7100 0.6928 0.5649 0.2487 0.0606
0.7200 0.6928 0.5679 0.2489 0.0592
0.7300 0.6928 0.5709 0.2492 0.0578
0.7400 0.6927 0.5738 0.2494 0.0564
0.7500 0.6927 0.5767 0.2497 0.0551
0.7600 0.6927 0.5796 0.2500 0.0537
0.7700 0.6927 0.5824 0.2503 0.0524
0.7800 0.6926 0.5852 0.2506 0.0511
0.7900 0.6926 0.5880 0.2509 0.0497
0.8000 0.6926 0.5908 0.2513 0.0484
0.8100 0.6926 0.5936 0.2516 0.0470
0.8200 0.6926 0.5963 0.2520 0.0456
0.8300 0.6925 0.5991 0.2524 0.0442
0.8400 0.6925 0.6019 0.2527 0.0428
0.8500 0.6925 0.6046 0.2531 0.0414
0.8600 0.6925 0.6074 0.2535 0.0399
0.8700 0.6924 0.6101 0.2539 0.0384
0.8800 0.6924 0.6129 0.2543 0.0369
0.8900 0.6924 0.6156 0.2546 0.0353
0.9000 0.6923 0.6183 0.2549 0.0337
0.9100 0.6923 0.6211 0.2552 0.0320
0.9200 0.6923 0.6238 0.2554 0.0304
0.9300 0.6923 0.6265 0.2556 0.0286
0.9400 0.6922 0.6291 0.2558 0.0269
0.9500 0.6922 0.6318 0.2559 0.0252
0.9600 0.6922 0.6344 0.2559 0.0234
0.9700 0.6922 0.6370 0.2558 0.0216
0.9800 0.6921 0.6396 0.2556 0.0198
0.9900 0.6921 0.6421 0.2554 0.0180
1.0000 0.6921 0.6446 0.2550 0.0163
1.0100 0.6920 0.6470 0.2545 0.0145
1.0200 0.6920 0.6494 0.2539 0.0129
1.0300 0.6920 0.6518 0.2532 0.0112
1.0400 0.6920 0.6541 0.2523 0.0097
1.0500 0.6919 0.6563 0.2513 0.0082
1.0600 0.6919 0.6585 0.2502 0.0069
1.0700 0.6919 0.6606 0.2488 0.0057
1.0800 0.6918 0.6626 0.2473 0.0046
1.0900 0.6918 0.6646 0.2457 0.0038
1.1000 0.6918 0.6665 0.2438 0.0032
1.1100 0.6917 0.6683 0.2418 0.0029
1.1200 0.6917 0.6700 0.2395 0.0028
1.1300 0.6917 0.6717 0.2371 0.0031
1.1400 0.6917 0.6732 0.2345 0.0037
1.1500 0.6916 0.6747 0.2317 0.0046
1.1600 0.6916 0.6762 0.2286 0.0058
1.1700 0.6916 0.6775 0.2254 0.0073
1.1800 0.6916 0.6788 0.2219 0.0090
1.1900 0.6916 0.6799 0.2182 0.0110
1.2000 0.6916 0.6810 0.2143 0.0132
1.2100 0.6916 0.6820 0.2102 0.0156
1.2200 0.6916 0.6830 0.2059 0.0182
1.2300 0.6917 0.6838 0.2014 0.0211
1.2400 0.6917 0.6846 0.1966 0.0241
1.2500 0.6918 0.6853 0.1917 0.0272
1.2600 0.6919 0.6860 0.1866 0.0305
1.2700 0.6921 0.6866 0.1813 0.0339
1.2800 0.6922 0.6871 0.1758 0.0375
1.2900 0.6924 0.6876 0.1701 0.0411
1.3000 0.6925 0.6880 0.1643 0.0448
1.3100 0.6927 0.6883 0.1583 0.0485
1.3200 0.6928 0.6886 0.1522 0.0523
1.3300 0.6928 0.6889 0.1459 0.0562
1.3400 0.6928 0.6891 0.1396 0.0600
1.3500 0.6926 0.6892 0.1331 0.0638
1.3600 0.6924 0.6893 0.1265 0.0676
1.3700 0.6919 0.6894 0.1199 0.0713
1.3800 0.6912 0.6894 0.1132 0.0750
1.3900 0.6903 0.6893 0.1064 0.0786
1.4000 0.6891 0.6893 0.0997 0.0821
1.4100 0.6876 0.6891 0.0929 0.0855
1.4200 0.6859 0.6890 0.0862 0.0888
1.4300 0.6839 0.6887 0.0795 0.0920
1.4400 0.6817 0.6884 0.0728 0.0950
1.4500 0.6792 0.6880 0.0663 0.0978
1.4600 0.6767 0.6876 0.0599 0.1005
1.4700 0.6740 0.6871 0.0536 0.1029
1.4800 0.6714 0.6865 0.0475 0.1052
1.4900 0.6690 0.6858 0.0416 0.1073
1.5000 0.6667 0.6849 0.0359 0.1092
1.5100 0.6648 0.6840 0.0305 0.1109
1.5200 0.6633 0.6829 0.0254 0.1123
1.5300 0.6622 0.6817 0.0206 0.1135
1.5400 0.6617 0.6804 0.0162 0.1145
1.5500 0.6617 0.6789 0.0122 0.1153
1.5600 0.6622 0.6772 0.0087 0.1158
1.5700 0.6633 0.6753 0.0056 0.1161
1.5800 0.6649 0.6732 0.0032 0.1161
1.5900 0.6668 0.6709 0.0014 0.1159
1.6000 0.6691 0.6684 0.0004 0.1154
1.6100 0.6717 0.6657 0.0003 0.1148
1.6200 0.6743 0.6627 0.0013 0.1139
1.6300 0.6770 0.6594 0.0031 0.1127
1.6400 0.6797 0.6559 0.0055 0.1114
1.6500 0.6822 0.6521 0.0084 0.1098
1.6600 0.6845 0.6480 0.0119 0.1080
1.6700 0.6866 0.6436 0.0157 0.1060
1.6800 0.6884 0.6390 0.0199 0.1038
1.6900 0.6899 0.6340 0.0245 0.1015
1.7000 0.6911 0.6286 0.0294 0.0989
1.7100 0.6920 0.6230 0.0345 0.0962
1.7200 0.6926 0.6170 0.0398 0.0934
1.7300 0.6930 0.6107 0.0454 0.0904
1.7400 0.6931 0.6041 0.0511 0.0873
1.7500 0.6931 0.5971 0.0569 0.0841
1.7600 0.6928 0.5898 0.0629 0.0807
1.7700 0.6925 0.5822 0.0689 0.0773
1.7800 0.6920 0.5742 0.0750 0.0739
1.7900 0.6914 0.5659 0.0811 0.0703
1.8000 0.6908 0.5573 0.0873 0.0668
1.8100 0.6902 0.5484 0.0934 0.0632
1.8200 0.6895 0.5391 0.0995 0.0596
1.8300 0.6888 0.5296 0.1056 0.0560
1.8400 0.6882 0.5198 0.1116 0.0524
1.8500 0.6875 0.5096 0.1175 0.0489
1.8600 0.6869 0.4993 0.1234 0.0454
1.8700 0.6862 0.4886 0.1291 0.0420
1.8800 0.6856 0.4778 0.1348 0.0387
1.8900 0.6850 0.4667 0.1403 0.0355
1.9000 0.6845 0.4554 0.1456 0.0324
1.9100 0.6839 0.4439 0.1508 0.0294
1.9200 0.6834 0.4322 0.1559 0.0265
1.9300 0.6830 0.4205 0.1608 0.0238
1.9400 0.6826 0.4086 0.1656 0.0213
1.9500 0.6822 0.3965 0.1701 0.0189
1.9600 0.6819 0.3845 0.1746 0.0167
1.9700 0.6816 0.3723 0.1788 0.0147
1.9800 0.6813 0.3602 0.1829 0.0129
1.9900 0.6811 0.3480 0.1867 0.0113
2.0000 0.6810 0.3358 0.1904 0.0098
2.0100 0.6809 0.3237 0.1940 0.0086
2.0200 0.6808 0.3117 0.1973 0.0077
2.0300 0.6808 0.2997 0.2005 0.0069
2.0400 0.6809 0.2879 0.2035 0.0063
2.0500 0.6810 0.2762 0.2064 0.0060
2.0600 0.6811 0.2647 0.2091 0.0059
2.0700 0.6813 0.2533 0.2116 0.0059
2.0800 0.6815 0.2422 0.2140 0.0062
2.0900 0.6817 0.2313 0.2163 0.0066
2.1000 0.6820 0.2206 0.2184 0.0071
2.1100 0.6823 0.2102 0.2204 0.0078
2.1200 0.6826 0.2000 0.2222 0.0086
2.1300 0.6829 0.1902 0.2239 0.0094
2.1400 0.6832 0.1806 0.2255 0.0104
2.1500 0.6835 0.1714 0.2270 0.0114
2.1600 0.6838 0.1624 0.2284 0.0124
2.1700 0.6842 0.1539 0.2298 0.0136
2.1800 0.6845 0.1456 0.2310 0.0147
2.1900 0.6848 0.1377 0.2322 0.0159
2.2000 0.6850 0.1302 0.2333 0.0171
2.2100 0.6853 0.1230 0.2343 0.0183
2.2200 0.6855 0.1162 0.2354 0.0195
2.2300 0.6857 0.1097 0.2363 0.0207
2.2400 0.6859 0.1036 0.2373 0.0220
2.2500 0.6861 0.0979 0.2382 0.0233
2.2600 0.6862 0.0925 0.2391 0.0245
2.2700 0.6863 0.0875 0.2399 0.0258
2.2800 0.6864 0.0828 0.2408 0.0271
2.2900 0.6864 0.0785 0.2417 0.0284
2.3000 0.6864 0.0745 0.2426 0.0298
2.3100 0.6863 0.0709 0.2435 0.0312
2.3200 0.6863 0.0676 0.2444 0.0326
2.3300 0.6861 0.0646 0.2453 0.0340
2.3400 0.6860 0.0620 0.2462 0.0355
2.3500 0.6857 0.0597 0.2472 0.0370
2.3600 0.6855 0.0577 0.2482 0.0385
2.3700 0.6852 0.0560 0.2491 0.0401
2.3800 0.6848 0.0546 0.2501 0.0418
2.3900 0.6844 0.0535 0.2512 0.0435
2.4000 0.6839 0.0527 0.2522 0.0452
2.4100 0.6834 0.0522 0.2532 0.0470
2.4200 0.6829 0.0519 0.2542 0.0489
2.4300 0.6823 0.0519 0.2552 0.0508
2.4400 0.6816 0.0522 0.2563 0.0528
2.4500 0.6809 0.0527 0.2573 0.0548
2.4600 0.6802 0.0534 0.2582 0.0568
2.4700 0.6794 0.0544 0.2592 0.0589
2.4800 0.6786 0.0556 0.2601 0.0611
2.4900 0.6777 0.0571 0.2610 0.0633
2.5000 0.6769 0.0588 0.2618 0.0654
2.5100 0.6760 0.0607 0.2626 0.0677
2.5200 0.6752 0.0628 0.2633 0.0699
2.5300 0.6744 0.0652 0.2640 0.0721
2.5400 0.6736 0.0678 0.2645 0.0744
2.5500 0.6729 0.0706 0.2650 0.0766
2.5600 0.6723 0.0737 0.2654 0.0788
2.5700 0.6717 0.0770 0.2657 0.0809
2.5800 0.6712 0.0805 0.2658 0.0830
2.5900 0.6709 0.0843 0.2659 0.0851
2.6000 0.6707 0.0884 0.2658 0.0871
2.6100 0.6706 0.0927 0.2655 0.0890
2.6200 0.6706 0.0973 0.2651 0.0908
2.6300 0.6709 0.1021 0.2646 0.0926
2.6400 0.6713 0.1072 0.2638 0.0942
2.6500 0.6718 0.1127 0.2629 0.0957
2.6600 0.6725 0.1184 0.2618 0.0971
2.6700 0.6734 0.1244 0.2606 0.0984
2.6800 0.6745 0.1307 0.2591 0.0995
2.6900 0.6757 0.1373 0.2574 0.1004
2.7000 0.6770 0.1442 0.2556 0.1012
2.7100 0.6785 0.1515 0.2535 0.1018
2.7200 0.6801 0.1590 0.2512 0.1023
2.7300 0.6817 0.1668 0.2487 0.1025
2.7400 0.6835 0.1750 0.2459 0.1026
2.7500 0.6852 0.1834 0.2430 0.1025
2.7600 0.6869 0.1922 0.2398 0.1022
2.7700 0.6885 0.2012 0.2363 0.1017
2.7800 0.6901 0.2106 0.2327 0.1010
2.7900 0.6914 0.2201 0.2288 0.1000
2.8000 0.6923 0.2300 0.2247 0.0989
2.8100 0.6929 0.2401 0.2204 0.0976
2.8200 0.6930 0.2504 0.2159 0.0961
2.8300 0.6923 0.2609 0.2111 0.0944
2.8400 0.6908 0.2717 0.2062 0.0924
2.8500 0.6883 0.2826 0.2010 0.0903
2.8600 0.6845 0.2937 0.1957 0.0880
2.8700 0.6792 0.3049 0.1901 0.0856
2.8800 0.6722 0.3162 0.1843 0.0829
2.8900 0.6633 0.3277 0.1784 0.0801
2.9000 0.6523 0.3392 0.1723 0.0772
2.9100 0.6389 0.3508 0.1661 0.0741
2.9200 0.6231 0.3624 0.1597 0.0709
2.9300 0.6047 0.3740 0.1532 0.0675
2.9400 0.5838 0.3857 0.1465 0.0641
2.9500 0.5603 0.3973 0.1398 0.0606
2.9600 0.5346 0.4088 0.1329 0.0570
2.9700 0.5068 0.4203 0.1260 0.0533
2.9800 0.4775 0.4317 0.1190 0.0496
2.9900 0.4473 0.4430 0.1120 0.0459
3.0000 0.4170 0.4541 0.1050 0.0422
3.0100 0.3874 0.4651 0.0980 0.0385
3.0200 0.3596 0.4759 0.0910 0.0348
3.0300 0.3348 0.4866 0.0841 0.0312
3.0400 0.3142 0.4970 0.0773 0.0277
3.0500 0.2989 0.5073 0.0705 0.0243
3.0600 0.2898 0.5173 0.0639 0.0210
3.0700 0.2875 0.5270 0.0574 0.0178
3.0800 0.2922 0.5365 0.0511 0.0149
3.0900 0.3036 0.5457 0.0450 0.0121
3.1000 0.3210 0.5547 0.0391 0.0095
3.1100 0.3435 0.5633 0.0335 0.0072
3.1200 0.3699 0.5717 0.0282 0.0052
3.1300 0.3988 0.5798 0.0233 0.0034
3.1400 0.4293 0.5875 0.0187 0.0020
3.1500 0.4601 0.5950 0.0145 0.0010
3.1600 0.4903 0.6021 0.0107 0.0005
3.1700 0.5192 0.6089 0.0074 0.0005
3.1800 0.5462 0.6154 0.0047 0.0011
3.1900 0.5708 0.6215 0.0026 0.0020
3.2000 0.5927 0.6274 0.0012 0.0034
3.2100 0.6119 0.6329 0.0007 0.0050
3.2200 0.6284 0.6381 0.0011 0.0070
3.2300 0.6422 0.6429 0.0024 0.0091
3.2400 0.6535 0.6475 0.0043 0.0115
3.2500 0.6626 0.6518 0.0069 0.0141
3.2600 0.6698 0.6558 0.0100 0.0168
3.2700 0.6754 0.6594 0.0135 0.0196
3.2800 0.6796 0.6628 0.0173 0.0225
3.2900 0.6827 0.6660 0.0216 0.0255
3.3000 0.6849 0.6689 0.0261 0.0286
3.3100 0.6865 0.6715 0.0308 0.0316
3.3200 0.6875 0.6739 0.0358 0.0348
3.3300 0.6881 0.6761 0.0410 0.0379
3.3400 0.6885 0.6780 0.0464 0.0410
3.3500 0.6885 0.6798 0.0519 0.0440
3.3600 0.6883 0.6813 0.0575 0.0470
3.3700 0.6879 0.6827 0.0631 0.0500
3.3800 0.6873 0.6840 0.0689 0.0528
3.3900 0.6865 0.6851 0.0746 0.0556
3.4000 0.6856 0.6860 0.0804 0.0583
3.4100 0.6845 0.6869 0.0862 0.0609
3.4200 0.6833 0.6876 0.0919 0.0633
3.4300 0.6820 0.6882 0.0976 0.0656
3.4400 0.6807 0.6887 0.1032 0.0678
3.4500 0.6794 0.6892 0.1088 0.0699
3.4600 0.6781 0.6896 0.1143 0.0718
3.4700 0.6769 0.6899 0.1197 0.0736
3.4800 0.6759 0.6901 0.1249 0.0753
3.4900 0.6750 0.6903 0.1301 0.0768
3.5000 0.6743 0.6905 0.1351 0.0781
3.5100 0.6737 0.6906 0.1400 0.0793
3.5200 0.6734 0.6906 0.1448 0.0804
3.5300 0.6733 0.6907 0.1494 0.0813
3.5400 0.6734 0.6907 0.1539 0.0821
3.5500 0.6737 0.6906 0.1582 0.0827
3.5600 0.6742 0.6905 0.1623 0.0833
3.5700 0.6748 0.6904 0.1664 0.0837
3.5800 0.6756 0.6902 0.1702 0.0839
3.5900 0.6764 0.6900 0.1739 0.0841
3.6000 0.6774 0.6898 0.1775 0.0842
3.6100 0.6784 0.6895 0.1808 0.0841
3.6200 0.6795 0.6891 0.1841 0.0840
3.6300 0.6805 0.6887 0.1872 0.0838
3.6400 0.6816 0.6882 0.1901 0.0835
3.6500 0.6826 0.6877 0.1929 0.0831
3.6600 0.6836 0.6871 0.1956 0.0827
3.6700 0.6845 0.6864 0.1982 0.0822
3.6800 0.6854 0.6857 0.2006 0.0817
3.6900 0.6862 0.6849 0.2029 0.0811
3.7000 0.6869 0.6839 0.2051 0.0805
3.7100 0.6876 0.6830 0.2072 0.0799
3.7200 0.6882 0.6819 0.2092 0.0792
3.7300 0.6887 0.6807 0.2111 0.0785
3.7400 0.6891 0.6794 0.2129 0.0778
3.7500 0.6895 0.6780 0.2147 0.0771
3.7600 0.6898 0.6766 0.2164 0.0764
3.7700 0.6901 0.6750 0.2180 0.0757
3.7800 0.6903 0.6733 0.2196 0.0750
3.7900 0.6905 0.6715 0.2212 0.0742
3.8000 0.6906 0.6697 0.2227 0.0735
3.8100 0.6907 0.6677 0.2242 0.0727
3.8200 0.6907 0.6656 0.2257 0.0720
3.8300 0.6907 0.6634 0.2272 0.0713
3.8400 0.6907 0.6611 0.2287 0.0705
3.8500 0.6907 0.6587 0.2301 0.0697
3.8600 0.6907 0.6563 0.2316 0.0689
3.8700 0.6906 0.6537 0.2331 0.0681
3.8800 0.6905 0.6511 0.2346 0.0673
3.8900 0.6904 0.6483 0.2361 0.0664
3.9000 0.6902 0.6455 0.2376 0.0655
3.9100 0.6901 0.6427 0.2392 0.0646
3.9200 0.6899 0.6397 0.2408 0.0636
3.9300 0.6897 0.6367 0.2423 0.0626
3.9400 0.6895 0.6337 0.2439 0.0615
3.9500 0.6892 0.6305 0.2456 0.0604
3.9600 0.6890 0.6274 0.2472 0.0592
3.9700 0.6887 0.6242 0.2489 0.0580
3.9800 0.6884 0.6210 0.2505 0.0566
3.9900 0.6880 0.6177 0.2522 0.0552
4.0000 0.6877 0.6145 0.2538 0.0537
4.0100 0.6874 0.6112 0.2555 0.0522
4.0200 0.6870 0.6079 0.2571 0.0506
4.0300 0.6867 0.6046 0.2588 0.0488
4.0400 0.6864 0.6013 0.2604 0.0470
4.0500 0.6860 0.5980 0.2619 0.0452
4.0600 0.6857 0.5947 0.2635 0.0432
4.0700 0.6854 0.5914 0.2650 0.0412
4.0800 0.6852 0.5881 0.2664 0.0392
4.0900 0.6850 0.5848 0.2678 0.0370
4.1000 0.6848 0.5815 0.2691 0.0348
4.1100 0.6847 0.5782 0.2703 0.0326
4.1200 0.6846 0.5749 0.2715 0.0303
4.1300 0.6846 0.5716 0.2725 0.0280
4.1400 0.6846 0.5682 0.2734 0.0257
4.1500 0.6847 0.5649 0.2742 0.0234
4.1600 0.6848 0.5616 0.2749 0.0211
4.1700 0.6851 0.5582 0.2755 0.0188
4.1800 0.6853 0.5548 0.2758 0.0166
4.1900 0.6857 0.5514 0.2761 0.0144
4.2000 0.6860 0.5479 0.2762 0.0123
4.2100 0.6865 0.5444 0.2761 0.0103
4.2200 0.6869 0.5408 0.2758 0.0084
4.2300 0.6874 0.5372 0.2753 0.0067
4.2400 0.6879 0.5334 0.2747 0.0052
4.2500 0.6884 0.5296 0.2738 0.0038
4.2600 0.6890 0.5257 0.2728 0.0028
4.2700 0.6895 0.5217 0.2715 0.0020
4.2800 0.6900 0.5176 0.2700 0.0016
4.2900 0.6904 0.5134 0.2683 0.0015
4.3000 0.6909 0.5090 0.2664 0.0019
4.3100 0.6912 0.5045 0.2642 0.0027
4.3200 0.6916 0.4999 0.2618 0.0038
4.3300 0.6919 0.4951 0.2592 0.0053
4.3400 0.6921 0.4901 0.2563 0.0071
4.3500 0.6923 0.4850 0.2532 0.0091
4.3600 0.6924 0.4797 0.2498 0.0114
4.3700 0.6925 0.4742 0.2463 0.0140
4.3800 0.6926 0.4686 0.2424 0.0168
4.3900 0.6926 0.4627 0.2384 0.0197
4.4000 0.6925 0.4566 0.2341 0.0229
4.4100 0.6925 0.4503 0.2296 0.0262
4.4200 0.6924 0.4438 0.2248 0.0296
4.4300 0.6922 0.4371 0.2199 0.0332
4.4400 0.6920 0.4302 0.2147 0.0368
4.4500 0.6917 0.4230 0.2093 0.0406
4.4600 0.6913 0.4156 0.2037 0.0444
4.4700 0.6907 0.4080 0.1979 0.0482
4.4800 0.6900 0.4001 0.1919 0.0521
4.4900 0.6890 0.3920 0.1857 0.0560
4.5000 0.6879 0.3836 0.1793 0.0599
4.5100 0.6865 0.3750 0.1728 0.0637
4.5200 0.6850 0.3662 0.1662 0.0675
4.5300 0.6832 0.3571 0.1594 0.0712
4.5400 0.6812 0.3478 0.1525 0.0749
4.5500 0.6791 0.3383 0.1456 0.0784
4.5600 0.6768 0.3285 0.1385 0.0819
4.5700 0.6745 0.3185 0.1314 0.0852
4.5800 0.6723 0.3083 0.1242 0.0884
4.5900 0.6702 0.2979 0.1170 0.0914
4.6000 0.6683 0.2872 0.1098 0.0943
4.6100 0.6666 0.2764 0.1026 0.0970
4.6200 0.6653 0.2654 0.0954 0.0995
4.6300 0.6643 0.2543 0.0883 0.1018
4.6400 0.6638 0.2430 0.0813 0.1039
4.6500 0.6638 0.2315 0.0744 0.1058
4.6600 0.6641 0.2200 0.0676 0.1075
4.6700 0.6649 0.2083 0.0610 0.1090
4.6800 0.6661 0.1966 0.0545 0.1103
4.6900 0.6675 0.1848 0.0483 0.1113
4.7000 0.6693 0.1730 0.0423 0.1121
4.7100 0.6712 0.1612 0.0366 0.1126
4.7200 0.6733 0.1495 0.0311 0.1130
4.7300 0.6754 0.1378 0.0260 0.1131
4.7400 0.6775 0.1263 0.0212 0.1129
4.7500 0.6795 0.1149 0.0169 0.1126
4.7600 0.6814 0.1036 0.0129 0.1120
4.7700 0.6832 0.0927 0.0095 0.1112
4.7800 0.6849 0.0820 0.0065 0.1102
4.7900 0.6863 0.0716 0.0042 0.1090
4.8000 0.6876 0.0616 0.0024 0.1076
4.8100 0.6887 0.0521 0.0015 0.1059
4.8200 0.6896 0.0431 0.0013 0.1042
4.8300 0.6904 0.0347 0.0021 0.1022
4.8400 0.6911 0.0269 0.0036 0.1000
4.8500 0.6916 0.0199 0.0057 0.0977
4.8600 0.6920 0.0138 0.0084 0.0953
4.8700 0.6923 0.0086 0.0115 0.0927
4.8800 0.6925 0.0046 0.0150 0.0900
4.8900 0.6927 0.0020 0.0188 0.0872
4.9000 0.6928 0.0011 0.0229 0.0843
4.9100 0.6929 0.0022 0.0273 0.0813
4.9200 0.6929 0.0051 0.0319 0.0783
4.9300 0.6929 0.0093 0.0367 0.0752
4.9400 0.6928 0.0146 0.0417 0.0720
4.9500 0.6928 0.0209 0.0468 0.0688
4.9600 0.6927 0.0281 0.0519 0.0656
4.9700 0.6926 0.0361 0.0572 0.0624
4.9800 0.6925 0.0448 0.0625 0.0593
4.9900 0.6923 0.0541 0.0679 0.0561
5.0000 0.6922 0.0639 0.0732 0.0530
5.0100 0.6921 0.0743 0.0786 0.0499
5.0200 0.6919 0.0851 0.0839 0.0469
5.0300 0.6918 0.0962 0.0892 0.0440
5.0400 0.6917 0.1077 0.0944 0.0411
5.0500 0.6915 0.1194 0.0996 0.0383
5.0600 0.6914 0.1314 0.1047 0.0357
5.0700 0.6913 0.1436 0.1097 0.0331
5.0800 0.6912 0.1559 0.1146 0.0307
5.0900 0.6912 0.1684 0.1194 0.0283
5.1000 0.6911 0.1809 0.1241 0.0262
5.1100 0.6911 0.1935 0.1287 0.0241
5.1200 0.6911 0.2061 0.1331 0.0222
5.1300 0.6911 0.2187 0.1375 0.0204
5.1400 0.6911 0.2312 0.1417 0.0188
5.1500 0.6911 0.2437 0.1457 0.0173
5.1600 0.6912 0.2561 0.1496 0.0159
5.1700 0.6912 0.2683 0.1534 0.0147
5.1800 0.6913 0.2805 0.1571 0.0136
5.1900 0.6914 0.2925 0.1606 0.0127
5.2000 0.6915 0.3043 0.1640 0.0119
5.2100 0.6916 0.3159 0.1673 0.0112
5.2200 0.6917 0.3274 0.1704 0.0107
5.2300 0.6918 0.3386 0.1734 0.0102
5.2400 0.6918 0.3495 0.1763 0.0099
5.2500 0.6919 0.3603 0.1791 0.0097
5.2600 0.6920 0.3708 0.1818 0.0095
5.2700 0.6921 0.3810 0.1844 0.0095
5.2800 0.6921 0.3910 0.1869 0.0095
5.2900 0.6922 0.4006 0.1893 0.0096
5.3000 0.6922 0.4100 0.1917 0.0098
5.3100 0.6922 0.4192 0.1940 0.0100
5.3200 0.6922 0.4280 0.1962 0.0103
5.3300 0.6922 0.4366 0.1984 0.0107
5.3400 0.6922 0.4448 0.2005 0.0111
5.3500 0.6921 0.4528 0.2026 0.0116
5.3600 0.6921 0.4605 0.2046 0.0122
5.3700 0.6920 0.4679 0.2067 0.0128
5.3800 0.6919 0.4750 0.2087 0.0134
5.3900 0.6917 0.4819 0.2107 0.0141
5.4000 0.6915 0.4885 0.2127 0.0149
5.4100 0.6913 0.4948 0.2147 0.0158
5.4200 0.6911 0.5009 0.2167 0.0167
5.4300 0.6907 0.5067 0.2188 0.0177
5.4400 0.6904 0.5122 0.2208 0.0187
5.4500 0.6899 0.5176 0.2229 0.0199
5.4600 0.6894 0.5227 0.2250 0.0211
5.4700 0.6888 0.5275 0.2271 0.0225
5.4800 0.6881 0.5322 0.2292 0.0239
5.4900 0.6874 0.5367 0.2313 0.0254
5.5000 0.6865 0.5410 0.2335 0.0270
5.5100 0.6855 0.5451 0.2357 0.0287
5.5200 0.6844 0.5490 0.2379 0.0306
5.5300 0.6833 0.5528 0.2402 0.0325
5.5400 0.6820 0.5564 0.2425 0.0345
5.5500 0.6807 0.5599 0.2447 0.0366
5.5600 0.6792 0.5632 0.2470 0.0388
5.5700 0.6777 0.5664 0.2493 0.0411
5.5800 0.6762 0.5695 0.2516 0.0435
5.5900 0.6746 0.5725 0.2539 0.0460
5.6000 0.6729 0.5754 0.2562 0.0485
5.6100 0.6713 0.5783 0.2584 0.0511
5.6200 0.6697 0.5810 0.2607 0.0538
5.6300 0.6682 0.5836 0.2629 0.0565
5.6400 0.6667 0.5862 0.2650 0.0593
5.6500 0.6654 0.5888 0.2671 0.0621
5.6600 0.6642 0.5913 0.2692 0.0649
5.6700 0.6631 0.5937 0.2712 0.0677
5.6800 0.6622 0.5961 0.2731 0.0706
5.6900 0.6615 0.5984 0.2748 0.0734
5.7000 0.6611 0.6008 0.2765 0.0762
5.7100 0.6609 0.6031 0.2781 0.0789
5.7200 0.6609 0.6053 0.2796 0.0816
5.7300 0.6611 0.6076 0.2809 0.0843
5.7400 0.6616 0.6098 0.2821 0.0869
5.7500 0.6624 0.6120 0.2832 0.0894
5.7600 0.6633 0.6142 0.2841 0.0918
5.7700 0.6645 0.6164 0.2848 0.0940
5.7800 0.6659 0.6186 0.2854 0.0962
5.7900 0.6674 0.6208 0.2858 0.0982
5.8000 0.6691 0.6230 0.2859 0.1001
5.8100 0.6709 0.6251 0.2859 0.1019
5.8200 0.6729 0.6273 0.2857 0.1034
5.8300 0.6749 0.6294 0.2853 0.1048
5.8400 0.6770 0.6315 0.2847 0.1061
5.8500 0.6791 0.6337 0.2838 0.1071
5.8600 0.6812 0.6358 0.2827 0.1079
5.8700 0.6833 0.6379 0.2814 0.1086
5.8800 0.6852 0.6400 0.2799 0.1090
5.8900 0.6871 0.6420 0.2781 0.1092
5.9000 0.6888 0.6441 0.2761 0.1093
5.9100 0.6903 0.6461 0.2738 0.1091
5.9200 0.6914 0.6481 0.2713 0.1086
5.9300 0.6922 0.6501 0.2685 0.1080
5.9400 0.6926 0.6521 0.2655 0.1071
5.9500 0.6924 0.6540 0.2623 0.1060
5.9600 0.6916 0.6559 0.2588 0.1047
5.9700 0.6901 0.6578 0.2550 0.1032
5.9800 0.6878 0.6596 0.2510 0.1015
5.9900 0.6846 0.6614 0.2467 0.0995
6.0000 0.6806 0.6631 0.2423 0.0974
6.0100 0.6756 0.6648 0.2375 0.0950
6.0200 0.6698 0.6665 0.2325 0.0925
6.0300 0.6632 0.6681 0.2274 0.0898
6.0400 0.6560 0.6696 0.2219 0.0869
6.0500 0.6482 0.6711 0.2163 0.0839
6.0600 0.6401 0.6725 0.2105 0.0807
6.0700 0.6321 0.6738 0.2044 0.0774
6.0800 0.6244 0.6751 0.1982 0.0740
6.0900 0.6174 0.6763 0.1918 0.0705
6.1000 0.6114 0.6775 0.1853 0.0669
6.1100 0.6068 0.6786 0.1785 0.0632
6.1200 0.6037 0.6796 0.1717 0.0594
6.1300 0.6025 0.6806 0.1647 0.0556
6.1400 0.6033 0.6814 0.1577 0.0518
6.1500 0.6059 0.6823 0.1505 0.0479
6.1600 0.6104 0.6830 0.1432 0.0441
6.1700 0.6165 0.6837 0.1359 0.0403
6.1800 0.6239 0.6843 0.1286 0.0366
6.1900 0.6322 0.6849 0.1213 0.0329
6.2000 0.6410 0.6854 0.1139 0.0294
6.2100 0.6500 0.6858 0.1066 0.0259
6.2200 0.6585 0.6862 0.0993 0.0226
6.2300 0.6664 0.6865 0.0921 0.0194
6.2400 0.6734 0.6868 0.0849 0.0164
6.2500 0.6792 0.6870 0.0779 0.0137
6.2600 0.6838 0.6872 0.0710 0.0111
6.2700 0.6871 0.6873 0.0643 0.0088
6.2800 0.6893 0.6873 0.0578 0.0067
6.2900 0.6905 0.6873 0.0515 0.0050
6.3000 0.6908 0.6873 0.0454 0.0036
6.3100 0.6906 0.6872 0.0395 0.0025
6.3200 0.6901 0.6870 0.0340 0.0018
6.3300 0.6895 0.6868 0.0288 0.0016
6.3400 0.6889 0.6865 0.0239 0.0018
6.3500 0.6886 0.6862 0.0195 0.0024
6.3600 0.6887 0.6857 0.0154 0.0034
6.3700 0.6890 0.6852 0.0118 0.0047
6.3800 0.6896 0.6846 0.0087 0.0063
6.3900 0.6904 0.6839 0.0061 0.0081
6.4000 0.6913 0.6831 0.0041 0.0101
6.4100 0.6921 0.6822 0.0029 0.0122
6.4200 0.6926 0.6811 0.0023 0.0145
6.4300 0.6927 0.6800 0.0026 0.0169
6.4400 0.6924 0.6787 0.0035 0.0194
6.4500 0.6914 0.6772 0.0052 0.0220
6.4600 0.6898 0.6756 0.0074 0.0246
6.4700 0.6876 0.6738 0.0100 0.0272
6.4800 0.6849 0.6718 0.0130 0.0299
6.4900 0.6816 0.6696 0.0164 0.0325
6.5000 0.6779 0.6672 0.0201 0.0351
6.5100 0.6740 0.6646 0.0240 0.0377
6.5200 0.6701 0.6617 0.0282 0.0403
6.5300 0.6662 0.6586 0.0325 0.0428
6.5400 0.6625 0.6552 0.0370 0.0452
6.5500 0.6592 0.6516 0.0417 0.0476
6.5600 0.6564 0.6477 0.0464 0.0498
6.5700 0.6541 0.6435 0.0512 0.0520
6.5800 0.6525 0.6390 0.0561 0.0541
6.5900 0.6516 0.6342 0.0610 0.0561
6.6000 0.6514 0.6291 0.0659 0.0580
6.6100 0.6518 0.6236 0.0708 0.0598
6.6200 0.6528 0.6179 0.0757 0.0615
6.6300 0.6543 0.6118 0.0806 0.0630
6.6400 0.6563 0.6053 0.0854 0.0645
6.6500 0.6587 0.5985 0.0901 0.0659
6.6600 0.6614 0.5914 0.0948 0.0671
6.6700 0.6642 0.5839 0.0994 0.0683
6.6800 0.6672 0.5760 0.1040 0.0693
6.6900 0.6701 0.5679 0.1084 0.0703
6.7000 0.6730 0.5593 0.1128 0.0711
6.7100 0.6758 0.5505 0.1170 0.0719
6.7200 0.6783 0.5413 0.1211 0.0726
6.7300 0.6807 0.5318 0.1251 0.0733
6.7400 0.6828 0.5219 0.1291 0.0738
6.7500 0.6847 0.5118 0.1329 0.0743
6.7600 0.6863 0.5014 0.1365 0.0748
6.7700 0.6877 0.4907 0.1401 0.0751
6.7800 0.6888 0.4797 0.1436 0.0755
6.7900 0.6897 0.4685 0.1470 0.0758
6.8000 0.6904 0.4570 0.1502 0.0761
6.8100 0.6909 0.4454 0.1534 0.0763
6.8200 0.6912 0.4335 0.1565 0.0765
6.8300 0.6914 0.4215 0.1595 0.0767
6.8400 0.6916 0.4093 0.1624 0.0769
6.8500 0.6916 0.3970 0.1652 0.0770
6.8600 0.6916 0.3846 0.1680 0.0772
6.8700 0.6915 0.3722 0.1707 0.0773
6.8800 0.6914 0.3597 0.1733 0.0774
6.8900 0.6914 0.3471 0.1759 0.0775
6.9000 0.6913 0.3346 0.1785 0.0777
6.9100 0.6911 0.3220 0.1810 0.0777
6.9200 0.6910 0.3096 0.1835 0.0778
6.9300 0.6909 0.2972 0.1860 0.0779
6.9400 0.6908 0.2849 0.1885 0.0779
6.9500 0.6906 0.2727 0.1910 0.0780
6.9600 0.6905 0.2606 0.1934 0.0780
6.9700 0.6903 0.2488 0.1959 0.0780
6.9800 0.6900 0.2371 0.1984 0.0779
6.9900 0.6897 0.2257 0.2009 0.0778
7.0000 0.6893 0.2144 0.2034 0.0777
7.0100 0.6889 0.2035 0.2060 0.0775
7.0200 0.6884 0.1928 0.2085 0.0772
7.0300 0.6878 0.1824 0.2111 0.0769
7.0400 0.6871 0.1723 0.2138 0.0765
7.0500 0.6864 0.1625 0.2164 0.0760
7.0600 0.6855 0.1531 0.2191 0.0755
7.0700 0.6846 0.1440 0.2219 0.0748
7.0800 0.6836 0.1353 0.2246 0.0741
7.0900 0.6826 0.1269 0.2274 0.0733
7.1000 0.6814 0.1190 0.2303 0.0723
7.1100 0.6803 0.1114 0.2331 0.0713
7.1200 0.6792 0.1043 0.2360 0.0701
7.1300 0.6780 0.0975 0.2389 0.0689
7.1400 0.6769 0.0912 0.2418 0.0675
7.1500 0.6758 0.0853 0.2448 0.0660
7.1600 0.6747 0.0799 0.2477 0.0644
7.1700 0.6738 0.0748 0.2506 0.0627
7.1800 0.6729 0.0703 0.2535 0.0608
7.1900 0.6722 0.0661 0.2564 0.0588
7.2000 0.6716 0.0624 0.2593 0.0568
7.2100 0.6712 0.0591 0.2621 0.0546
7.2200 0.6709 0.0563 0.2648 0.0523
7.2300 0.6708 0.0539 0.2675 0.0500
7.2400 0.6710 0.0519 0.2701 0.0475
7.2500 0.6713 0.0504 0.2727 0.0450
7.2600 0.6718 0.0492 0.2752 0.0423
7.2700 0.6725 0.0484 0.2775 0.0397
7.2800 0.6734 0.0480 0.2798 0.0370
7.2900 0.6745 0.0480 0.2819 0.0342
7.3000 0.6757 0.0483 0.2839 0.0315
7.3100 0.6771 0.0489 0.2858 0.0287
7.3200 0.6785 0.0498 0.2875 0.0259
7.3300 0.6800 0.0510 0.2890 0.0232
7.3400 0.6815 0.0525 0.2904 0.0206
7.3500 0.6831 0.0542 0.2917 0.0180
7.3600 0.6846 0.0562 0.2927 0.0155
7.3700 0.6860 0.0584 0.2936 0.0131
7.3800 0.6874 0.0608 0.2942 0.0108
7.3900 0.6886 0.0634 0.2947 0.0087
7.4000 0.6897 0.0662 0.2949 0.0069
7.4100 0.6906 0.0691 0.2950 0.0052
7.4200 0.6914 0.0723 0.2948 0.0038
7.4300 0.6920 0.0756 0.2944 0.0028
7.4400 0.6924 0.0791 0.2937 0.0020
7.4500 0.6927 0.0827 0.2928 0.0018
7.4600 0.6928 0.0865 0.2917 0.0019
7.4700 0.6929 0.0905 0.2903 0.0025
7.4800 0.6928 0.0947 0.2887 0.0035
7.4900 0.6928 0.0990 0.2868 0.0049
7.5000 0.6927 0.1036 0.2847 0.0066
7.5100 0.6926 0.1083 0.2823 0.0087
7.5200 0.6925 0.1132 0.2796 0.0110
7.5300 0.6925 0.1184 0.2767 0.0135
7.5400 0.6926 0.1237 0.2735 0.0163
7.5500 0.6926 0.1293 0.2701 0.0192
7.5600 0.6927 0.1351 0.2664 0.0224
7.5700 0.6928 0.1411 0.2624 0.0257
7.5800 0.6928 0.1474 0.2582 0.0291
7.5900 0.6927 0.1539 0.2537 0.0326
7.6000 0.6926 0.1607 0.2490 0.0363
7.6100 0.6922 0.1677 0.2441 0.0400
7.6200 0.6917 0.1749 0.2389 0.0437
7.6300 0.6910 0.1825 0.2335 0.0475
7.6400 0.6901 0.1902 0.2279 0.0513
7.6500 0.6889 0.1983 0.2221 0.0550
7.6600 0.6876 0.2065 0.2160 0.0588
7.6700 0.6861 0.2151 0.2098 0.0625
7.6800 0.6845 0.2238 0.2034 0.0661
7.6900 0.6828 0.2328 0.1968 0.0697
7.7000 0.6810 0.2421 0.1901 0.0732
7.7100 0.6793 0.2515 0.1832 0.0765
7.7200 0.6777 0.2611 0.1762 0.0798
7.7300 0.6762 0.2710 0.1691 0.0829
7.7400 0.6749 0.2810 0.1619 0.0858
7.7500 0.6737 0.2912 0.1546 0.0886
7.7600 0.6728 0.3015 0.1472 0.0913
7.7700 0.6721 0.3120 0.1398 0.0937
7.7800 0.6715 0.3226 0.1324 0.0960
7.7900 0.6711 0.3333 0.1249 0.0980
7.8000 0.6709 0.3441 0.1175 0.0999
7.8100 0.6709 0.3550 0.1101 0.1016
7.8200 0.6709 0.3659 0.1027 0.1030
7.8300 0.6710 0.3769 0.0954 0.1043
7.8400 0.6712 0.3879 0.0882 0.1053
7.8500 0.6713 0.3988 0.0811 0.1061
7.8600 0.6715 0.4098 0.0742 0.1067
7.8700 0.6716 0.4207 0.0675 0.1071
7.8800 0.6717 0.4316 0.0609 0.1073
7.8900 0.6717 0.4424 0.0545 0.1073
7.9000 0.6717 0.4531 0.0484 0.1070
7.9100 0.6716 0.4637 0.0426 0.1066
7.9200 0.6714 0.4741 0.0370 0.1059
7.9300 0.6711 0.4845 0.0318 0.1051
7.9400 0.6708 0.4946 0.0269 0.1041
7.9500 0.6704 0.5046 0.0224 0.1029
7.9600 0.6700 0.5144 0.0183 0.1015
7.9700 0.6695 0.5241 0.0146 0.1000
7.9800 0.6690 0.5334 0.0114 0.0983
7.9900 0.6685 0.5426 0.0087 0.0965
8.0000 0.6680 0.5515 0.0065 0.0946
8.0100 0.6675 0.5602 0.0050 0.0925
8.0200 0.6670 0.5686 0.0040 0.0903
8.0300 0.6665 0.5767 0.0038 0.0880
8.0400 0.6661 0.5845 0.0043 0.0857
8.0500 0.6657 0.5921 0.0054 0.0832
8.0600 0.6654 0.5993 0.0070 0.0807
8.0700 0.6651 0.6063 0.0091 0.0781
8.0800 0.6649 0.6129 0.0116 0.0755
8.0900 0.6647 0.6192 0.0145 0.0729
8.1000 0.6645 0.6252 0.0177 0.0703
8.1100 0.6644 0.6309 0.0211 0.0676
8.1200 0.6644 0.6363 0.0248 0.0649
8.1300 0.6643 0.6414 0.0287 0.0623
8.1400 0.6643 0.6461 0.0327 0.0597
8.1500 0.6643 0.6506 0.0368 0.0571
8.1600 0.6643 0.6547 0.0410 0.0546
8.1700 0.6644 0.6586 0.0454 0.0521
8.1800 0.6644 0.6621 0.0497 0.0497
8.1900 0.6645 0.6654 0.0542 0.0473
8.2000 0.6645 0.6685 0.0586 0.0450
8.2100 0.6645 0.6712 0.0630 0.0428
8.2200 0.6646 0.6737 0.0675 0.0406
8.2300 0.6646 0.6760 0.0719 0.0386
8.2400 0.6646 0.6781 0.0762 0.0366
8.2500 0.6646 0.6799 0.0805 0.0347
8.2600 0.6646 0.6816 0.0848 0.0329
8.2700 0.6646 0.6831 0.0890 0.0311
8.2800 0.6647 0.6844 0.0931 0.0295
8.2900 0.6647 0.6855 0.0972 0.0279
8.3000 0.6647 0.6865 0.1012 0.0265
8.3100 0.6648 0.6874 0.1051 0.0251
8.3200 0.6648 0.6882 0.1089 0.0237
8.3300 0.6649 0.6888 0.1126 0.0225
8.3400 0.6651 0.6894 0.1162 0.0213
8.3500 0.6652 0.6898 0.1198 0.0202
8.3600 0.6654 0.6902 0.1233 0.0191
8.3700 0.6657 0.6906 0.1267 0.0181
8.3800 0.6660 0.6908 0.1300 0.0171
8.3900 0.6664 0.6911 0.1332 0.0162
8.4000 0.6668 0.6912 0.1364 0.0154
8.4100 0.6674 0.6914 0.1395 0.0146
8.4200 0.6679 0.6915 0.1426 0.0138
8.4300 0.6686 0.6915 0.1456 0.0131
8.4400 0.6693 0.6916 0.1486 0.0124
8.4500 0.6701 0.6916 0.1515 0.0118
8.4600 0.6710 0.6915 0.1544 0.0112
8.4700 0.6720 0.6915 0.1572 0.0107
8.4800 0.6730 0.6914 0.1601 0.0103
8.4900 0.6740 0.6912 0.1629 0.0099
8.5000 0.6751 0.6911 0.1657 0.0096
8.5100 0.6763 0.6909 0.1686 0.0093
8.5200 0.6775 0.6906 0.1714 0.0092
8.5300 0.6787 0.6903 0.1742 0.0091
8.5400 0.6799 0.6900 0.1771 0.0092
8.5500 0.6811 0.6896 0.1800 0.0094
8.5600 0.6823 0.6891 0.1829 0.0097
8.5700 0.6834 0.6885 0.1858 0.0101
8.5800 0.6845 0.6879 0.1888 0.0107
8.5900 0.6856 0.6872 0.1918 0.0114
8.6000 0.6866 0.6865 0.1949 0.0123
8.6100 0.6875 0.6856 0.1980 0.0133
8.6200 0.6883 0.6846 0.2012 0.0145
8.6300 0.6891 0.6835 0.2044 0.0159
8.6400 0.6897 0.6824 0.2076 0.0174
8.6500 0.6902 0.6811 0.2109 0.0190
8.6600 0.6907 0.6797 0.2143 0.0209
8.6700 0.6910 0.6781 0.2177 0.0228
8.6800 0.6912 0.6765 0.2211 0.0250
8.6900 0.6914 0.6747 0.2246 0.0272
8.7000 0.6914 0.6728 0.2281 0.0296
8.7100 0.6914 0.6708 0.2316 0.0321
8.7200 0.6913 0.6687 0.2351 0.0348
8.7300 0.6911 0.6664 0.2386 0.0376
8.7400 0.6910 0.6640 0.2421 0.0404
8.7500 0.6907 0.6615 0.2457 0.0434
8.7600 0.6905 0.6588 0.2492 0.0464
8.7700 0.6902 0.6560 0.2526 0.0495
8.7800 0.6900 0.6532 0.2561 0.0527
8.7900 0.6898 0.6502 0.2595 0.0559
8.8000 0.6895 0.6471 0.2628 0.0592
8.8100 0.6893 0.6439 0.2661 0.0625
8.8200 0.6891 0.6406 0.2693 0.0657
8.8300 0.6890 0.6373 0.2724 0.0690
8.8400 0.6888 0.6338 0.2754 0.0723
8.8500 0.6887 0.6303 0.2783 0.0755
8.8600 0.6885 0.6267 0.2811 0.0787
8.8700 0.6884 0.6231 0.2838 0.0818
8.8800 0.6882 0.6194 0.2863 0.0848
8.8900 0.6881 0.6157 0.2887 0.0878
8.9000 0.6879 0.6119 0.2910 0.0906
8.9100 0.6878 0.6081 0.2930 0.0933
8.9200 0.6876 0.6043 0.2950 0.0959
8.9300 0.6874 0.6004 0.2967 0.0984
8.9400 0.6871 0.5966 0.2982 0.1007
8.9500 0.6869 0.5927 0.2996 0.1028
8.9600 0.6867 0.5888 0.3007 0.1048
8.9700 0.6865 0.5850 0.3017 0.1065
8.9800 0.6863 0.5811 0.3024 0.1081
8.9900 0.6861 0.5772 0.3029 0.1095
9.0000 0.6860 0.5734 0.3031 0.1107
9.0100 0.6860 0.5695 0.3032 0.1117
9.0200 0.6860 0.5656 0.3029 0.1125
9.0300 0.6861 0.5617 0.3025 0.1130
9.0400 0.6863 0.5579 0.3018 0.1133
9.0500 0.6866 0.5540 0.3008 0.1134
9.0600 0.6869 0.5501 0.2995 0.1133
9.0700 0.6873 0.5462 0.2980 0.1129
9.0800 0.6878 0.5423 0.2963 0.1123
9.0900 0.6882 0.5383 0.2943 0.1115
9.1000 0.6887 0.5344 0.2920 0.1104
9.1100 0.6891 0.5304 0.2894 0.1091
9.1200 0.6895 0.5263 0.2866 0.1076
9.1300 0.6898 0.5222 0.2835 0.1059
9.1400 0.6901 0.5181 0.2801 0.1039
9.1500 0.6902 0.5139 0.2765 0.1018
9.1600 0.6903 0.5096 0.2726 0.0994
9.1700 0.6903 0.5052 0.2685 0.0969
9.1800 0.6902 0.5008 0.2641 0.0942
9.1900 0.6900 0.4963 0.2594 0.0913
9.2000 0.6897 0.4917 0.2545 0.0883
9.2100 0.6892 0.4869 0.2494 0.0852
9.2200 0.6884 0.4821 0.2441 0.0818
9.2300 0.6873 0.4771 0.2385 0.0784
9.2400 0.6859 0.4721 0.2327 0.0749
9.2500 0.6839 0.4668 0.2267 0.0713
9.2600 0.6813 0.4615 0.2205 0.0676
9.2700 0.6781 0.4560 0.2141 0.0639
9.2800 0.6741 0.4503 0.2076 0.0601
9.2900 0.6694 0.4445 0.2009 0.0563
9.3000 0.6641 0.4385 0.1940 0.0525
9.3100 0.6582 0.4324 0.1870 0.0487
9.3200 0.6519 0.4260 0.1799 0.0449
9.3300 0.6454 0.4195 0.1726 0.0412
9.3400 0.6390 0.4128 0.1653 0.0375
9.3500 0.6331 0.4058 0.1579 0.0340
9.3600 0.6279 0.3987 0.1505 0.0305
9.3700 0.6238 0.3914 0.1430 0.0272
9.3800 0.6211 0.3839 0.1355 0.0240
9.3900 0.6200 0.3761 0.1280 0.0209
9.4000 0.6206 0.3681 0.1205 0.0181
9.4100 0.6229 0.3599 0.1131 0.0154
9.4200 0.6269 0.3515 0.1057 0.0130
9.4300 0.6324 0.3429 0.0984 0.0108
9.4400 0.6391 0.3340 0.0912 0.0088
9.4500 0.6467 0.3250 0.0842 0.0071
9.4600 0.6546 0.3157 0.0773 0.0057
9.4700 0.6625 0.3062 0.0706 0.0047
9.4800 0.6700 0.2965 0.0641 0.0039
9.4900 0.6767 0.2865 0.0578 0.0035
9.5000 0.6823 0.2764 0.0517 0.0034
9.5100 0.6866 0.2661 0.0459 0.0037
9.5200 0.6893 0.2556 0.0404 0.0043
9.5300 0.6905 0.2450 0.0352 0.0052
9.5400 0.6901 0.2342 0.0304 0.0063
9.5500 0.6884 0.2232 0.0259 0.0076
9.5600 0.6854 0.2122 0.0217 0.0091
9.5700 0.6815 0.2010 0.0180 0.0108
9.5800 0.6769 0.1898 0.0147 0.0126
9.5900 0.6719 0.1785 0.0119 0.0145
9.6000 0.6668 0.1672 0.0096 0.0164
9.6100 0.6620 0.1559 0.0078 0.0185
9.6200 0.6577 0.1446 0.0066 0.0205
9.6300 0.6541 0.1334 0.0059 0.0226
9.6400 0.6514 0.1222 0.0059 0.0248
9.6500 0.6497 0.1113 0.0064 0.0269
9.6600 0.6491 0.1005 0.0075 0.0290
9.6700 0.6495 0.0899 0.0091 0.0311
9.6800 0.6509 0.0796 0.0110 0.0331
9.6900 0.6532 0.0696 0.0133 0.0351
9.7000 0.6561 0.0600 0.0160 0.0371
9.7100 0.6597 0.0508 0.0189 0.0390
9.7200 0.6636 0.0421 0.0220 0.0409
9.7300 0.6677 0.0340 0.0253 0.0427
9.7400 0.6718 0.0266 0.0287 0.0444
9.7500 0.6759 0.0199 0.0323 0.0461
9.7600 0.6796 0.0140 0.0360 0.0477
9.7700 0.6831 0.0091 0.0398 0.0493
9.7800 0.6860 0.0054 0.0437 0.0507
9.7900 0.6885 0.0030 0.0475 0.0522
9.8000 0.6904 0.0023 0.0515 0.0535
9.8100 0.6918 0.0034 0.0554 0.0548
9.8200 0.6927 0.0062 0.0593 0.0561
9.8300 0.6930 0.0104 0.0632 0.0573
9.8400 0.6930 0.0156 0.0671 0.0584
9.8500 0.6926 0.0219 0.0709 0.0595
9.8600 0.6918 0.0291 0.0748 0.0606
9.8700 0.6908 0.0370 0.0785 0.0617
9.8800 0.6897 0.0457 0.0823 0.0627
9.8900 0.6885 0.0550 0.0859 0.0637
9.9000 0.6873 0.0649 0.0895 0.0646
9.9100 0.6861 0.0753 0.0931 0.0656
9.9200 0.6850 0.0861 0.0966 0.0665
9.9300 0.6840 0.0974 0.1001 0.0675
9.9400 0.6832 0.1090 0.1034 0.0684
9.9500 0.6826 0.1209 0.1068 0.0694
9.9600 0.6822 0.1330 0.1101 0.0703
9.9700 0.6820 0.1454 0.1133 0.0712
9.9800 0.6820 0.1580 0.1165 0.0721
9.9900 0.6822 0.1708 0.1197 0.0731
10.0000 0.6826 0.1836 0.1228 0.0740
