 t	 x	 y	 z	 w
0.0000 1.0000 1.0000 1.0000 1.0000
0.0100 0.9970 0.9997 0.9998 0.9998
0.0200 0.9880 0.9989 0.9991 0.9991
0.0300 0.9731 0.9975 0.9980 0.9981
0.0400 0.9526 0.9956 0.9964 0.9966
0.0500 0.9270 0.9931 0.9944 0.9947
0.0600 0.8965 0.9901 0.9919 0.9924
0.0700 0.8616 0.9865 0.9890 0.9896
0.0800 0.8231 0.9825 0.9857 0.9865
0.0900 0.7814 0.9779 0.9819 0.9829
0.1000 0.7372 0.9728 0.9777 0.9790
0.1100 0.6911 0.9672 0.9731 0.9747
0.1200 0.6437 0.9611 0.9681 0.9699
0.1300 0.5958 0.9545 0.9627 0.9648
0.1400 0.5479 0.9474 0.9569 0.9593
0.1500 0.5005 0.9399 0.9507 0.9534
0.1600 0.4542 0.9320 0.9441 0.9472
0.1700 0.4094 0.9236 0.9371 0.9406
0.1800 0.3665 0.9148 0.9298 0.9336
0.1900 0.3259 0.9056 0.9221 0.9263
0.2000 0.2877 0.8959 0.9140 0.9187
0.2100 0.2521 0.8860 0.9057 0.9107
0.2200 0.2194 0.8756 0.8969 0.9024
0.2300 0.1894 0.8649 0.8879 0.8937
0.2400 0.1623 0.8538 0.8785 0.8848
0.2500 0.1380 0.8424 0.8688 0.8755
0.2600 0.1163 0.8307 0.8588 0.8659
0.2700 0.0972 0.8187 0.8485 0.8560
0.2800 0.0805 0.8064 0.8379 0.8458
0.2900 0.0661 0.7938 0.8270 0.8354
0.3000 0.0536 0.7809 0.8159 0.8246
0.3100 0.0431 0.7677 0.8044 0.8136
0.3200 0.0341 0.7543 0.7927 0.8023
0.3300 0.0266 0.7407 0.7808 0.7908
0.3400 0.0204 0.7268 0.7685 0.7791
0.3500 0.0153 0.7127 0.7561 0.7671
0.3600 0.0110 0.6984 0.7434 0.7549
0.3700 0.0076 0.6839 0.7305 0.7425
0.3800 0.0048 0.6691 0.7173 0.7299
0.3900 0.0025 0.6542 0.7040 0.7171
0.4000 0.0007 0.6390 0.6905 0.7041
0.4100 -0.0009 0.6237 0.6768 0.6910
0.4200 -0.0021 0.6082 0.6629 0.6778
0.4300 -0.0032 0.5926 0.6488 0.6644
0.4400 -0.0041 0.5767 0.6346 0.6509
0.4500 -0.0049 0.5607 0.6203 0.6373
0.4600 -0.0057 0.5445 0.6059 0.6236
0.4700 -0.0064 0.5282 0.5913 0.6098
0.4800 -0.0070 0.5118 0.5767 0.5960
0.4900 -0.0076 0.4952 0.5620 0.5821
0.5000 -0.0083 0.4785 0.5472 0.5682
0.5100 -0.0089 0.4616 0.5324 0.5542
0.5200 -0.0095 0.4447 0.5176 0.5402
0.5300 -0.0102 0.4276 0.5028 0.5262
0.5400 -0.0108 0.4105 0.4879 0.5122
0.5500 -0.0115 0.3933 0.4731 0.4982
0.5600 -0.0121 0.3760 0.4583 0.4842
0.5700 -0.0128 0.3586 0.4436 0.4702
0.5800 -0.0135 0.3412 0.4290 0.4563
0.5900 -0.0142 0.3237 0.4144 0.4424
0.6000 -0.0149 0.3063 0.3999 0.4286
0.6100 -0.0157 0.2888 0.3856 0.4149
0.6200 -0.0164 0.2713 0.3713 0.4013
0.6300 -0.0171 0.2539 0.3572 0.3877
0.6400 -0.0179 0.2365 0.3433 0.3743
0.6500 -0.0186 0.2192 0.3295 0.3610
0.6600 -0.0194 0.2020 0.3158 0.3478
0.6700 -0.0201 0.1848 0.3024 0.3347
0.6800 -0.0209 0.1678 0.2891 0.3218
0.6900 -0.0217 0.1510 0.2761 0.3091
0.7000 -0.0224 0.1343 0.2633 0.2966
0.7100 -0.0232 0.1178 0.2506 0.2843
0.7200 -0.0240 0.1015 0.2382 0.2722
0.7300 -0.0248 0.0854 0.2261 0.2603
0.7400 -0.0255 0.0696 0.2142 0.2486
0.7500 -0.0263 0.0541 0.2025 0.2372
0.7600 -0.0271 0.0388 0.1911 0.2261
0.7700 -0.0278 0.0239 0.1799 0.2152
0.7800 -0.0286 0.0094 0.1690 0.2046
0.7900 -0.0293 -0.0048 0.1584 0.1943
0.8000 -0.0301 -0.0186 0.1481 0.1843
0.8100 -0.0308 -0.0321 0.1380 0.1746
0.8200 -0.0316 -0.0450 0.1282 0.1652
0.8300 -0.0323 -0.0576 0.1188 0.1562
0.8400 -0.0331 -0.0697 0.1096 0.1474
0.8500 -0.0338 -0.0813 0.1008 0.1390
0.8600 -0.0345 -0.0924 0.0923 0.1310
0.8700 -0.0352 -0.1030 0.0841 0.1233
0.8800 -0.0359 -0.1131 0.0763 0.1159
0.8900 -0.0366 -0.1227 0.0688 0.1089
0.9000 -0.0373 -0.1317 0.0617 0.1023
0.9100 -0.0380 -0.1402 0.0550 0.0960
0.9200 -0.0387 -0.1481 0.0486 0.0901
0.9300 -0.0394 -0.1554 0.0426 0.0845
0.9400 -0.0400 -0.1622 0.0370 0.0794
0.9500 -0.0407 -0.1684 0.0318 0.0746
0.9600 -0.0414 -0.1741 0.0270 0.0702
0.9700 -0.0420 -0.1791 0.0227 0.0662
0.9800 -0.0427 -0.1836 0.0187 0.0625
0.9900 -0.0433 -0.1876 0.0152 0.0593
1.0000 -0.0440 -0.1909 0.0121 0.0564
1.0100 -0.0446 -0.1937 0.0095 0.0540
1.0200 -0.0452 -0.1959 0.0074 0.0520
1.0300 -0.0459 -0.1976 0.0056 0.0503
1.0400 -0.0465 -0.1988 0.0044 0.0491
1.0500 -0.0472 -0.1994 0.0036 0.0483
1.0600 -0.0478 -0.1995 0.0032 0.0479
1.0700 -0.0484 -0.1991 0.0034 0.0480
1.0800 -0.0491 -0.1982 0.0040 0.0484
1.0900 -0.0498 -0.1968 0.0050 0.0493
1.1000 -0.0505 -0.1949 0.0065 0.0507
1.1100 -0.0512 -0.1926 0.0085 0.0524
1.1200 -0.0520 -0.1899 0.0109 0.0545
1.1300 -0.0528 -0.1867 0.0137 0.0571
1.1400 -0.0537 -0.1830 0.0170 0.0601
1.1500 -0.0546 -0.1790 0.0207 0.0635
1.1600 -0.0557 -0.1746 0.0249 0.0674
1.1700 -0.0569 -0.1698 0.0295 0.0716
1.1800 -0.0583 -0.1646 0.0345 0.0762
1.1900 -0.0600 -0.1591 0.0399 0.0813
1.2000 -0.0619 -0.1532 0.0456 0.0867
1.2100 -0.0641 -0.1469 0.0518 0.0925
1.2200 -0.0667 -0.1404 0.0584 0.0987
1.2300 -0.0697 -0.1335 0.0653 0.1052
1.2400 -0.0733 -0.1263 0.0726 0.1121
1.2500 -0.0774 -0.1188 0.0802 0.1194
1.2600 -0.0822 -0.1110 0.0882 0.1270
1.2700 -0.0878 -0.1029 0.0965 0.1349
1.2800 -0.0942 -0.0946 0.1052 0.1431
1.2900 -0.1014 -0.0859 0.1141 0.1517
1.3000 -0.1097 -0.0770 0.1234 0.1606
1.3100 -0.1189 -0.0677 0.1330 0.1698
1.3200 -0.1292 -0.0582 0.1429 0.1793
1.3300 -0.1405 -0.0485 0.1531 0.1891
1.3400 -0.1530 -0.0384 0.1636 0.1992
1.3500 -0.1665 -0.0281 0.1743 0.2095
1.3600 -0.1810 -0.0175 0.1853 0.2201
1.3700 -0.1965 -0.0066 0.1966 0.2310
1.3800 -0.2129 0.0045 0.2081 0.2422
1.3900 -0.2300 0.0159 0.2199 0.2536
1.4000 -0.2477 0.0276 0.2320 0.2652
1.4100 -0.2658 0.0395 0.2442 0.2771
1.4200 -0.2842 0.0517 0.2567 0.2892
1.4300 -0.3027 0.0642 0.2695 0.3015
1.4400 -0.3209 0.0770 0.2824 0.3140
1.4500 -0.3387 0.0901 0.2956 0.3267
1.4600 -0.3558 0.1034 0.3089 0.3396
1.4700 -0.3720 0.1170 0.3225 0.3526
1.4800 -0.3870 0.1308 0.3362 0.3658
1.4900 -0.4006 0.1449 0.3501 0.3792
1.5000 -0.4126 0.1593 0.3641 0.3927
1.5100 -0.4228 0.1739 0.3783 0.4063
1.5200 -0.4310 0.1888 0.3926 0.4201
1.5300 -0.4372 0.2040 0.4070 0.4339
1.5400 -0.4412 0.2194 0.4216 0.4478
1.5500 -0.4430 0.2350 0.4362 0.4617
1.5600 -0.4425 0.2508 0.4509 0.4757
1.5700 -0.4399 0.2668 0.4656 0.4898
1.5800 -0.4351 0.2831 0.4804 0.5039
1.5900 -0.4283 0.2995 0.4953 0.5180
1.6000 -0.4196 0.3161 0.5101 0.5321
1.6100 -0.4092 0.3329 0.5249 0.5461
1.6200 -0.3972 0.3498 0.5398 0.5602
1.6300 -0.3839 0.3668 0.5545 0.5742
1.6400 -0.3695 0.3840 0.5693 0.5881
1.6500 -0.3541 0.4012 0.5839 0.6020
1.6600 -0.3381 0.4185 0.5985 0.6158
1.6700 -0.3216 0.4359 0.6130 0.6296
1.6800 -0.3049 0.4533 0.6274 0.6432
1.6900 -0.2881 0.4707 0.6416 0.6567
1.7000 -0.2714 0.4881 0.6557 0.6702
1.7100 -0.2550 0.5055 0.6696 0.6834
1.7200 -0.2390 0.5228 0.6834 0.6966
1.7300 -0.2236 0.5400 0.6970 0.7096
1.7400 -0.2087 0.5572 0.7105 0.7224
1.7500 -0.1945 0.5742 0.7237 0.7351
1.7600 -0.1810 0.5912 0.7367 0.7476
1.7700 -0.1682 0.6079 0.7495 0.7599
1.7800 -0.1561 0.6245 0.7621 0.7720
1.7900 -0.1447 0.6408 0.7744 0.7839
1.8000 -0.1341 0.6570 0.7865 0.7956
1.8100 -0.1240 0.6729 0.7983 0.8071
1.8200 -0.1146 0.6886 0.8099 0.8183
1.8300 -0.1057 0.7040 0.8212 0.8292
1.8400 -0.0974 0.7191 0.8322 0.8399
1.8500 -0.0894 0.7339 0.8430 0.8503
1.8600 -0.0819 0.7484 0.8534 0.8604
1.8700 -0.0748 0.7625 0.8636 0.8702
1.8800 -0.0680 0.7763 0.8734 0.8797
1.8900 -0.0615 0.7898 0.8830 0.8889
1.9000 -0.0552 0.8028 0.8922 0.8977
1.9100 -0.0492 0.8155 0.9011 0.9062
1.9200 -0.0434 0.8278 0.9097 0.9144
1.9300 -0.0379 0.8397 0.9179 0.9222
1.9400 -0.0325 0.8512 0.9258 0.9297
1.9500 -0.0273 0.8623 0.9333 0.9368
1.9600 -0.0223 0.8730 0.9405 0.9436
1.9700 -0.0175 0.8833 0.9473 0.9500
1.9800 -0.0129 0.8931 0.9537 0.9560
1.9900 -0.0085 0.9025 0.9597 0.9616
2.0000 -0.0043 0.9114 0.9653 0.9669
2.0100 -0.0003 0.9200 0.9706 0.9717
2.0200 0.0035 0.9281 0.9754 0.9762
2.0300 0.0072 0.9357 0.9798 0.9803
2.0400 0.0106 0.9429 0.9838 0.9840
2.0500 0.0138 0.9497 0.9873 0.9873
2.0600 0.0169 0.9561 0.9905 0.9902
2.0700 0.0198 0.9620 0.9931 0.9927
2.0800 0.0225 0.9674 0.9954 0.9948
2.0900 0.0250 0.9724 0.9972 0.9965
2.1000 0.0275 0.9770 0.9985 0.9978
2.1100 0.0297 0.9812 0.9995 0.9987
2.1200 0.0319 0.9849 0.9999 0.9992
2.1300 0.0340 0.9882 0.9999 0.9993
2.1400 0.0361 0.9910 0.9995 0.9990
2.1500 0.0380 0.9934 0.9986 0.9983
2.1600 0.0400 0.9954 0.9972 0.9971
2.1700 0.0419 0.9969 0.9954 0.9955
2.1800 0.0439 0.9980 0.9932 0.9936
2.1900 0.0458 0.9986 0.9905 0.9912
2.2000 0.0479 0.9988 0.9874 0.9884
2.2100 0.0500 0.9985 0.9838 0.9852
2.2200 0.0522 0.9978 0.9799 0.9815
2.2300 0.0545 0.9967 0.9755 0.9775
2.2400 0.0569 0.9951 0.9707 0.9731
2.2500 0.0595 0.9930 0.9655 0.9682
2.2600 0.0623 0.9905 0.9599 0.9630
2.2700 0.0652 0.9875 0.9539 0.9574
2.2800 0.0683 0.9840 0.9475 0.9514
2.2900 0.0716 0.9801 0.9407 0.9450
2.3000 0.0750 0.9758 0.9336 0.9382
2.3100 0.0787 0.9709 0.9261 0.9311
2.3200 0.0826 0.9656 0.9183 0.9236
2.3300 0.0867 0.9598 0.9101 0.9158
2.3400 0.0910 0.9535 0.9015 0.9076
2.3500 0.0955 0.9468 0.8927 0.8991
2.3600 0.1002 0.9396 0.8835 0.8902
2.3700 0.1050 0.9319 0.8740 0.8811
2.3800 0.1100 0.9237 0.8641 0.8716
2.3900 0.1151 0.9151 0.8540 0.8619
2.4000 0.1203 0.9060 0.8435 0.8518
2.4100 0.1256 0.8964 0.8328 0.8415
2.4200 0.1310 0.8864 0.8218 0.8309
2.4300 0.1364 0.8759 0.8105 0.8201
2.4400 0.1418 0.8650 0.7989 0.8089
2.4500 0.1471 0.8536 0.7871 0.7976
2.4600 0.1523 0.8419 0.7750 0.7860
2.4700 0.1574 0.8297 0.7626 0.7742
2.4800 0.1623 0.8171 0.7500 0.7621
2.4900 0.1670 0.8041 0.7372 0.7499
2.5000 0.1715 0.7907 0.7242 0.7374
2.5100 0.1756 0.7769 0.7110 0.7247
2.5200 0.1794 0.7628 0.6975 0.7119
2.5300 0.1828 0.7484 0.6839 0.6989
2.5400 0.1857 0.7336 0.6701 0.6857
2.5500 0.1882 0.7185 0.6561 0.6724
2.5600 0.1901 0.7031 0.6420 0.6590
2.5700 0.1915 0.6875 0.6277 0.6454
2.5800 0.1923 0.6716 0.6133 0.6317
2.5900 0.1924 0.6555 0.5988 0.6180
2.6000 0.1920 0.6392 0.5842 0.6041
2.6100 0.1909 0.6227 0.5695 0.5902
2.6200 0.1891 0.6061 0.5548 0.5762
2.6300 0.1867 0.5892 0.5400 0.5622
2.6400 0.1836 0.5723 0.5252 0.5481
2.6500 0.1800 0.5553 0.5104 0.5340
2.6600 0.1758 0.5381 0.4955 0.5199
2.6700 0.1711 0.5209 0.4807 0.5059
2.6800 0.1659 0.5037 0.4659 0.4918
2.6900 0.1605 0.4864 0.4512 0.4778
2.7000 0.1548 0.4692 0.4365 0.4639
2.7100 0.1490 0.4519 0.4219 0.4500
2.7200 0.1434 0.4347 0.4074 0.4362
2.7300 0.1379 0.4175 0.3930 0.4224
2.7400 0.1329 0.4004 0.3787 0.4088
2.7500 0.1286 0.3834 0.3645 0.3953
2.7600 0.1252 0.3665 0.3505 0.3818
2.7700 0.1229 0.3496 0.3366 0.3685
2.7800 0.1221 0.3329 0.3229 0.3554
2.7900 0.1229 0.3163 0.3094 0.3424
2.8000 0.1256 0.2999 0.2961 0.3295
2.8100 0.1306 0.2836 0.2829 0.3168
2.8200 0.1380 0.2675 0.2700 0.3043
2.8300 0.1481 0.2515 0.2573 0.2920
2.8400 0.1612 0.2357 0.2447 0.2798
2.8500 0.1773 0.2201 0.2325 0.2679
2.8600 0.1967 0.2047 0.2204 0.2562
2.8700 0.2194 0.1895 0.2086 0.2447
2.8800 0.2454 0.1745 0.1970 0.2334
2.8900 0.2747 0.1596 0.1857 0.2223
2.9000 0.3072 0.1450 0.1747 0.2116
2.9100 0.3428 0.1306 0.1639 0.2010
2.9200 0.3811 0.1164 0.1534 0.1908
2.9300 0.4219 0.1024 0.1432 0.1809
2.9400 0.4647 0.0886 0.1333 0.1712
2.9500 0.5091 0.0751 0.1237 0.1619
2.9600 0.5546 0.0617 0.1144 0.1528
2.9700 0.6005 0.0486 0.1053 0.1441
2.9800 0.6462 0.0357 0.0967 0.1358
2.9900 0.6912 0.0230 0.0883 0.1277
3.0000 0.7347 0.0105 0.0803 0.1201
3.0100 0.7761 -0.0017 0.0726 0.1128
3.0200 0.8146 -0.0137 0.0653 0.1059
3.0300 0.8498 -0.0255 0.0583 0.0993
3.0400 0.8810 -0.0370 0.0518 0.0931
3.0500 0.9076 -0.0482 0.0456 0.0874
3.0600 0.9293 -0.0593 0.0398 0.0820
3.0700 0.9456 -0.0700 0.0344 0.0770
3.0800 0.9564 -0.0805 0.0294 0.0724
3.0900 0.9614 -0.0907 0.0248 0.0682
3.1000 0.9606 -0.1007 0.0207 0.0644
3.1100 0.9540 -0.1103 0.0170 0.0610
3.1200 0.9417 -0.1196 0.0137 0.0580
3.1300 0.9240 -0.1287 0.0108 0.0554
3.1400 0.9012 -0.1374 0.0085 0.0533
3.1500 0.8737 -0.1457 0.0065 0.0515
3.1600 0.8419 -0.1537 0.0051 0.0501
3.1700 0.8063 -0.1614 0.0040 0.0492
3.1800 0.7676 -0.1686 0.0035 0.0486
3.1900 0.7264 -0.1755 0.0034 0.0484
3.2000 0.6831 -0.1820 0.0038 0.0487
3.2100 0.6384 -0.1880 0.0046 0.0493
3.2200 0.5929 -0.1936 0.0059 0.0504
3.2300 0.5471 -0.1987 0.0076 0.0519
3.2400 0.5015 -0.2034 0.0098 0.0537
3.2500 0.4566 -0.2076 0.0124 0.0560
3.2600 0.4127 -0.2112 0.0155 0.0587
3.2700 0.3703 -0.2144 0.0190 0.0618
3.2800 0.3296 -0.2171 0.0230 0.0653
3.2900 0.2908 -0.2191 0.0273 0.0691
3.3000 0.2541 -0.2207 0.0321 0.0734
3.3100 0.2196 -0.2217 0.0373 0.0781
3.3200 0.1874 -0.2221 0.0429 0.0832
3.3300 0.1574 -0.2219 0.0488 0.0887
3.3400 0.1296 -0.2211 0.0552 0.0946
3.3500 0.1039 -0.2198 0.0619 0.1009
3.3600 0.0803 -0.2178 0.0690 0.1075
3.3700 0.0587 -0.2153 0.0765 0.1145
3.3800 0.0388 -0.2121 0.0842 0.1219
3.3900 0.0206 -0.2083 0.0924 0.1297
3.4000 0.0040 -0.2039 0.1008 0.1378
3.4100 -0.0113 -0.1989 0.1096 0.1462
3.4200 -0.0252 -0.1933 0.1187 0.1550
3.4300 -0.0381 -0.1870 0.1281 0.1641
3.4400 -0.0499 -0.1802 0.1379 0.1735
3.4500 -0.0607 -0.1728 0.1479 0.1833
3.4600 -0.0707 -0.1649 0.1582 0.1933
3.4700 -0.0799 -0.1563 0.1688 0.2036
3.4800 -0.0883 -0.1472 0.1796 0.2142
3.4900 -0.0961 -0.1376 0.1908 0.2250
3.5000 -0.1033 -0.1274 0.2022 0.2361
3.5100 -0.1098 -0.1167 0.2138 0.2475
3.5200 -0.1157 -0.1055 0.2257 0.2590
3.5300 -0.1211 -0.0938 0.2379 0.2708
3.5400 -0.1259 -0.0817 0.2503 0.2828
3.5500 -0.1302 -0.0691 0.2629 0.2950
3.5600 -0.1339 -0.0561 0.2757 0.3074
3.5700 -0.1371 -0.0427 0.2888 0.3199
3.5800 -0.1398 -0.0290 0.3020 0.3327
3.5900 -0.1420 -0.0148 0.3155 0.3456
3.6000 -0.1437 -0.0003 0.3291 0.3586
3.6100 -0.1450 0.0145 0.3429 0.3718
3.6200 -0.1459 0.0296 0.3569 0.3851
3.6300 -0.1463 0.0449 0.3710 0.3986
3.6400 -0.1464 0.0606 0.3853 0.4122
3.6500 -0.1461 0.0764 0.3997 0.4258
3.6600 -0.1455 0.0925 0.4142 0.4396
3.6700 -0.1446 0.1087 0.4287 0.4534
3.6800 -0.1434 0.1251 0.4434 0.4673
3.6900 -0.1421 0.1417 0.4581 0.4813
3.7000 -0.1405 0.1584 0.4729 0.4953
3.7100 -0.1388 0.1752 0.4877 0.5094
3.7200 -0.1370 0.1921 0.5026 0.5234
3.7300 -0.1351 0.2090 0.5174 0.5375
3.7400 -0.1332 0.2261 0.5322 0.5516
3.7500 -0.1313 0.2432 0.5470 0.5656
3.7600 -0.1294 0.2603 0.5617 0.5796
3.7700 -0.1275 0.2774 0.5764 0.5936
3.7800 -0.1257 0.2945 0.5910 0.6075
3.7900 -0.1240 0.3117 0.6056 0.6213
3.8000 -0.1224 0.3288 0.6200 0.6350
3.8100 -0.1210 0.3459 0.6343 0.6487
3.8200 -0.1197 0.3629 0.6484 0.6622
3.8300 -0.1186 0.3800 0.6624 0.6756
3.8400 -0.1176 0.3969 0.6763 0.6888
3.8500 -0.1168 0.4138 0.6900 0.7019
3.8600 -0.1163 0.4306 0.7035 0.7149
3.8700 -0.1159 0.4474 0.7168 0.7276
3.8800 -0.1157 0.4641 0.7299 0.7402
3.8900 -0.1157 0.4807 0.7428 0.7526
3.9000 -0.1158 0.4972 0.7555 0.7648
3.9100 -0.1162 0.5136 0.7679 0.7768
3.9200 -0.1167 0.5299 0.7801 0.7886
3.9300 -0.1173 0.5461 0.7921 0.8001
3.9400 -0.1181 0.5621 0.8038 0.8114
3.9500 -0.1190 0.5781 0.8152 0.8225
3.9600 -0.1201 0.5939 0.8264 0.8333
3.9700 -0.1212 0.6096 0.8373 0.8438
3.9800 -0.1223 0.6251 0.8479 0.8541
3.9900 -0.1235 0.6405 0.8582 0.8640
4.0000 -0.1248 0.6557 0.8682 0.8737
4.0100 -0.1260 0.6708 0.8780 0.8831
4.0200 -0.1272 0.6857 0.8874 0.8922
4.0300 -0.1284 0.7003 0.8964 0.9010
4.0400 -0.1294 0.7148 0.9052 0.9094
4.0500 -0.1304 0.7291 0.9136 0.9175
4.0600 -0.1313 0.7432 0.9217 0.9253
4.0700 -0.1320 0.7570 0.9294 0.9327
4.0800 -0.1325 0.7706 0.9368 0.9398
4.0900 -0.1329 0.7839 0.9437 0.9465
4.1000 -0.1331 0.7970 0.9504 0.9528
4.1100 -0.1330 0.8098 0.9566 0.9587
4.1200 -0.1328 0.8223 0.9624 0.9643
4.1300 -0.1322 0.8344 0.9679 0.9694
4.1400 -0.1314 0.8463 0.9729 0.9742
4.1500 -0.1304 0.8578 0.9775 0.9785
4.1600 -0.1291 0.8690 0.9817 0.9825
4.1700 -0.1275 0.8797 0.9855 0.9860
4.1800 -0.1257 0.8902 0.9889 0.9891
4.1900 -0.1236 0.9002 0.9918 0.9918
4.2000 -0.1212 0.9098 0.9943 0.9941
4.2100 -0.1187 0.9189 0.9963 0.9960
4.2200 -0.1159 0.9277 0.9979 0.9975
4.2300 -0.1130 0.9360 0.9990 0.9985
4.2400 -0.1100 0.9438 0.9997 0.9992
4.2500 -0.1068 0.9511 0.9999 0.9994
4.2600 -0.1037 0.9580 0.9997 0.9992
4.2700 -0.1005 0.9644 0.9990 0.9986
4.2800 -0.0975 0.9702 0.9979 0.9976
4.2900 -0.0946 0.9755 0.9964 0.9962
4.3000 -0.0920 0.9804 0.9944 0.9944
4.3100 -0.0898 0.9847 0.9919 0.9922
4.3200 -0.0880 0.9884 0.9890 0.9896
4.3300 -0.0868 0.9916 0.9857 0.9865
4.3400 -0.0862 0.9943 0.9820 0.9831
4.3500 -0.0864 0.9964 0.9778 0.9793
4.3600 -0.0874 0.9980 0.9732 0.9751
4.3700 -0.0895 0.9991 0.9682 0.9706
4.3800 -0.0926 0.9996 0.9628 0.9656
4.3900 -0.0969 0.9995 0.9571 0.9602
4.4000 -0.1025 0.9989 0.9509 0.9545
4.4100 -0.1093 0.9978 0.9443 0.9484
4.4200 -0.1176 0.9962 0.9374 0.9419
4.4300 -0.1272 0.9940 0.9301 0.9351
4.4400 -0.1382 0.9913 0.9225 0.9279
4.4500 -0.1506 0.9881 0.9144 0.9203
4.4600 -0.1642 0.9844 0.9061 0.9124
4.4700 -0.1791 0.9801 0.8974 0.9041
4.4800 -0.1950 0.9755 0.8884 0.8955
4.4900 -0.2120 0.9703 0.8790 0.8866
4.5000 -0.2297 0.9647 0.8694 0.8773
4.5100 -0.2479 0.9586 0.8594 0.8677
4.5200 -0.2666 0.9520 0.8491 0.8579
4.5300 -0.2853 0.9451 0.8385 0.8477
4.5400 -0.3040 0.9377 0.8277 0.8372
4.5500 -0.3222 0.9299 0.8165 0.8265
4.5600 -0.3399 0.9217 0.8051 0.8155
4.5700 -0.3566 0.9131 0.7934 0.8043
4.5800 -0.3723 0.9041 0.7814 0.7928
4.5900 -0.3865 0.8947 0.7692 0.7811
4.6000 -0.3993 0.8850 0.7567 0.7692
4.6100 -0.4103 0.8750 0.7440 0.7570
4.6200 -0.4194 0.8646 0.7311 0.7447
4.6300 -0.4266 0.8539 0.7179 0.7322
4.6400 -0.4317 0.8428 0.7045 0.7195
4.6500 -0.4348 0.8315 0.6910 0.7066
4.6600 -0.4358 0.8198 0.6773 0.6936
4.6700 -0.4348 0.8078 0.6634 0.6804
4.6800 -0.4319 0.7956 0.6493 0.6671
4.6900 -0.4271 0.7831 0.6351 0.6536
4.7000 -0.4206 0.7703 0.6207 0.6401
4.7100 -0.4126 0.7572 0.6063 0.6264
4.7200 -0.4033 0.7438 0.5917 0.6127
4.7300 -0.3927 0.7302 0.5771 0.5988
4.7400 -0.3811 0.7164 0.5624 0.5849
4.7500 -0.3688 0.7023 0.5476 0.5710
4.7600 -0.3558 0.6879 0.5328 0.5569
4.7700 -0.3424 0.6734 0.5180 0.5429
4.7800 -0.3287 0.6585 0.5031 0.5288
4.7900 -0.3149 0.6435 0.4883 0.5147
4.8000 -0.3011 0.6282 0.4735 0.5006
4.8100 -0.2874 0.6128 0.4588 0.4865
4.8200 -0.2738 0.5971 0.4441 0.4725
4.8300 -0.2606 0.5812 0.4294 0.4584
4.8400 -0.2476 0.5651 0.4149 0.4445
4.8500 -0.2350 0.5488 0.4004 0.4306
4.8600 -0.2227 0.5324 0.3861 0.4168
4.8700 -0.2108 0.5158 0.3719 0.4031
4.8800 -0.1993 0.4990 0.3578 0.3895
4.8900 -0.1880 0.4821 0.3438 0.3760
4.9000 -0.1770 0.4650 0.3301 0.3627
4.9100 -0.1663 0.4479 0.3165 0.3495
4.9200 -0.1558 0.4306 0.3030 0.3365
4.9300 -0.1455 0.4132 0.2898 0.3236
4.9400 -0.1354 0.3957 0.2767 0.3110
4.9500 -0.1254 0.3782 0.2639 0.2985
4.9600 -0.1155 0.3606 0.2513 0.2862
4.9700 -0.1058 0.3430 0.2389 0.2742
4.9800 -0.0961 0.3254 0.2267 0.2624
4.9900 -0.0866 0.3077 0.2148 0.2508
5.0000 -0.0772 0.2901 0.2031 0.2395
5.0100 -0.0678 0.2726 0.1916 0.2284
5.0200 -0.0586 0.2551 0.1805 0.2176
5.0300 -0.0496 0.2377 0.1695 0.2070
5.0400 -0.0407 0.2204 0.1589 0.1968
5.0500 -0.0320 0.2033 0.1485 0.1867
5.0600 -0.0235 0.1863 0.1384 0.1770
5.0700 -0.0153 0.1694 0.1286 0.1676
5.0800 -0.0072 0.1528 0.1191 0.1585
5.0900 0.0006 0.1364 0.1099 0.1497
5.1000 0.0081 0.1202 0.1011 0.1412
5.1100 0.0153 0.1043 0.0925 0.1330
5.1200 0.0222 0.0887 0.0843 0.1252
5.1300 0.0289 0.0733 0.0765 0.1176
5.1400 0.0352 0.0584 0.0689 0.1105
5.1500 0.0413 0.0437 0.0618 0.1037
5.1600 0.0471 0.0295 0.0550 0.0972
5.1700 0.0526 0.0156 0.0486 0.0912
5.1800 0.0579 0.0021 0.0426 0.0855
5.1900 0.0630 -0.0110 0.0370 0.0802
5.2000 0.0679 -0.0236 0.0318 0.0752
5.2100 0.0726 -0.0357 0.0270 0.0707
5.2200 0.0772 -0.0474 0.0227 0.0666
5.2300 0.0816 -0.0587 0.0188 0.0629
5.2400 0.0860 -0.0694 0.0153 0.0596
5.2500 0.0904 -0.0796 0.0122 0.0567
5.2600 0.0947 -0.0894 0.0096 0.0542
5.2700 0.0991 -0.0986 0.0075 0.0522
5.2800 0.1036 -0.1073 0.0058 0.0505
5.2900 0.1081 -0.1155 0.0046 0.0493
5.3000 0.1129 -0.1232 0.0038 0.0486
5.3100 0.1178 -0.1303 0.0035 0.0482
5.3200 0.1229 -0.1369 0.0036 0.0483
5.3300 0.1282 -0.1430 0.0042 0.0488
5.3400 0.1339 -0.1486 0.0053 0.0497
5.3500 0.1399 -0.1537 0.0068 0.0510
5.3600 0.1462 -0.1583 0.0088 0.0527
5.3700 0.1528 -0.1623 0.0112 0.0549
5.3800 0.1598 -0.1659 0.0141 0.0574
5.3900 0.1672 -0.1690 0.0174 0.0603
5.4000 0.1750 -0.1716 0.0211 0.0637
5.4100 0.1832 -0.1737 0.0252 0.0674
5.4200 0.1918 -0.1754 0.0298 0.0715
5.4300 0.2008 -0.1766 0.0348 0.0760
5.4400 0.2102 -0.1774 0.0402 0.0809
5.4500 0.2199 -0.1778 0.0459 0.0861
5.4600 0.2299 -0.1777 0.0521 0.0918
5.4700 0.2402 -0.1773 0.0586 0.0978
5.4800 0.2508 -0.1764 0.0655 0.1041
5.4900 0.2616 -0.1751 0.0727 0.1108
5.5000 0.2726 -0.1735 0.0803 0.1179
5.5100 0.2836 -0.1715 0.0883 0.1254
5.5200 0.2947 -0.1691 0.0965 0.1331
5.5300 0.3058 -0.1663 0.1051 0.1413
5.5400 0.3168 -0.1633 0.1141 0.1497
5.5500 0.3275 -0.1598 0.1233 0.1585
5.5600 0.3380 -0.1561 0.1328 0.1677
5.5700 0.3482 -0.1520 0.1427 0.1771
5.5800 0.3579 -0.1476 0.1528 0.1869
5.5900 0.3670 -0.1428 0.1633 0.1970
5.6000 0.3756 -0.1378 0.1740 0.2073
5.6100 0.3833 -0.1324 0.1850 0.2180
5.6200 0.3903 -0.1267 0.1962 0.2289
5.6300 0.3963 -0.1207 0.2077 0.2401
5.6400 0.4014 -0.1144 0.2195 0.2516
5.6500 0.4053 -0.1078 0.2315 0.2633
5.6600 0.4081 -0.1009 0.2438 0.2752
5.6700 0.4096 -0.0936 0.2563 0.2874
5.6800 0.4098 -0.0860 0.2690 0.2997
5.6900 0.4087 -0.0781 0.2820 0.3123
5.7000 0.4062 -0.0699 0.2952 0.3250
5.7100 0.4022 -0.0614 0.3085 0.3379
5.7200 0.3968 -0.0526 0.3221 0.3510
5.7300 0.3900 -0.0434 0.3358 0.3642
5.7400 0.3818 -0.0338 0.3497 0.3775
5.7500 0.3722 -0.0240 0.3638 0.3910
5.7600 0.3613 -0.0138 0.3780 0.4045
5.7700 0.3493 -0.0033 0.3923 0.4182
5.7800 0.3362 0.0076 0.4067 0.4319
5.7900 0.3222 0.0189 0.4213 0.4457
5.8000 0.3075 0.0304 0.4359 0.4596
5.8100 0.2922 0.0423 0.4506 0.4735
5.8200 0.2766 0.0546 0.4654 0.4875
5.8300 0.2610 0.0672 0.4801 0.5015
5.8400 0.2456 0.0802 0.4950 0.5155
5.8500 0.2307 0.0934 0.5098 0.5295
5.8600 0.2167 0.1071 0.5246 0.5435
5.8700 0.2039 0.1210 0.5394 0.5575
5.8800 0.1926 0.1353 0.5542 0.5715
5.8900 0.1832 0.1499 0.5689 0.5854
5.9000 0.1760 0.1647 0.5835 0.5993
5.9100 0.1714 0.1799 0.5981 0.6132
5.9200 0.1696 0.1954 0.6125 0.6269
5.9300 0.1710 0.2111 0.6269 0.6406
5.9400 0.1757 0.2271 0.6411 0.6542
5.9500 0.1840 0.2433 0.6552 0.6677
5.9600 0.1960 0.2597 0.6691 0.6810
5.9700 0.2117 0.2764 0.6828 0.6942
5.9800 0.2313 0.2932 0.6964 0.7073
5.9900 0.2545 0.3103 0.7098 0.7202
6.0000 0.2812 0.3274 0.7230 0.7329
6.0100 0.3113 0.3447 0.7360 0.7455
6.0200 0.3444 0.3621 0.7488 0.7578
6.0300 0.3801 0.3796 0.7614 0.7700
6.0400 0.4180 0.3972 0.7737 0.7819
6.0500 0.4575 0.4148 0.7858 0.7936
6.0600 0.4981 0.4324 0.7976 0.8050
6.0700 0.5392 0.4501 0.8092 0.8162
6.0800 0.5800 0.4677 0.8205 0.8271
6.0900 0.6200 0.4853 0.8315 0.8378
6.1000 0.6585 0.5028 0.8423 0.8482
6.1100 0.6948 0.5202 0.8528 0.8582
6.1200 0.7284 0.5375 0.8629 0.8680
6.1300 0.7585 0.5547 0.8728 0.8775
6.1400 0.7848 0.5718 0.8824 0.8867
6.1500 0.8068 0.5887 0.8917 0.8956
6.1600 0.8241 0.6054 0.9006 0.9042
6.1700 0.8364 0.6219 0.9092 0.9124
6.1800 0.8436 0.6382 0.9174 0.9203
6.1900 0.8455 0.6542 0.9254 0.9278
6.2000 0.8423 0.6700 0.9329 0.9350
6.2100 0.8340 0.6855 0.9401 0.9419
6.2200 0.8208 0.7007 0.9469 0.9484
6.2300 0.8030 0.7156 0.9534 0.9545
6.2400 0.7810 0.7302 0.9594 0.9603
6.2500 0.7552 0.7445 0.9651 0.9657
6.2600 0.7260 0.7585 0.9703 0.9708
6.2700 0.6939 0.7721 0.9752 0.9754
6.2800 0.6594 0.7854 0.9796 0.9797
6.2900 0.6232 0.7983 0.9836 0.9835
6.3000 0.5856 0.8108 0.9872 0.9870
6.3100 0.5472 0.8230 0.9903 0.9900
6.3200 0.5084 0.8348 0.9930 0.9927
6.3300 0.4696 0.8462 0.9953 0.9949
6.3400 0.4313 0.8573 0.9971 0.9967
6.3500 0.3938 0.8679 0.9984 0.9981
6.3600 0.3573 0.8781 0.9994 0.9991
6.3700 0.3221 0.8880 0.9998 0.9997
6.3800 0.2883 0.8974 0.9998 0.9998
6.3900 0.2560 0.9065 0.9994 0.9995
6.4000 0.2253 0.9151 0.9985 0.9988
6.4100 0.1962 0.9233 0.9972 0.9976
6.4200 0.1687 0.9312 0.9954 0.9960
6.4300 0.1428 0.9386 0.9932 0.9941
6.4400 0.1184 0.9456 0.9905 0.9917
6.4500 0.0954 0.9522 0.9874 0.9888
6.4600 0.0737 0.9583 0.9839 0.9856
6.4700 0.0533 0.9641 0.9799 0.9820
6.4800 0.0339 0.9694 0.9756 0.9780
6.4900 0.0156 0.9743 0.9708 0.9735
6.5000 -0.0017 0.9788 0.9656 0.9687
6.5100 -0.0183 0.9828 0.9601 0.9635
6.5200 -0.0340 0.9865 0.9541 0.9580
6.5300 -0.0489 0.9896 0.9478 0.9520
6.5400 -0.0632 0.9924 0.9410 0.9457
6.5500 -0.0767 0.9946 0.9339 0.9390
6.5600 -0.0896 0.9965 0.9265 0.9320
6.5700 -0.1018 0.9979 0.9187 0.9246
6.5800 -0.1134 0.9988 0.9105 0.9168
6.5900 -0.1242 0.9992 0.9020 0.9088
6.6000 -0.1344 0.9992 0.8932 0.9004
6.6100 -0.1438 0.9987 0.8840 0.8916
6.6200 -0.1524 0.9977 0.8745 0.8826
6.6300 -0.1603 0.9963 0.8647 0.8732
6.6400 -0.1675 0.9943 0.8546 0.8635
6.6500 -0.1738 0.9919 0.8441 0.8536
6.6600 -0.1794 0.9889 0.8334 0.8433
6.6700 -0.1842 0.9855 0.8224 0.8328
6.6800 -0.1882 0.9816 0.8111 0.8219
6.6900 -0.1915 0.9771 0.7995 0.8108
6.7000 -0.1940 0.9721 0.7877 0.7995
6.7100 -0.1958 0.9667 0.7756 0.7879
6.7200 -0.1970 0.9607 0.7632 0.7761
6.7300 -0.1975 0.9542 0.7506 0.7640
6.7400 -0.1975 0.9472 0.7378 0.7518
6.7500 -0.1969 0.9397 0.7247 0.7393
6.7600 -0.1958 0.9317 0.7115 0.7267
6.7700 -0.1944 0.9232 0.6980 0.7138
6.7800 -0.1925 0.9143 0.6843 0.7009
6.7900 -0.1904 0.9048 0.6705 0.6877
6.8000 -0.1880 0.8948 0.6565 0.6744
6.8100 -0.1855 0.8844 0.6424 0.6610
6.8200 -0.1828 0.8736 0.6281 0.6475
6.8300 -0.1801 0.8622 0.6137 0.6339
6.8400 -0.1774 0.8505 0.5992 0.6202
6.8500 -0.1747 0.8383 0.5846 0.6064
6.8600 -0.1721 0.8257 0.5699 0.5926
6.8700 -0.1697 0.8127 0.5551 0.5787
6.8800 -0.1675 0.7993 0.5403 0.5648
6.8900 -0.1655 0.7856 0.5255 0.5508
6.9000 -0.1638 0.7715 0.5107 0.5368
6.9100 -0.1624 0.7571 0.4959 0.5228
6.9200 -0.1612 0.7424 0.4811 0.5088
6.9300 -0.1605 0.7274 0.4663 0.4948
6.9400 -0.1601 0.7121 0.4516 0.4809
6.9500 -0.1600 0.6966 0.4369 0.4669
6.9600 -0.1603 0.6808 0.4223 0.4530
6.9700 -0.1610 0.6648 0.4078 0.4392
6.9800 -0.1621 0.6486 0.3934 0.4254
6.9900 -0.1634 0.6323 0.3791 0.4117
7.0000 -0.1652 0.6158 0.3650 0.3981
7.0100 -0.1672 0.5991 0.3510 0.3846
7.0200 -0.1696 0.5824 0.3372 0.3712
7.0300 -0.1722 0.5655 0.3235 0.3579
7.0400 -0.1750 0.5486 0.3100 0.3447
7.0500 -0.1780 0.5316 0.2966 0.3317
7.0600 -0.1812 0.5145 0.2835 0.3189
7.0700 -0.1845 0.4975 0.2705 0.3062
7.0800 -0.1879 0.4804 0.2578 0.2938
7.0900 -0.1913 0.4633 0.2453 0.2815
7.1000 -0.1947 0.4462 0.2330 0.2694
7.1100 -0.1980 0.4292 0.2209 0.2576
7.1200 -0.2013 0.4122 0.2091 0.2460
7.1300 -0.2043 0.3953 0.1975 0.2347
7.1400 -0.2072 0.3784 0.1862 0.2236
7.1500 -0.2097 0.3616 0.1751 0.2128
7.1600 -0.2120 0.3449 0.1643 0.2023
7.1700 -0.2140 0.3283 0.1538 0.1920
7.1800 -0.2155 0.3118 0.1435 0.1821
7.1900 -0.2166 0.2954 0.1336 0.1725
7.2000 -0.2173 0.2791 0.1239 0.1632
7.2100 -0.2174 0.2630 0.1145 0.1542
7.2200 -0.2170 0.2469 0.1055 0.1456
7.2300 -0.2160 0.2310 0.0968 0.1373
7.2400 -0.2145 0.2153 0.0884 0.1293
7.2500 -0.2124 0.1997 0.0803 0.1217
7.2600 -0.2097 0.1842 0.0726 0.1144
7.2700 -0.2064 0.1689 0.0653 0.1075
7.2800 -0.2025 0.1537 0.0583 0.1009
7.2900 -0.1980 0.1387 0.0517 0.0947
7.3000 -0.1930 0.1239 0.0455 0.0889
7.3100 -0.1874 0.1092 0.0397 0.0835
7.3200 -0.1814 0.0947 0.0343 0.0784
7.3300 -0.1750 0.0804 0.0293 0.0737
7.3400 -0.1682 0.0662 0.0247 0.0694
7.3500 -0.1610 0.0523 0.0206 0.0654
7.3600 -0.1537 0.0385 0.0169 0.0619
7.3700 -0.1463 0.0249 0.0136 0.0587
7.3800 -0.1388 0.0116 0.0108 0.0560
7.3900 -0.1314 -0.0016 0.0085 0.0536
7.4000 -0.1243 -0.0145 0.0065 0.0517
7.4100 -0.1175 -0.0272 0.0051 0.0502
7.4200 -0.1111 -0.0397 0.0041 0.0491
7.4300 -0.1054 -0.0519 0.0036 0.0484
7.4400 -0.1005 -0.0638 0.0035 0.0481
7.4500 -0.0964 -0.0755 0.0039 0.0483
7.4600 -0.0934 -0.0869 0.0048 0.0488
7.4700 -0.0915 -0.0980 0.0061 0.0498
7.4800 -0.0909 -0.1087 0.0078 0.0513
7.4900 -0.0917 -0.1191 0.0100 0.0531
7.5000 -0.0940 -0.1292 0.0127 0.0554
7.5100 -0.0979 -0.1389 0.0157 0.0581
7.5200 -0.1033 -0.1482 0.0193 0.0612
7.5300 -0.1103 -0.1571 0.0232 0.0647
7.5400 -0.1190 -0.1657 0.0275 0.0686
7.5500 -0.1292 -0.1737 0.0323 0.0730
7.5600 -0.1409 -0.1814 0.0375 0.0777
7.5700 -0.1540 -0.1885 0.0430 0.0828
7.5800 -0.1684 -0.1952 0.0490 0.0883
7.5900 -0.1839 -0.2014 0.0553 0.0942
7.6000 -0.2002 -0.2071 0.0620 0.1005
7.6100 -0.2173 -0.2122 0.0690 0.1071
7.6200 -0.2348 -0.2168 0.0764 0.1141
7.6300 -0.2526 -0.2209 0.0842 0.1214
7.6400 -0.2703 -0.2243 0.0922 0.1291
7.6500 -0.2878 -0.2272 0.1007 0.1371
7.6600 -0.3047 -0.2295 0.1094 0.1454
7.6700 -0.3209 -0.2313 0.1185 0.1541
7.6800 -0.3361 -0.2324 0.1278 0.1630
7.6900 -0.3500 -0.2329 0.1375 0.1723
7.7000 -0.3626 -0.2327 0.1475 0.1819
7.7100 -0.3737 -0.2320 0.1578 0.1917
7.7200 -0.3832 -0.2306 0.1683 0.2019
7.7300 -0.3909 -0.2286 0.1792 0.2123
7.7400 -0.3969 -0.2260 0.1903 0.2230
7.7500 -0.4011 -0.2227 0.2017 0.2339
7.7600 -0.4035 -0.2188 0.2133 0.2451
7.7700 -0.4043 -0.2143 0.2252 0.2566
7.7800 -0.4034 -0.2092 0.2374 0.2682
7.7900 -0.4010 -0.2034 0.2498 0.2802
7.8000 -0.3973 -0.1971 0.2624 0.2923
7.8100 -0.3923 -0.1902 0.2752 0.3047
7.8200 -0.3862 -0.1827 0.2883 0.3172
7.8300 -0.3792 -0.1747 0.3016 0.3299
7.8400 -0.3714 -0.1660 0.3150 0.3429
7.8500 -0.3629 -0.1569 0.3287 0.3560
7.8600 -0.3539 -0.1473 0.3425 0.3692
7.8700 -0.3446 -0.1371 0.3565 0.3826
7.8800 -0.3350 -0.1265 0.3706 0.3961
7.8900 -0.3252 -0.1154 0.3849 0.4097
7.9000 -0.3152 -0.1038 0.3993 0.4234
7.9100 -0.3053 -0.0919 0.4138 0.4373
7.9200 -0.2953 -0.0795 0.4284 0.4512
7.9300 -0.2853 -0.0668 0.4431 0.4651
7.9400 -0.2754 -0.0536 0.4578 0.4791
7.9500 -0.2654 -0.0402 0.4726 0.4932
7.9600 -0.2555 -0.0264 0.4874 0.5072
7.9700 -0.2456 -0.0124 0.5022 0.5213
7.9800 -0.2356 0.0020 0.5170 0.5353
7.9900 -0.2255 0.0166 0.5318 0.5494
8.0000 -0.2154 0.0314 0.5466 0.5634
8.0100 -0.2051 0.0465 0.5613 0.5774
8.0200 -0.1947 0.0617 0.5760 0.5913
8.0300 -0.1842 0.0772 0.5906 0.6051
8.0400 -0.1734 0.0928 0.6051 0.6189
8.0500 -0.1625 0.1085 0.6195 0.6326
8.0600 -0.1515 0.1244 0.6337 0.6462
8.0700 -0.1403 0.1404 0.6479 0.6597
8.0800 -0.1290 0.1565 0.6619 0.6731
8.0900 -0.1176 0.1727 0.6757 0.6864
8.1000 -0.1062 0.1890 0.6893 0.6995
8.1100 -0.0947 0.2054 0.7028 0.7125
8.1200 -0.0832 0.2218 0.7161 0.7253
8.1300 -0.0718 0.2382 0.7292 0.7379
8.1400 -0.0604 0.2547 0.7421 0.7504
8.1500 -0.0492 0.2712 0.7548 0.7627
8.1600 -0.0382 0.2878 0.7672 0.7747
8.1700 -0.0274 0.3043 0.7794 0.7866
8.1800 -0.0168 0.3209 0.7914 0.7982
8.1900 -0.0065 0.3375 0.8031 0.8096
8.2000 0.0035 0.3540 0.8145 0.8208
8.2100 0.0133 0.3706 0.8257 0.8317
8.2200 0.0227 0.3871 0.8366 0.8423
8.2300 0.0318 0.4036 0.8473 0.8526
8.2400 0.0405 0.4200 0.8576 0.8627
8.2500 0.0490 0.4365 0.8677 0.8724
8.2600 0.0571 0.4529 0.8774 0.8818
8.2700 0.0649 0.4692 0.8868 0.8910
8.2800 0.0725 0.4855 0.8959 0.8997
8.2900 0.0799 0.5018 0.9047 0.9082
8.3000 0.0870 0.5180 0.9132 0.9163
8.3100 0.0940 0.5341 0.9213 0.9240
8.3200 0.1008 0.5501 0.9290 0.9314
8.3300 0.1076 0.5661 0.9364 0.9384
8.3400 0.1143 0.5819 0.9434 0.9451
8.3500 0.1210 0.5977 0.9501 0.9514
8.3600 0.1278 0.6133 0.9563 0.9573
8.3700 0.1347 0.6288 0.9622 0.9628
8.3800 0.1418 0.6442 0.9677 0.9680
8.3900 0.1490 0.6595 0.9727 0.9727
8.4000 0.1566 0.6746 0.9774 0.9771
8.4100 0.1644 0.6895 0.9816 0.9811
8.4200 0.1726 0.7043 0.9854 0.9847
8.4300 0.1812 0.7188 0.9887 0.9879
8.4400 0.1902 0.7332 0.9917 0.9907
8.4500 0.1997 0.7473 0.9942 0.9931
8.4600 0.2096 0.7612 0.9962 0.9951
8.4700 0.2202 0.7748 0.9978 0.9967
8.4800 0.2312 0.7882 0.9989 0.9979
8.4900 0.2429 0.8013 0.9996 0.9987
8.5000 0.2551 0.8141 0.9999 0.9991
8.5100 0.2679 0.8266 0.9996 0.9991
8.5200 0.2812 0.8387 0.9990 0.9986
8.5300 0.2951 0.8505 0.9979 0.9978
8.5400 0.3095 0.8620 0.9963 0.9965
8.5500 0.3243 0.8730 0.9943 0.9948
8.5600 0.3396 0.8837 0.9919 0.9928
8.5700 0.3553 0.8940 0.9890 0.9903
8.5800 0.3713 0.9038 0.9857 0.9874
8.5900 0.3876 0.9132 0.9820 0.9840
8.6000 0.4040 0.9222 0.9779 0.9803
8.6100 0.4205 0.9307 0.9733 0.9762
8.6200 0.4369 0.9388 0.9683 0.9717
8.6300 0.4532 0.9463 0.9630 0.9667
8.6400 0.4693 0.9534 0.9572 0.9614
8.6500 0.4849 0.9600 0.9511 0.9557
8.6600 0.5000 0.9660 0.9446 0.9496
8.6700 0.5145 0.9716 0.9377 0.9431
8.6800 0.5282 0.9767 0.9304 0.9363
8.6900 0.5409 0.9812 0.9228 0.9291
8.7000 0.5526 0.9852 0.9148 0.9216
8.7100 0.5630 0.9887 0.9065 0.9137
8.7200 0.5721 0.9916 0.8978 0.9054
8.7300 0.5797 0.9941 0.8888 0.8968
8.7400 0.5856 0.9960 0.8795 0.8880
8.7500 0.5898 0.9974 0.8699 0.8788
8.7600 0.5921 0.9982 0.8599 0.8692
8.7700 0.5924 0.9986 0.8496 0.8594
8.7800 0.5907 0.9984 0.8390 0.8493
8.7900 0.5869 0.9978 0.8282 0.8390
8.8000 0.5809 0.9966 0.8170 0.8283
8.8100 0.5726 0.9949 0.8056 0.8174
8.8200 0.5622 0.9928 0.7938 0.8062
8.8300 0.5495 0.9901 0.7819 0.7948
8.8400 0.5347 0.9870 0.7696 0.7832
8.8500 0.5179 0.9834 0.7571 0.7713
8.8600 0.4991 0.9794 0.7444 0.7592
8.8700 0.4784 0.9749 0.7315 0.7469
8.8800 0.4561 0.9700 0.7183 0.7343
8.8900 0.4324 0.9646 0.7049 0.7216
8.9000 0.4075 0.9589 0.6913 0.7087
8.9100 0.3817 0.9527 0.6776 0.6957
8.9200 0.3552 0.9461 0.6636 0.6825
8.9300 0.3285 0.9391 0.6495 0.6691
8.9400 0.3019 0.9317 0.6353 0.6556
8.9500 0.2758 0.9239 0.6210 0.6420
8.9600 0.2506 0.9157 0.6065 0.6283
8.9700 0.2266 0.9072 0.5919 0.6145
8.9800 0.2044 0.8983 0.5773 0.6006
8.9900 0.1843 0.8891 0.5626 0.5866
9.0000 0.1666 0.8795 0.5478 0.5726
9.0100 0.1519 0.8696 0.5330 0.5586
9.0200 0.1404 0.8593 0.5182 0.5445
9.0300 0.1325 0.8487 0.5033 0.5304
9.0400 0.1283 0.8377 0.4885 0.5163
9.0500 0.1280 0.8264 0.4737 0.5023
9.0600 0.1319 0.8148 0.4590 0.4882
9.0700 0.1398 0.8029 0.4443 0.4742
9.0800 0.1519 0.7907 0.4297 0.4603
9.0900 0.1680 0.7782 0.4151 0.4464
9.1000 0.1878 0.7653 0.4007 0.4326
9.1100 0.2112 0.7522 0.3864 0.4189
9.1200 0.2377 0.7387 0.3722 0.4053
9.1300 0.2670 0.7250 0.3581 0.3918
9.1400 0.2985 0.7110 0.3442 0.3784
9.1500 0.3318 0.6967 0.3304 0.3652
9.1600 0.3661 0.6821 0.3168 0.3520
9.1700 0.4009 0.6672 0.3034 0.3391
9.1800 0.4356 0.6521 0.2902 0.3263
9.1900 0.4695 0.6367 0.2771 0.3136
9.2000 0.5021 0.6211 0.2643 0.3011
9.2100 0.5326 0.6053 0.2517 0.2889
9.2200 0.5606 0.5892 0.2392 0.2768
9.2300 0.5856 0.5729 0.2270 0.2649
9.2400 0.6071 0.5564 0.2151 0.2532
9.2500 0.6248 0.5396 0.2034 0.2418
9.2600 0.6385 0.5228 0.1919 0.2306
9.2700 0.6479 0.5057 0.1807 0.2196
9.2800 0.6531 0.4885 0.1697 0.2089
9.2900 0.6539 0.4711 0.1590 0.1985
9.3000 0.6506 0.4537 0.1486 0.1883
9.3100 0.6432 0.4361 0.1385 0.1784
9.3200 0.6321 0.4184 0.1287 0.1689
9.3300 0.6175 0.4007 0.1191 0.1596
9.3400 0.5998 0.3829 0.1099 0.1507
9.3500 0.5794 0.3652 0.1010 0.1421
9.3600 0.5567 0.3473 0.0924 0.1338
9.3700 0.5322 0.3296 0.0842 0.1259
9.3800 0.5062 0.3118 0.0763 0.1183
9.3900 0.4792 0.2941 0.0688 0.1111
9.4000 0.4516 0.2765 0.0616 0.1043
9.4100 0.4238 0.2590 0.0548 0.0979
9.4200 0.3960 0.2417 0.0484 0.0918
9.4300 0.3686 0.2244 0.0424 0.0861
9.4400 0.3417 0.2074 0.0368 0.0809
9.4500 0.3156 0.1906 0.0316 0.0760
9.4600 0.2904 0.1739 0.0268 0.0715
9.4700 0.2662 0.1575 0.0225 0.0674
9.4800 0.2430 0.1414 0.0186 0.0637
9.4900 0.2208 0.1256 0.0151 0.0604
9.5000 0.1996 0.1100 0.0121 0.0575
9.5100 0.1793 0.0948 0.0095 0.0550
9.5200 0.1599 0.0800 0.0074 0.0530
9.5300 0.1413 0.0654 0.0057 0.0513
9.5400 0.1234 0.0513 0.0045 0.0500
9.5500 0.1060 0.0375 0.0038 0.0491
9.5600 0.0892 0.0242 0.0035 0.0487
9.5700 0.0729 0.0112 0.0037 0.0486
9.5800 0.0569 -0.0013 0.0043 0.0490
9.5900 0.0412 -0.0134 0.0054 0.0497
9.6000 0.0258 -0.0251 0.0070 0.0509
9.6100 0.0106 -0.0363 0.0089 0.0524
9.6200 -0.0042 -0.0470 0.0114 0.0544
9.6300 -0.0188 -0.0573 0.0142 0.0568
9.6400 -0.0331 -0.0672 0.0175 0.0596
9.6500 -0.0471 -0.0765 0.0213 0.0627
9.6600 -0.0606 -0.0855 0.0254 0.0663
9.6700 -0.0737 -0.0939 0.0300 0.0703
9.6800 -0.0862 -0.1019 0.0349 0.0747
9.6900 -0.0982 -0.1094 0.0403 0.0795
9.7000 -0.1096 -0.1165 0.0460 0.0847
9.7100 -0.1202 -0.1231 0.0521 0.0903
9.7200 -0.1302 -0.1293 0.0586 0.0963
9.7300 -0.1393 -0.1350 0.0655 0.1026
9.7400 -0.1476 -0.1403 0.0727 0.1094
9.7500 -0.1550 -0.1451 0.0802 0.1165
9.7600 -0.1616 -0.1496 0.0881 0.1240
9.7700 -0.1673 -0.1536 0.0964 0.1318
9.7800 -0.1721 -0.1572 0.1049 0.1400
9.7900 -0.1760 -0.1604 0.1138 0.1485
9.8000 -0.1792 -0.1632 0.1230 0.1574
9.8100 -0.1815 -0.1656 0.1325 0.1666
9.8200 -0.1831 -0.1676 0.1423 0.1761
9.8300 -0.1840 -0.1693 0.1525 0.1859
9.8400 -0.1842 -0.1706 0.1629 0.1960
9.8500 -0.1839 -0.1715 0.1736 0.2063
9.8600 -0.1830 -0.1720 0.1845 0.2170
9.8700 -0.1817 -0.1722 0.1958 0.2279
9.8800 -0.1801 -0.1721 0.2073 0.2390
9.8900 -0.1782 -0.1716 0.2191 0.2504
9.9000 -0.1761 -0.1707 0.2311 0.2620
9.9100 -0.1738 -0.1696 0.2434 0.2738
9.9200 -0.1715 -0.1680 0.2559 0.2859
9.9300 -0.1692 -0.1662 0.2686 0.2981
9.9400 -0.1670 -0.1640 0.2816 0.3105
9.9500 -0.1650 -0.1614 0.2948 0.3231
9.9600 -0.1632 -0.1585 0.3082 0.3359
9.9700 -0.1617 -0.1553 0.3217 0.3489
9.9800 -0.1605 -0.1517 0.3355 0.3620
9.9900 -0.1596 -0.1477 0.3494 0.3752
10.0000 -0.1592 -0.1434 0.3635 0.3886
