 t	 x	 y	 z	 w
0.0000 1.0000 1.0000 1.0000 1.0000
0.0100 0.9970 0.9997 0.9998 0.9998
0.0200 0.9880 0.9989 0.9991 0.9991
0.0300 0.9731 0.9975 0.9980 0.9981
0.0400 0.9526 0.9956 0.9964 0.9966
0.0500 0.9269 0.9931 0.9944 0.9947
0.0600 0.8964 0.9901 0.9919 0.9924
0.0700 0.8616 0.9865 0.9890 0.9896
0.0800 0.8230 0.9825 0.9857 0.9865
0.0900 0.7813 0.9779 0.9819 0.9829
0.1000 0.7371 0.9728 0.9777 0.9790
0.1100 0.6910 0.9672 0.9731 0.9747
0.1200 0.6437 0.9611 0.9681 0.9699
0.1300 0.5957 0.9545 0.9627 0.9648
0.1400 0.5478 0.9474 0.9569 0.9593
0.1500 0.5004 0.9399 0.9507 0.9534
0.1600 0.4541 0.9320 0.9441 0.9472
0.1700 0.4093 0.9236 0.9371 0.9406
0.1800 0.3664 0.9148 0.9298 0.9336
0.1900 0.3258 0.9056 0.9221 0.9263
0.2000 0.2876 0.8959 0.9140 0.9187
0.2100 0.2520 0.8859 0.9057 0.9107
0.2200 0.2193 0.8756 0.8969 0.9024
0.2300 0.1893 0.8649 0.8879 0.8937
0.2400 0.1622 0.8538 0.8785 0.8848
0.2500 0.1379 0.8424 0.8688 0.8755
0.2600 0.1162 0.8307 0.8588 0.8659
0.2700 0.0972 0.8187 0.8485 0.8560
0.2800 0.0805 0.8064 0.8379 0.8458
0.2900 0.0660 0.7938 0.8270 0.8354
0.3000 0.0536 0.7809 0.8159 0.8246
0.3100 0.0430 0.7677 0.8044 0.8136
0.3200 0.0341 0.7543 0.7927 0.8023
0.3300 0.0266 0.7407 0.7808 0.7908
0.3400 0.0204 0.7268 0.7685 0.7791
0.3500 0.0152 0.7127 0.7561 0.7671
0.3600 0.0110 0.6984 0.7434 0.7549
0.3700 0.0076 0.6839 0.7305 0.7425
0.3800 0.0048 0.6691 0.7173 0.7299
0.3900 0.0025 0.6542 0.7040 0.7171
0.4000 0.0007 0.6390 0.6905 0.7041
0.4100 -0.0009 0.6237 0.6768 0.6910
0.4200 -0.0021 0.6082 0.6629 0.6778
0.4300 -0.0032 0.5925 0.6488 0.6644
0.4400 -0.0041 0.5767 0.6346 0.6509
0.4500 -0.0049 0.5607 0.6203 0.6373
0.4600 -0.0057 0.5445 0.6059 0.6236
0.4700 -0.0064 0.5282 0.5913 0.6098
0.4800 -0.0070 0.5118 0.5767 0.5960
0.4900 -0.0076 0.4952 0.5620 0.5821
0.5000 -0.0083 0.4785 0.5472 0.5682
0.5100 -0.0089 0.4616 0.5324 0.5542
0.5200 -0.0095 0.4447 0.5176 0.5402
0.5300 -0.0102 0.4276 0.5028 0.5262
0.5400 -0.0108 0.4105 0.4879 0.5122
0.5500 -0.0115 0.3933 0.4731 0.4981
0.5600 -0.0121 0.3759 0.4583 0.4842
0.5700 -0.0128 0.3586 0.4436 0.4702
0.5800 -0.0135 0.3412 0.4290 0.4563
0.5900 -0.0142 0.3237 0.4144 0.4424
0.6000 -0.0149 0.3063 0.3999 0.4286
0.6100 -0.0156 0.2888 0.3855 0.4149
0.6200 -0.0164 0.2713 0.3713 0.4012
0.6300 -0.0171 0.2539 0.3572 0.3877
0.6400 -0.0179 0.2365 0.3432 0.3743
0.6500 -0.0186 0.2192 0.3294 0.3609
0.6600 -0.0194 0.2019 0.3158 0.3478
0.6700 -0.0201 0.1848 0.3024 0.3347
0.6800 -0.0209 0.1678 0.2891 0.3218
0.6900 -0.0217 0.1509 0.2761 0.3091
0.7000 -0.0224 0.1342 0.2632 0.2966
0.7100 -0.0232 0.1177 0.2506 0.2843
0.7200 -0.0240 0.1014 0.2382 0.2722
0.7300 -0.0247 0.0854 0.2261 0.2603
0.7400 -0.0255 0.0696 0.2141 0.2486
0.7500 -0.0263 0.0541 0.2025 0.2372
0.7600 -0.0271 0.0388 0.1910 0.2261
0.7700 -0.0278 0.0239 0.1799 0.2152
0.7800 -0.0286 0.0093 0.1690 0.2046
0.7900 -0.0293 -0.0049 0.1584 0.1943
0.8000 -0.0301 -0.0187 0.1480 0.1843
0.8100 -0.0308 -0.0321 0.1380 0.1746
0.8200 -0.0316 -0.0451 0.1282 0.1652
0.8300 -0.0323 -0.0576 0.1188 0.1561
0.8400 -0.0330 -0.0697 0.1096 0.1474
0.8500 -0.0338 -0.0813 0.1008 0.1390
0.8600 -0.0345 -0.0924 0.0923 0.1310
0.8700 -0.0352 -0.1031 0.0841 0.1233
0.8800 -0.0359 -0.1131 0.0763 0.1159
0.8900 -0.0366 -0.1227 0.0688 0.1089
0.9000 -0.0373 -0.1317 0.0617 0.1023
0.9100 -0.0380 -0.1402 0.0549 0.0960
0.9200 -0.0387 -0.1481 0.0485 0.0901
0.9300 -0.0394 -0.1555 0.0426 0.0845
0.9400 -0.0400 -0.1623 0.0370 0.0794
0.9500 -0.0407 -0.1685 0.0318 0.0746
0.9600 -0.0414 -0.1741 0.0270 0.0702
0.9700 -0.0420 -0.1792 0.0226 0.0661
0.9800 -0.0427 -0.1837 0.0187 0.0625
0.9900 -0.0433 -0.1876 0.0152 0.0593
1.0000 -0.0439 -0.1909 0.0121 0.0564
1.0100 -0.0446 -0.1937 0.0095 0.0540
1.0200 -0.0452 -0.1960 0.0073 0.0519
1.0300 -0.0459 -0.1977 0.0056 0.0503
1.0400 -0.0465 -0.1988 0.0043 0.0491
1.0500 -0.0471 -0.1994 0.0036 0.0483
1.0600 -0.0478 -0.1995 0.0032 0.0479
1.0700 -0.0484 -0.1991 0.0033 0.0480
1.0800 -0.0491 -0.1982 0.0039 0.0484
1.0900 -0.0498 -0.1968 0.0050 0.0493
1.1000 -0.0505 -0.1950 0.0065 0.0506
1.1100 -0.0512 -0.1927 0.0084 0.0524
1.1200 -0.0520 -0.1899 0.0108 0.0545
1.1300 -0.0528 -0.1867 0.0137 0.0571
1.1400 -0.0537 -0.1831 0.0170 0.0601
1.1500 -0.0546 -0.1790 0.0207 0.0635
1.1600 -0.0557 -0.1746 0.0249 0.0673
1.1700 -0.0569 -0.1698 0.0294 0.0716
1.1800 -0.0584 -0.1646 0.0344 0.0762
1.1900 -0.0600 -0.1591 0.0398 0.0812
1.2000 -0.0619 -0.1532 0.0456 0.0867
1.2100 -0.0641 -0.1470 0.0518 0.0925
1.2200 -0.0667 -0.1404 0.0583 0.0986
1.2300 -0.0698 -0.1335 0.0653 0.1052
1.2400 -0.0733 -0.1264 0.0725 0.1121
1.2500 -0.0775 -0.1189 0.0802 0.1193
1.2600 -0.0823 -0.1111 0.0882 0.1269
1.2700 -0.0879 -0.1030 0.0965 0.1349
1.2800 -0.0943 -0.0946 0.1051 0.1431
1.2900 -0.1016 -0.0859 0.1141 0.1517
1.3000 -0.1098 -0.0770 0.1234 0.1606
1.3100 -0.1191 -0.0678 0.1330 0.1698
1.3200 -0.1294 -0.0583 0.1429 0.1793
1.3300 -0.1408 -0.0485 0.1531 0.1891
1.3400 -0.1532 -0.0385 0.1635 0.1991
1.3500 -0.1668 -0.0281 0.1743 0.2095
1.3600 -0.1813 -0.0175 0.1853 0.2201
1.3700 -0.1968 -0.0067 0.1966 0.2310
1.3800 -0.2132 0.0044 0.2081 0.2422
1.3900 -0.2304 0.0159 0.2199 0.2536
1.4000 -0.2481 0.0275 0.2319 0.2652
1.4100 -0.2663 0.0395 0.2442 0.2771
1.4200 -0.2847 0.0517 0.2567 0.2891
1.4300 -0.3031 0.0642 0.2695 0.3015
1.4400 -0.3214 0.0770 0.2824 0.3140
1.4500 -0.3392 0.0900 0.2956 0.3267
1.4600 -0.3563 0.1033 0.3089 0.3396
1.4700 -0.3724 0.1169 0.3225 0.3526
1.4800 -0.3874 0.1308 0.3362 0.3658
1.4900 -0.4010 0.1449 0.3501 0.3792
1.5000 -0.4130 0.1593 0.3641 0.3927
1.5100 -0.4232 0.1739 0.3783 0.4063
1.5200 -0.4314 0.1888 0.3926 0.4200
1.5300 -0.4375 0.2039 0.4070 0.4339
1.5400 -0.4415 0.2193 0.4216 0.4478
1.5500 -0.4432 0.2349 0.4362 0.4617
1.5600 -0.4428 0.2507 0.4509 0.4757
1.5700 -0.4401 0.2668 0.4656 0.4898
1.5800 -0.4353 0.2830 0.4804 0.5039
1.5900 -0.4284 0.2995 0.4953 0.5180
1.6000 -0.4197 0.3161 0.5101 0.5321
1.6100 -0.4092 0.3328 0.5249 0.5461
1.6200 -0.3972 0.3497 0.5398 0.5602
1.6300 -0.3839 0.3668 0.5545 0.5742
1.6400 -0.3694 0.3839 0.5693 0.5881
1.6500 -0.3540 0.4012 0.5839 0.6020
1.6600 -0.3380 0.4185 0.5985 0.6158
1.6700 -0.3215 0.4358 0.6130 0.6296
1.6800 -0.3047 0.4532 0.6273 0.6432
1.6900 -0.2879 0.4706 0.6416 0.6567
1.7000 -0.2712 0.4880 0.6557 0.6702
1.7100 -0.2548 0.5054 0.6696 0.6834
1.7200 -0.2388 0.5227 0.6834 0.6966
1.7300 -0.2234 0.5400 0.6970 0.7096
1.7400 -0.2085 0.5572 0.7105 0.7225
1.7500 -0.1943 0.5742 0.7237 0.7351
1.7600 -0.1808 0.5911 0.7367 0.7476
1.7700 -0.1680 0.6079 0.7495 0.7599
1.7800 -0.1559 0.6244 0.7621 0.7721
1.7900 -0.1446 0.6408 0.7744 0.7840
1.8000 -0.1339 0.6570 0.7865 0.7956
1.8100 -0.1239 0.6729 0.7983 0.8071
1.8200 -0.1144 0.6885 0.8099 0.8183
1.8300 -0.1056 0.7039 0.8212 0.8292
1.8400 -0.0972 0.7190 0.8322 0.8399
1.8500 -0.0893 0.7338 0.8430 0.8503
1.8600 -0.0818 0.7483 0.8534 0.8604
1.8700 -0.0747 0.7625 0.8636 0.8702
1.8800 -0.0678 0.7763 0.8734 0.8797
1.8900 -0.0613 0.7897 0.8830 0.8889
1.9000 -0.0551 0.8028 0.8922 0.8977
1.9100 -0.0491 0.8155 0.9011 0.9062
1.9200 -0.0433 0.8278 0.9097 0.9144
1.9300 -0.0377 0.8397 0.9179 0.9222
1.9400 -0.0323 0.8512 0.9258 0.9297
1.9500 -0.0272 0.8623 0.9333 0.9368
1.9600 -0.0222 0.8729 0.9405 0.9436
1.9700 -0.0174 0.8832 0.9473 0.9500
1.9800 -0.0128 0.8930 0.9537 0.9560
1.9900 -0.0084 0.9024 0.9597 0.9616
2.0000 -0.0042 0.9114 0.9653 0.9668
2.0100 -0.0002 0.9199 0.9705 0.9717
2.0200 0.0036 0.9280 0.9754 0.9762
2.0300 0.0073 0.9356 0.9798 0.9803
2.0400 0.0107 0.9429 0.9837 0.9840
2.0500 0.0139 0.9496 0.9873 0.9873
2.0600 0.0170 0.9560 0.9904 0.9902
2.0700 0.0198 0.9619 0.9931 0.9927
2.0800 0.0225 0.9673 0.9954 0.9948
2.0900 0.0251 0.9724 0.9972 0.9965
2.1000 0.0275 0.9769 0.9985 0.9978
2.1100 0.0298 0.9811 0.9994 0.9987
2.1200 0.0320 0.9848 0.9999 0.9992
2.1300 0.0340 0.9881 0.9999 0.9993
2.1400 0.0361 0.9909 0.9994 0.9990
2.1500 0.0380 0.9933 0.9985 0.9982
2.1600 0.0400 0.9953 0.9972 0.9971
2.1700 0.0419 0.9968 0.9954 0.9955
2.1800 0.0438 0.9979 0.9931 0.9935
2.1900 0.0458 0.9985 0.9904 0.9911
2.2000 0.0478 0.9987 0.9873 0.9883
2.2100 0.0499 0.9984 0.9838 0.9851
2.2200 0.0521 0.9977 0.9798 0.9815
2.2300 0.0544 0.9966 0.9754 0.9774
2.2400 0.0569 0.9950 0.9706 0.9730
2.2500 0.0594 0.9929 0.9654 0.9682
2.2600 0.0622 0.9904 0.9598 0.9629
2.2700 0.0651 0.9874 0.9538 0.9573
2.2800 0.0682 0.9839 0.9474 0.9513
2.2900 0.0715 0.9800 0.9407 0.9449
2.3000 0.0749 0.9756 0.9335 0.9381
2.3100 0.0786 0.9708 0.9260 0.9310
2.3200 0.0825 0.9655 0.9182 0.9235
2.3300 0.0866 0.9597 0.9100 0.9157
2.3400 0.0909 0.9534 0.9014 0.9075
2.3500 0.0954 0.9466 0.8926 0.8990
2.3600 0.1001 0.9394 0.8834 0.8902
2.3700 0.1049 0.9317 0.8738 0.8810
2.3800 0.1099 0.9236 0.8640 0.8715
2.3900 0.1150 0.9149 0.8539 0.8618
2.4000 0.1202 0.9058 0.8434 0.8517
2.4100 0.1255 0.8963 0.8327 0.8414
2.4200 0.1309 0.8862 0.8217 0.8308
2.4300 0.1362 0.8758 0.8104 0.8200
2.4400 0.1416 0.8649 0.7988 0.8088
2.4500 0.1469 0.8535 0.7869 0.7975
2.4600 0.1521 0.8417 0.7748 0.7859
2.4700 0.1572 0.8295 0.7625 0.7740
2.4800 0.1622 0.8169 0.7499 0.7620
2.4900 0.1669 0.8039 0.7371 0.7497
2.5000 0.1713 0.7905 0.7241 0.7373
2.5100 0.1755 0.7768 0.7108 0.7246
2.5200 0.1792 0.7626 0.6974 0.7118
2.5300 0.1826 0.7482 0.6837 0.6988
2.5400 0.1856 0.7334 0.6699 0.6856
2.5500 0.1880 0.7183 0.6559 0.6723
2.5600 0.1900 0.7030 0.6418 0.6588
2.5700 0.1913 0.6873 0.6275 0.6453
2.5800 0.1921 0.6715 0.6131 0.6316
2.5900 0.1923 0.6554 0.5986 0.6178
2.6000 0.1918 0.6390 0.5840 0.6040
2.6100 0.1907 0.6225 0.5694 0.5900
2.6200 0.1889 0.6059 0.5546 0.5760
2.6300 0.1865 0.5891 0.5398 0.5620
2.6400 0.1835 0.5721 0.5250 0.5479
2.6500 0.1799 0.5551 0.5102 0.5339
2.6600 0.1757 0.5379 0.4953 0.5198
2.6700 0.1710 0.5208 0.4805 0.5057
2.6800 0.1659 0.5035 0.4657 0.4917
2.6900 0.1604 0.4863 0.4510 0.4777
2.7000 0.1548 0.4690 0.4363 0.4637
2.7100 0.1490 0.4517 0.4217 0.4498
2.7200 0.1434 0.4345 0.4072 0.4360
2.7300 0.1380 0.4174 0.3928 0.4222
2.7400 0.1330 0.4002 0.3785 0.4086
2.7500 0.1288 0.3832 0.3643 0.3951
2.7600 0.1254 0.3663 0.3503 0.3816
2.7700 0.1232 0.3494 0.3364 0.3684
2.7800 0.1223 0.3327 0.3227 0.3552
2.7900 0.1232 0.3162 0.3092 0.3422
2.8000 0.1260 0.2997 0.2959 0.3293
2.8100 0.1310 0.2834 0.2827 0.3166
2.8200 0.1385 0.2673 0.2698 0.3041
2.8300 0.1487 0.2513 0.2570 0.2918
2.8400 0.1618 0.2356 0.2445 0.2796
2.8500 0.1780 0.2200 0.2322 0.2677
2.8600 0.1974 0.2046 0.2202 0.2560
2.8700 0.2202 0.1893 0.2084 0.2445
2.8800 0.2462 0.1743 0.1968 0.2332
2.8900 0.2756 0.1595 0.1855 0.2221
2.9000 0.3081 0.1449 0.1745 0.2114
2.9100 0.3437 0.1304 0.1637 0.2009
2.9200 0.3820 0.1162 0.1532 0.1906
2.9300 0.4228 0.1023 0.1430 0.1807
2.9400 0.4655 0.0885 0.1331 0.1710
2.9500 0.5098 0.0749 0.1235 0.1617
2.9600 0.5552 0.0616 0.1141 0.1526
2.9700 0.6010 0.0484 0.1051 0.1439
2.9800 0.6466 0.0355 0.0964 0.1356
2.9900 0.6915 0.0228 0.0881 0.1276
3.0000 0.7348 0.0104 0.0801 0.1199
3.0100 0.7759 -0.0018 0.0724 0.1126
3.0200 0.8143 -0.0138 0.0651 0.1057
3.0300 0.8492 -0.0256 0.0581 0.0991
3.0400 0.8801 -0.0371 0.0516 0.0930
3.0500 0.9065 -0.0484 0.0454 0.0872
3.0600 0.9279 -0.0594 0.0396 0.0818
3.0700 0.9440 -0.0701 0.0342 0.0768
3.0800 0.9546 -0.0806 0.0292 0.0722
3.0900 0.9593 -0.0909 0.0246 0.0680
3.1000 0.9583 -0.1008 0.0205 0.0642
3.1100 0.9514 -0.1104 0.0168 0.0608
3.1200 0.9390 -0.1198 0.0135 0.0579
3.1300 0.9211 -0.1288 0.0107 0.0553
3.1400 0.8981 -0.1375 0.0083 0.0531
3.1500 0.8705 -0.1459 0.0063 0.0513
3.1600 0.8386 -0.1539 0.0049 0.0500
3.1700 0.8030 -0.1615 0.0039 0.0490
3.1800 0.7643 -0.1688 0.0033 0.0484
3.1900 0.7231 -0.1756 0.0032 0.0483
3.2000 0.6798 -0.1821 0.0036 0.0485
3.2100 0.6352 -0.1881 0.0044 0.0492
3.2200 0.5898 -0.1937 0.0057 0.0503
3.2300 0.5441 -0.1989 0.0075 0.0517
3.2400 0.4987 -0.2035 0.0096 0.0536
3.2500 0.4540 -0.2077 0.0123 0.0559
3.2600 0.4103 -0.2114 0.0154 0.0586
3.2700 0.3681 -0.2146 0.0189 0.0616
3.2800 0.3276 -0.2172 0.0228 0.0651
3.2900 0.2890 -0.2193 0.0272 0.0690
3.3000 0.2525 -0.2209 0.0320 0.0733
3.3100 0.2182 -0.2218 0.0372 0.0780
3.3200 0.1861 -0.2223 0.0428 0.0831
3.3300 0.1563 -0.2221 0.0487 0.0886
3.3400 0.1287 -0.2213 0.0551 0.0945
3.3500 0.1032 -0.2200 0.0618 0.1008
3.3600 0.0798 -0.2180 0.0689 0.1074
3.3700 0.0583 -0.2154 0.0763 0.1144
3.3800 0.0385 -0.2122 0.0841 0.1218
3.3900 0.0205 -0.2085 0.0923 0.1296
3.4000 0.0039 -0.2041 0.1007 0.1377
3.4100 -0.0112 -0.1991 0.1095 0.1462
3.4200 -0.0251 -0.1934 0.1186 0.1549
3.4300 -0.0379 -0.1872 0.1281 0.1641
3.4400 -0.0496 -0.1804 0.1378 0.1735
3.4500 -0.0604 -0.1730 0.1478 0.1832
3.4600 -0.0704 -0.1650 0.1581 0.1932
3.4700 -0.0795 -0.1565 0.1687 0.2036
3.4800 -0.0880 -0.1474 0.1796 0.2141
3.4900 -0.0958 -0.1377 0.1907 0.2250
3.5000 -0.1029 -0.1276 0.2021 0.2361
3.5100 -0.1094 -0.1169 0.2138 0.2474
3.5200 -0.1153 -0.1057 0.2257 0.2590
3.5300 -0.1207 -0.0940 0.2378 0.2708
3.5400 -0.1255 -0.0819 0.2502 0.2828
3.5500 -0.1297 -0.0693 0.2628 0.2950
3.5600 -0.1335 -0.0563 0.2757 0.3073
3.5700 -0.1367 -0.0429 0.2887 0.3199
3.5800 -0.1394 -0.0291 0.3020 0.3326
3.5900 -0.1416 -0.0150 0.3155 0.3455
3.6000 -0.1433 -0.0005 0.3291 0.3586
3.6100 -0.1446 0.0143 0.3429 0.3718
3.6200 -0.1455 0.0294 0.3569 0.3851
3.6300 -0.1459 0.0448 0.3710 0.3986
3.6400 -0.1460 0.0604 0.3853 0.4121
3.6500 -0.1457 0.0762 0.3996 0.4258
3.6600 -0.1451 0.0923 0.4141 0.4396
3.6700 -0.1442 0.1085 0.4287 0.4534
3.6800 -0.1431 0.1250 0.4434 0.4673
3.6900 -0.1417 0.1415 0.4581 0.4813
3.7000 -0.1402 0.1582 0.4729 0.4953
3.7100 -0.1385 0.1750 0.4877 0.5094
3.7200 -0.1367 0.1919 0.5025 0.5234
3.7300 -0.1348 0.2089 0.5174 0.5375
3.7400 -0.1329 0.2259 0.5322 0.5516
3.7500 -0.1310 0.2430 0.5470 0.5656
3.7600 -0.1291 0.2601 0.5617 0.5796
3.7700 -0.1272 0.2772 0.5764 0.5936
3.7800 -0.1254 0.2944 0.5910 0.6075
3.7900 -0.1237 0.3115 0.6055 0.6213
3.8000 -0.1221 0.3286 0.6200 0.6350
3.8100 -0.1207 0.3457 0.6342 0.6487
3.8200 -0.1194 0.3628 0.6484 0.6622
3.8300 -0.1183 0.3798 0.6624 0.6756
3.8400 -0.1173 0.3967 0.6763 0.6888
3.8500 -0.1165 0.4136 0.6900 0.7019
3.8600 -0.1160 0.4305 0.7035 0.7149
3.8700 -0.1156 0.4472 0.7168 0.7277
3.8800 -0.1154 0.4639 0.7299 0.7402
3.8900 -0.1154 0.4805 0.7428 0.7526
3.9000 -0.1155 0.4970 0.7554 0.7648
3.9100 -0.1159 0.5134 0.7679 0.7768
3.9200 -0.1164 0.5297 0.7801 0.7886
3.9300 -0.1170 0.5459 0.7921 0.8001
3.9400 -0.1178 0.5619 0.8038 0.8114
3.9500 -0.1188 0.5779 0.8152 0.8225
3.9600 -0.1198 0.5937 0.8264 0.8332
3.9700 -0.1209 0.6094 0.8373 0.8438
3.9800 -0.1221 0.6249 0.8479 0.8540
3.9900 -0.1233 0.6403 0.8582 0.8640
4.0000 -0.1245 0.6555 0.8682 0.8737
4.0100 -0.1257 0.6706 0.8779 0.8831
4.0200 -0.1269 0.6855 0.8873 0.8922
4.0300 -0.1281 0.7001 0.8964 0.9010
4.0400 -0.1291 0.7146 0.9051 0.9094
4.0500 -0.1301 0.7289 0.9135 0.9175
4.0600 -0.1310 0.7430 0.9216 0.9253
4.0700 -0.1317 0.7568 0.9293 0.9327
4.0800 -0.1322 0.7704 0.9367 0.9397
4.0900 -0.1326 0.7837 0.9437 0.9464
4.1000 -0.1328 0.7968 0.9503 0.9527
4.1100 -0.1327 0.8096 0.9565 0.9587
4.1200 -0.1324 0.8220 0.9624 0.9642
4.1300 -0.1319 0.8342 0.9678 0.9694
4.1400 -0.1311 0.8461 0.9728 0.9741
4.1500 -0.1300 0.8576 0.9774 0.9785
4.1600 -0.1287 0.8687 0.9816 0.9824
4.1700 -0.1271 0.8795 0.9854 0.9859
4.1800 -0.1253 0.8899 0.9888 0.9890
4.1900 -0.1232 0.8999 0.9917 0.9918
4.2000 -0.1208 0.9095 0.9942 0.9940
4.2100 -0.1183 0.9187 0.9962 0.9959
4.2200 -0.1155 0.9275 0.9978 0.9974
4.2300 -0.1126 0.9357 0.9989 0.9984
4.2400 -0.1095 0.9436 0.9996 0.9991
4.2500 -0.1064 0.9509 0.9998 0.9993
4.2600 -0.1032 0.9578 0.9996 0.9991
4.2700 -0.1001 0.9641 0.9989 0.9985
4.2800 -0.0971 0.9700 0.9978 0.9975
4.2900 -0.0942 0.9753 0.9962 0.9961
4.3000 -0.0916 0.9801 0.9942 0.9943
4.3100 -0.0894 0.9844 0.9917 0.9920
4.3200 -0.0877 0.9882 0.9888 0.9894
4.3300 -0.0865 0.9914 0.9855 0.9864
4.3400 -0.0859 0.9941 0.9818 0.9830
4.3500 -0.0862 0.9962 0.9776 0.9792
4.3600 -0.0873 0.9978 0.9730 0.9750
4.3700 -0.0894 0.9988 0.9680 0.9704
4.3800 -0.0927 0.9993 0.9626 0.9654
4.3900 -0.0971 0.9993 0.9568 0.9601
4.4000 -0.1027 0.9987 0.9507 0.9543
4.4100 -0.1097 0.9976 0.9441 0.9482
4.4200 -0.1181 0.9959 0.9372 0.9417
4.4300 -0.1279 0.9937 0.9299 0.9349
4.4400 -0.1390 0.9910 0.9222 0.9277
4.4500 -0.1515 0.9878 0.9142 0.9201
4.4600 -0.1653 0.9841 0.9059 0.9122
4.4700 -0.1803 0.9799 0.8972 0.9039
4.4800 -0.1964 0.9752 0.8881 0.8953
4.4900 -0.2135 0.9700 0.8788 0.8863
4.5000 -0.2313 0.9644 0.8691 0.8771
4.5100 -0.2497 0.9583 0.8591 0.8675
4.5200 -0.2685 0.9518 0.8488 0.8576
4.5300 -0.2874 0.9448 0.8383 0.8474
4.5400 -0.3061 0.9374 0.8274 0.8370
4.5500 -0.3244 0.9296 0.8162 0.8263
4.5600 -0.3421 0.9214 0.8048 0.8153
4.5700 -0.3589 0.9128 0.7931 0.8040
4.5800 -0.3745 0.9038 0.7811 0.7925
4.5900 -0.3888 0.8945 0.7689 0.7808
4.6000 -0.4015 0.8848 0.7564 0.7689
4.6100 -0.4124 0.8747 0.7437 0.7568
4.6200 -0.4215 0.8643 0.7308 0.7444
4.6300 -0.4286 0.8536 0.7176 0.7319
4.6400 -0.4336 0.8426 0.7042 0.7192
4.6500 -0.4366 0.8312 0.6907 0.7063
4.6600 -0.4375 0.8195 0.6769 0.6933
4.6700 -0.4363 0.8076 0.6630 0.6801
4.6800 -0.4332 0.7953 0.6490 0.6668
4.6900 -0.4283 0.7828 0.6348 0.6533
4.7000 -0.4217 0.7700 0.6204 0.6398
4.7100 -0.4135 0.7569 0.6060 0.6261
4.7200 -0.4040 0.7436 0.5914 0.6124
4.7300 -0.3933 0.7300 0.5768 0.5985
4.7400 -0.3816 0.7161 0.5621 0.5846
4.7500 -0.3691 0.7020 0.5473 0.5707
4.7600 -0.3560 0.6877 0.5325 0.5566
4.7700 -0.3425 0.6731 0.5176 0.5426
4.7800 -0.3287 0.6583 0.5028 0.5285
4.7900 -0.3148 0.6433 0.4880 0.5144
4.8000 -0.3009 0.6280 0.4732 0.5003
4.8100 -0.2871 0.6125 0.4584 0.4862
4.8200 -0.2735 0.5968 0.4437 0.4721
4.8300 -0.2602 0.5809 0.4291 0.4581
4.8400 -0.2472 0.5649 0.4145 0.4442
4.8500 -0.2346 0.5486 0.4001 0.4303
4.8600 -0.2223 0.5321 0.3857 0.4165
4.8700 -0.2103 0.5155 0.3715 0.4028
4.8800 -0.1987 0.4988 0.3574 0.3892
4.8900 -0.1874 0.4818 0.3435 0.3757
4.9000 -0.1764 0.4648 0.3297 0.3624
4.9100 -0.1656 0.4476 0.3161 0.3492
4.9200 -0.1551 0.4303 0.3027 0.3362
4.9300 -0.1448 0.4129 0.2895 0.3233
4.9400 -0.1346 0.3954 0.2764 0.3107
4.9500 -0.1246 0.3779 0.2636 0.2982
4.9600 -0.1147 0.3603 0.2510 0.2860
4.9700 -0.1050 0.3427 0.2386 0.2739
4.9800 -0.0953 0.3251 0.2264 0.2621
4.9900 -0.0857 0.3074 0.2145 0.2505
5.0000 -0.0763 0.2898 0.2028 0.2392
5.0100 -0.0669 0.2723 0.1913 0.2281
5.0200 -0.0577 0.2548 0.1801 0.2173
5.0300 -0.0487 0.2374 0.1692 0.2068
5.0400 -0.0398 0.2201 0.1586 0.1965
5.0500 -0.0311 0.2029 0.1482 0.1865
5.0600 -0.0226 0.1859 0.1381 0.1768
5.0700 -0.0143 0.1691 0.1283 0.1673
5.0800 -0.0063 0.1524 0.1188 0.1582
5.0900 0.0015 0.1360 0.1096 0.1494
5.1000 0.0090 0.1198 0.1008 0.1409
5.1100 0.0162 0.1039 0.0922 0.1327
5.1200 0.0231 0.0883 0.0840 0.1249
5.1300 0.0298 0.0730 0.0762 0.1174
5.1400 0.0361 0.0580 0.0687 0.1102
5.1500 0.0421 0.0433 0.0615 0.1034
5.1600 0.0479 0.0291 0.0548 0.0970
5.1700 0.0534 0.0152 0.0484 0.0909
5.1800 0.0587 0.0017 0.0424 0.0852
5.1900 0.0637 -0.0113 0.0368 0.0799
5.2000 0.0686 -0.0240 0.0316 0.0750
5.2100 0.0733 -0.0361 0.0268 0.0705
5.2200 0.0778 -0.0478 0.0224 0.0664
5.2300 0.0822 -0.0590 0.0185 0.0627
5.2400 0.0866 -0.0698 0.0150 0.0594
5.2500 0.0909 -0.0800 0.0120 0.0565
5.2600 0.0952 -0.0898 0.0094 0.0540
5.2700 0.0995 -0.0990 0.0073 0.0520
5.2800 0.1039 -0.1077 0.0056 0.0504
5.2900 0.1085 -0.1159 0.0043 0.0492
5.3000 0.1131 -0.1235 0.0036 0.0484
5.3100 0.1180 -0.1307 0.0033 0.0481
5.3200 0.1231 -0.1373 0.0034 0.0481
5.3300 0.1284 -0.1434 0.0040 0.0486
5.3400 0.1340 -0.1490 0.0051 0.0495
5.3500 0.1399 -0.1540 0.0066 0.0509
5.3600 0.1462 -0.1586 0.0086 0.0526
5.3700 0.1528 -0.1627 0.0110 0.0547
5.3800 0.1598 -0.1662 0.0139 0.0573
5.3900 0.1672 -0.1693 0.0172 0.0602
5.4000 0.1749 -0.1719 0.0210 0.0636
5.4100 0.1831 -0.1740 0.0251 0.0673
5.4200 0.1916 -0.1757 0.0297 0.0714
5.4300 0.2006 -0.1769 0.0347 0.0759
5.4400 0.2099 -0.1777 0.0400 0.0808
5.4500 0.2195 -0.1781 0.0458 0.0861
5.4600 0.2295 -0.1780 0.0520 0.0917
5.4700 0.2398 -0.1775 0.0585 0.0977
5.4800 0.2504 -0.1767 0.0654 0.1040
5.4900 0.2611 -0.1754 0.0726 0.1108
5.5000 0.2721 -0.1737 0.0802 0.1179
5.5100 0.2831 -0.1717 0.0882 0.1253
5.5200 0.2941 -0.1693 0.0965 0.1331
5.5300 0.3052 -0.1666 0.1051 0.1412
5.5400 0.3161 -0.1635 0.1140 0.1497
5.5500 0.3268 -0.1601 0.1232 0.1585
5.5600 0.3373 -0.1563 0.1328 0.1676
5.5700 0.3474 -0.1522 0.1426 0.1771
5.5800 0.3571 -0.1478 0.1528 0.1869
5.5900 0.3662 -0.1431 0.1632 0.1970
5.6000 0.3747 -0.1380 0.1739 0.2073
5.6100 0.3824 -0.1326 0.1849 0.2180
5.6200 0.3894 -0.1269 0.1962 0.2289
5.6300 0.3954 -0.1210 0.2077 0.2401
5.6400 0.4004 -0.1146 0.2195 0.2516
5.6500 0.4043 -0.1080 0.2315 0.2633
5.6600 0.4071 -0.1011 0.2438 0.2752
5.6700 0.4086 -0.0938 0.2563 0.2874
5.6800 0.4088 -0.0863 0.2691 0.2998
5.6900 0.4077 -0.0784 0.2820 0.3123
5.7000 0.4051 -0.0702 0.2952 0.3251
5.7100 0.4012 -0.0616 0.3085 0.3380
5.7200 0.3958 -0.0528 0.3221 0.3510
5.7300 0.3890 -0.0436 0.3358 0.3642
5.7400 0.3808 -0.0341 0.3497 0.3776
5.7500 0.3713 -0.0242 0.3638 0.3910
5.7600 0.3605 -0.0140 0.3780 0.4046
5.7700 0.3485 -0.0035 0.3923 0.4182
5.7800 0.3355 0.0074 0.4068 0.4320
5.7900 0.3216 0.0186 0.4213 0.4458
5.8000 0.3069 0.0302 0.4359 0.4597
5.8100 0.2917 0.0421 0.4506 0.4736
5.8200 0.2762 0.0544 0.4654 0.4876
5.8300 0.2607 0.0670 0.4802 0.5016
5.8400 0.2454 0.0799 0.4950 0.5156
5.8500 0.2307 0.0932 0.5099 0.5296
5.8600 0.2168 0.1068 0.5247 0.5436
5.8700 0.2041 0.1208 0.5395 0.5576
5.8800 0.1930 0.1350 0.5542 0.5716
5.8900 0.1837 0.1496 0.5690 0.5855
5.9000 0.1766 0.1645 0.5836 0.5994
5.9100 0.1721 0.1797 0.5981 0.6133
5.9200 0.1705 0.1951 0.6126 0.6270
5.9300 0.1719 0.2108 0.6269 0.6407
5.9400 0.1767 0.2268 0.6412 0.6543
5.9500 0.1851 0.2430 0.6552 0.6677
5.9600 0.1971 0.2595 0.6691 0.6811
5.9700 0.2128 0.2761 0.6829 0.6943
5.9800 0.2323 0.2930 0.6965 0.7074
5.9900 0.2555 0.3100 0.7099 0.7203
6.0000 0.2821 0.3272 0.7231 0.7330
6.0100 0.3120 0.3445 0.7361 0.7456
6.0200 0.3449 0.3619 0.7489 0.7579
6.0300 0.3804 0.3794 0.7614 0.7700
6.0400 0.4180 0.3969 0.7737 0.7820
6.0500 0.4572 0.4145 0.7858 0.7936
6.0600 0.4974 0.4322 0.7976 0.8051
6.0700 0.5380 0.4498 0.8092 0.8163
6.0800 0.5784 0.4674 0.8205 0.8272
6.0900 0.6179 0.4850 0.8316 0.8378
6.1000 0.6558 0.5025 0.8423 0.8482
6.1100 0.6916 0.5200 0.8528 0.8583
6.1200 0.7246 0.5373 0.8630 0.8681
6.1300 0.7542 0.5545 0.8729 0.8776
6.1400 0.7799 0.5716 0.8824 0.8868
6.1500 0.8013 0.5885 0.8917 0.8957
6.1600 0.8181 0.6052 0.9006 0.9042
6.1700 0.8299 0.6216 0.9092 0.9124
6.1800 0.8366 0.6379 0.9175 0.9203
6.1900 0.8382 0.6540 0.9254 0.9279
6.2000 0.8346 0.6697 0.9329 0.9351
6.2100 0.8261 0.6853 0.9401 0.9419
6.2200 0.8127 0.7005 0.9469 0.9484
6.2300 0.7948 0.7154 0.9534 0.9546
6.2400 0.7727 0.7300 0.9594 0.9603
6.2500 0.7469 0.7443 0.9651 0.9657
6.2600 0.7178 0.7583 0.9703 0.9708
6.2700 0.6859 0.7719 0.9751 0.9754
6.2800 0.6517 0.7852 0.9796 0.9797
6.2900 0.6157 0.7981 0.9836 0.9835
6.3000 0.5785 0.8106 0.9871 0.9870
6.3100 0.5405 0.8228 0.9903 0.9900
6.3200 0.5022 0.8346 0.9930 0.9927
6.3300 0.4639 0.8460 0.9952 0.9949
6.3400 0.4261 0.8571 0.9970 0.9967
6.3500 0.3891 0.8677 0.9984 0.9981
6.3600 0.3532 0.8779 0.9993 0.9991
6.3700 0.3184 0.8878 0.9997 0.9996
6.3800 0.2851 0.8972 0.9997 0.9997
6.3900 0.2534 0.9063 0.9993 0.9994
6.4000 0.2231 0.9149 0.9984 0.9987
6.4100 0.1945 0.9231 0.9971 0.9975
6.4200 0.1675 0.9310 0.9953 0.9960
6.4300 0.1420 0.9384 0.9930 0.9940
6.4400 0.1179 0.9454 0.9904 0.9916
6.4500 0.0953 0.9520 0.9873 0.9887
6.4600 0.0739 0.9581 0.9837 0.9855
6.4700 0.0537 0.9639 0.9798 0.9819
6.4800 0.0346 0.9692 0.9754 0.9778
6.4900 0.0165 0.9741 0.9707 0.9734
6.5000 -0.0008 0.9786 0.9655 0.9686
6.5100 -0.0171 0.9827 0.9599 0.9634
6.5200 -0.0327 0.9863 0.9539 0.9578
6.5300 -0.0476 0.9895 0.9476 0.9518
6.5400 -0.0618 0.9922 0.9408 0.9455
6.5500 -0.0753 0.9945 0.9337 0.9388
6.5600 -0.0882 0.9963 0.9263 0.9318
6.5700 -0.1004 0.9977 0.9185 0.9244
6.5800 -0.1119 0.9986 0.9103 0.9167
6.5900 -0.1227 0.9991 0.9018 0.9086
6.6000 -0.1329 0.9991 0.8929 0.9002
6.6100 -0.1423 0.9986 0.8838 0.8914
6.6200 -0.1510 0.9976 0.8743 0.8824
6.6300 -0.1589 0.9961 0.8644 0.8730
6.6400 -0.1661 0.9942 0.8543 0.8633
6.6500 -0.1724 0.9917 0.8439 0.8533
6.6600 -0.1781 0.9888 0.8331 0.8431
6.6700 -0.1829 0.9853 0.8221 0.8325
6.6800 -0.1869 0.9814 0.8108 0.8217
6.6900 -0.1902 0.9769 0.7992 0.8106
6.7000 -0.1928 0.9720 0.7874 0.7992
6.7100 -0.1946 0.9665 0.7753 0.7876
6.7200 -0.1958 0.9605 0.7629 0.7758
6.7300 -0.1964 0.9541 0.7503 0.7638
6.7400 -0.1964 0.9471 0.7375 0.7515
6.7500 -0.1958 0.9396 0.7244 0.7390
6.7600 -0.1948 0.9316 0.7112 0.7264
6.7700 -0.1934 0.9231 0.6977 0.7136
6.7800 -0.1916 0.9141 0.6840 0.7006
6.7900 -0.1895 0.9046 0.6702 0.6874
6.8000 -0.1872 0.8946 0.6562 0.6741
6.8100 -0.1846 0.8842 0.6420 0.6607
6.8200 -0.1820 0.8733 0.6278 0.6472
6.8300 -0.1793 0.8620 0.6134 0.6336
6.8400 -0.1767 0.8502 0.5988 0.6199
6.8500 -0.1740 0.8381 0.5842 0.6061
6.8600 -0.1715 0.8255 0.5695 0.5923
6.8700 -0.1691 0.8125 0.5548 0.5784
6.8800 -0.1670 0.7991 0.5400 0.5645
6.8900 -0.1650 0.7853 0.5252 0.5505
6.9000 -0.1633 0.7713 0.5103 0.5365
6.9100 -0.1619 0.7568 0.4955 0.5225
6.9200 -0.1609 0.7421 0.4807 0.5085
6.9300 -0.1602 0.7271 0.4659 0.4945
6.9400 -0.1598 0.7118 0.4512 0.4805
6.9500 -0.1598 0.6963 0.4365 0.4666
6.9600 -0.1601 0.6805 0.4220 0.4527
6.9700 -0.1608 0.6645 0.4075 0.4389
6.9800 -0.1619 0.6483 0.3931 0.4251
6.9900 -0.1633 0.6320 0.3788 0.4114
7.0000 -0.1651 0.6155 0.3647 0.3978
7.0100 -0.1672 0.5988 0.3507 0.3843
7.0200 -0.1695 0.5820 0.3368 0.3708
7.0300 -0.1722 0.5652 0.3231 0.3576
7.0400 -0.1750 0.5483 0.3096 0.3444
7.0500 -0.1781 0.5313 0.2963 0.3314
7.0600 -0.1813 0.5142 0.2831 0.3186
7.0700 -0.1846 0.4971 0.2702 0.3059
7.0800 -0.1880 0.4801 0.2575 0.2935
7.0900 -0.1914 0.4630 0.2450 0.2812
7.1000 -0.1948 0.4459 0.2327 0.2691
7.1100 -0.1982 0.4289 0.2206 0.2573
7.1200 -0.2014 0.4119 0.2088 0.2457
7.1300 -0.2044 0.3950 0.1972 0.2344
7.1400 -0.2073 0.3781 0.1859 0.2233
7.1500 -0.2098 0.3613 0.1748 0.2125
7.1600 -0.2121 0.3446 0.1640 0.2020
7.1700 -0.2140 0.3280 0.1535 0.1918
7.1800 -0.2155 0.3115 0.1432 0.1818
7.1900 -0.2166 0.2951 0.1333 0.1722
7.2000 -0.2172 0.2788 0.1236 0.1629
7.2100 -0.2173 0.2627 0.1143 0.1540
7.2200 -0.2169 0.2467 0.1052 0.1453
7.2300 -0.2159 0.2308 0.0965 0.1370
7.2400 -0.2143 0.2150 0.0881 0.1291
7.2500 -0.2121 0.1994 0.0801 0.1214
7.2600 -0.2093 0.1840 0.0724 0.1142
7.2700 -0.2060 0.1687 0.0650 0.1073
7.2800 -0.2020 0.1535 0.0581 0.1007
7.2900 -0.1975 0.1385 0.0515 0.0945
7.3000 -0.1924 0.1237 0.0453 0.0887
7.3100 -0.1867 0.1090 0.0395 0.0833
7.3200 -0.1806 0.0945 0.0341 0.0782
7.3300 -0.1741 0.0802 0.0291 0.0735
7.3400 -0.1672 0.0661 0.0245 0.0692
7.3500 -0.1601 0.0521 0.0204 0.0653
7.3600 -0.1527 0.0383 0.0167 0.0617
7.3700 -0.1452 0.0248 0.0135 0.0586
7.3800 -0.1377 0.0114 0.0107 0.0559
7.3900 -0.1303 -0.0018 0.0083 0.0535
7.4000 -0.1231 -0.0147 0.0064 0.0516
7.4100 -0.1163 -0.0274 0.0050 0.0501
7.4200 -0.1100 -0.0398 0.0040 0.0490
7.4300 -0.1043 -0.0521 0.0035 0.0483
7.4400 -0.0994 -0.0640 0.0034 0.0480
7.4500 -0.0954 -0.0757 0.0038 0.0482
7.4600 -0.0925 -0.0870 0.0047 0.0488
7.4700 -0.0908 -0.0981 0.0060 0.0498
7.4800 -0.0904 -0.1089 0.0077 0.0512
7.4900 -0.0914 -0.1193 0.0100 0.0531
7.5000 -0.0939 -0.1294 0.0126 0.0553
7.5100 -0.0979 -0.1391 0.0157 0.0580
7.5200 -0.1037 -0.1484 0.0192 0.0612
7.5300 -0.1110 -0.1573 0.0232 0.0647
7.5400 -0.1199 -0.1658 0.0275 0.0686
7.5500 -0.1305 -0.1739 0.0323 0.0730
7.5600 -0.1425 -0.1815 0.0375 0.0777
7.5700 -0.1559 -0.1887 0.0430 0.0829
7.5800 -0.1706 -0.1954 0.0490 0.0884
7.5900 -0.1864 -0.2016 0.0553 0.0943
7.6000 -0.2031 -0.2073 0.0620 0.1005
7.6100 -0.2204 -0.2124 0.0691 0.1072
7.6200 -0.2382 -0.2170 0.0765 0.1142
7.6300 -0.2562 -0.2211 0.0842 0.1215
7.6400 -0.2742 -0.2246 0.0923 0.1292
7.6500 -0.2918 -0.2275 0.1008 0.1372
7.6600 -0.3089 -0.2298 0.1095 0.1455
7.6700 -0.3251 -0.2315 0.1186 0.1542
7.6800 -0.3404 -0.2326 0.1280 0.1632
7.6900 -0.3543 -0.2331 0.1377 0.1724
7.7000 -0.3669 -0.2330 0.1476 0.1820
7.7100 -0.3779 -0.2322 0.1579 0.1919
7.7200 -0.3873 -0.2309 0.1685 0.2020
7.7300 -0.3949 -0.2288 0.1793 0.2124
7.7400 -0.4006 -0.2262 0.1904 0.2231
7.7500 -0.4046 -0.2229 0.2018 0.2341
7.7600 -0.4069 -0.2191 0.2135 0.2453
7.7700 -0.4074 -0.2145 0.2254 0.2567
7.7800 -0.4063 -0.2094 0.2376 0.2684
7.7900 -0.4037 -0.2037 0.2500 0.2804
7.8000 -0.3996 -0.1974 0.2626 0.2925
7.8100 -0.3944 -0.1904 0.2754 0.3049
7.8200 -0.3880 -0.1829 0.2885 0.3174
7.8300 -0.3807 -0.1749 0.3018 0.3302
7.8400 -0.3727 -0.1663 0.3152 0.3431
7.8500 -0.3640 -0.1571 0.3289 0.3562
7.8600 -0.3548 -0.1475 0.3427 0.3694
7.8700 -0.3452 -0.1373 0.3567 0.3828
7.8800 -0.3354 -0.1267 0.3709 0.3963
7.8900 -0.3254 -0.1156 0.3851 0.4100
7.9000 -0.3153 -0.1040 0.3995 0.4237
7.9100 -0.3052 -0.0920 0.4140 0.4375
7.9200 -0.2950 -0.0797 0.4286 0.4514
7.9300 -0.2849 -0.0669 0.4433 0.4654
7.9400 -0.2749 -0.0538 0.4581 0.4794
7.9500 -0.2648 -0.0403 0.4728 0.4934
7.9600 -0.2548 -0.0266 0.4876 0.5075
7.9700 -0.2448 -0.0125 0.5025 0.5215
7.9800 -0.2347 0.0019 0.5173 0.5356
7.9900 -0.2245 0.0165 0.5321 0.5497
8.0000 -0.2143 0.0313 0.5469 0.5637
8.0100 -0.2039 0.0464 0.5616 0.5776
8.0200 -0.1934 0.0616 0.5763 0.5916
8.0300 -0.1828 0.0771 0.5909 0.6054
8.0400 -0.1720 0.0927 0.6054 0.6192
8.0500 -0.1610 0.1085 0.6197 0.6329
8.0600 -0.1499 0.1244 0.6340 0.6465
8.0700 -0.1387 0.1404 0.6481 0.6600
8.0800 -0.1273 0.1565 0.6621 0.6734
8.0900 -0.1158 0.1727 0.6760 0.6866
8.1000 -0.1043 0.1890 0.6896 0.6998
8.1100 -0.0927 0.2053 0.7031 0.7127
8.1200 -0.0812 0.2218 0.7164 0.7255
8.1300 -0.0697 0.2382 0.7295 0.7382
8.1400 -0.0584 0.2547 0.7424 0.7506
8.1500 -0.0472 0.2712 0.7550 0.7629
8.1600 -0.0361 0.2878 0.7674 0.7750
8.1700 -0.0253 0.3043 0.7796 0.7868
8.1800 -0.0147 0.3209 0.7916 0.7985
8.1900 -0.0044 0.3374 0.8033 0.8099
8.2000 0.0056 0.3540 0.8148 0.8210
8.2100 0.0153 0.3705 0.8259 0.8319
8.2200 0.0247 0.3871 0.8368 0.8425
8.2300 0.0337 0.4036 0.8475 0.8528
8.2400 0.0425 0.4200 0.8578 0.8629
8.2500 0.0508 0.4365 0.8678 0.8726
8.2600 0.0589 0.4529 0.8776 0.8820
8.2700 0.0667 0.4692 0.8870 0.8911
8.2800 0.0742 0.4855 0.8961 0.8999
8.2900 0.0815 0.5018 0.9049 0.9084
8.3000 0.0885 0.5179 0.9133 0.9164
8.3100 0.0954 0.5341 0.9214 0.9242
8.3200 0.1022 0.5501 0.9292 0.9316
8.3300 0.1088 0.5660 0.9366 0.9386
8.3400 0.1154 0.5819 0.9436 0.9452
8.3500 0.1221 0.5977 0.9502 0.9515
8.3600 0.1288 0.6133 0.9565 0.9574
8.3700 0.1355 0.6288 0.9623 0.9629
8.3800 0.1425 0.6442 0.9678 0.9681
8.3900 0.1496 0.6595 0.9728 0.9728
8.4000 0.1570 0.6746 0.9775 0.9772
8.4100 0.1648 0.6895 0.9817 0.9812
8.4200 0.1728 0.7042 0.9855 0.9848
8.4300 0.1813 0.7188 0.9888 0.9880
8.4400 0.1902 0.7332 0.9917 0.9907
8.4500 0.1996 0.7473 0.9942 0.9931
8.4600 0.2095 0.7612 0.9962 0.9951
8.4700 0.2199 0.7748 0.9978 0.9967
8.4800 0.2308 0.7882 0.9989 0.9979
8.4900 0.2424 0.8013 0.9996 0.9987
8.5000 0.2544 0.8141 0.9998 0.9991
8.5100 0.2671 0.8266 0.9996 0.9990
8.5200 0.2803 0.8387 0.9990 0.9986
8.5300 0.2941 0.8505 0.9978 0.9978
8.5400 0.3084 0.8620 0.9963 0.9965
8.5500 0.3231 0.8730 0.9943 0.9948
8.5600 0.3383 0.8837 0.9918 0.9927
8.5700 0.3539 0.8940 0.9889 0.9902
8.5800 0.3698 0.9038 0.9856 0.9873
8.5900 0.3859 0.9132 0.9819 0.9840
8.6000 0.4022 0.9222 0.9778 0.9802
8.6100 0.4185 0.9307 0.9732 0.9761
8.6200 0.4348 0.9388 0.9682 0.9716
8.6300 0.4510 0.9463 0.9629 0.9666
8.6400 0.4669 0.9534 0.9571 0.9613
8.6500 0.4824 0.9600 0.9509 0.9556
8.6600 0.4974 0.9660 0.9444 0.9495
8.6700 0.5118 0.9716 0.9375 0.9430
8.6800 0.5253 0.9766 0.9302 0.9361
8.6900 0.5380 0.9812 0.9226 0.9289
8.7000 0.5495 0.9852 0.9146 0.9214
8.7100 0.5598 0.9887 0.9063 0.9135
8.7200 0.5688 0.9916 0.8976 0.9052
8.7300 0.5763 0.9940 0.8886 0.8967
8.7400 0.5822 0.9959 0.8793 0.8878
8.7500 0.5863 0.9973 0.8696 0.8785
8.7600 0.5885 0.9982 0.8597 0.8690
8.7700 0.5888 0.9985 0.8494 0.8592
8.7800 0.5871 0.9984 0.8388 0.8491
8.7900 0.5832 0.9977 0.8279 0.8387
8.8000 0.5772 0.9965 0.8168 0.8281
8.8100 0.5690 0.9948 0.8053 0.8172
8.8200 0.5586 0.9927 0.7936 0.8060
8.8300 0.5461 0.9900 0.7816 0.7946
8.8400 0.5314 0.9869 0.7694 0.7829
8.8500 0.5146 0.9834 0.7569 0.7710
8.8600 0.4959 0.9793 0.7441 0.7589
8.8700 0.4755 0.9748 0.7312 0.7466
8.8800 0.4534 0.9699 0.7180 0.7341
8.8900 0.4299 0.9645 0.7046 0.7214
8.9000 0.4052 0.9588 0.6910 0.7085
8.9100 0.3796 0.9526 0.6773 0.6954
8.9200 0.3535 0.9460 0.6633 0.6822
8.9300 0.3271 0.9390 0.6492 0.6688
8.9400 0.3008 0.9316 0.6350 0.6553
8.9500 0.2750 0.9238 0.6207 0.6417
8.9600 0.2501 0.9156 0.6062 0.6280
8.9700 0.2265 0.9071 0.5916 0.6142
8.9800 0.2045 0.8982 0.5770 0.6003
8.9900 0.1847 0.8890 0.5622 0.5863
9.0000 0.1674 0.8794 0.5475 0.5723
9.0100 0.1530 0.8694 0.5327 0.5583
9.0200 0.1417 0.8592 0.5178 0.5442
9.0300 0.1339 0.8485 0.5030 0.5301
9.0400 0.1299 0.8376 0.4882 0.5160
9.0500 0.1297 0.8263 0.4734 0.5019
9.0600 0.1336 0.8147 0.4586 0.4879
9.0700 0.1416 0.8028 0.4440 0.4739
9.0800 0.1535 0.7906 0.4293 0.4600
9.0900 0.1694 0.7781 0.4148 0.4461
9.1000 0.1890 0.7652 0.4004 0.4323
9.1100 0.2120 0.7521 0.3860 0.4186
9.1200 0.2381 0.7386 0.3718 0.4050
9.1300 0.2669 0.7249 0.3578 0.3915
9.1400 0.2978 0.7109 0.3439 0.3781
9.1500 0.3304 0.6966 0.3301 0.3649
9.1600 0.3640 0.6820 0.3165 0.3517
9.1700 0.3980 0.6671 0.3031 0.3388
9.1800 0.4319 0.6520 0.2899 0.3260
9.1900 0.4650 0.6366 0.2768 0.3133
9.2000 0.4966 0.6210 0.2640 0.3009
9.2100 0.5263 0.6051 0.2514 0.2886
9.2200 0.5534 0.5891 0.2390 0.2765
9.2300 0.5775 0.5727 0.2268 0.2646
9.2400 0.5982 0.5562 0.2148 0.2530
9.2500 0.6152 0.5395 0.2031 0.2415
9.2600 0.6283 0.5226 0.1916 0.2303
9.2700 0.6371 0.5056 0.1804 0.2194
9.2800 0.6418 0.4883 0.1695 0.2087
9.2900 0.6423 0.4710 0.1588 0.1982
9.3000 0.6387 0.4535 0.1484 0.1881
9.3100 0.6312 0.4359 0.1383 0.1782
9.3200 0.6201 0.4183 0.1284 0.1687
9.3300 0.6056 0.4005 0.1189 0.1594
9.3400 0.5881 0.3827 0.1097 0.1505
9.3500 0.5681 0.3649 0.1008 0.1419
9.3600 0.5458 0.3471 0.0922 0.1336
9.3700 0.5218 0.3293 0.0840 0.1257
9.3800 0.4964 0.3116 0.0761 0.1182
9.3900 0.4702 0.2939 0.0686 0.1110
9.4000 0.4433 0.2762 0.0615 0.1042
9.4100 0.4163 0.2587 0.0547 0.0977
9.4200 0.3893 0.2414 0.0483 0.0917
9.4300 0.3627 0.2241 0.0423 0.0860
9.4400 0.3367 0.2071 0.0367 0.0807
9.4500 0.3115 0.1902 0.0315 0.0759
9.4600 0.2871 0.1736 0.0267 0.0714
9.4700 0.2636 0.1572 0.0224 0.0673
9.4800 0.2411 0.1411 0.0185 0.0636
9.4900 0.2196 0.1252 0.0150 0.0603
9.5000 0.1990 0.1097 0.0120 0.0575
9.5100 0.1794 0.0944 0.0095 0.0550
9.5200 0.1605 0.0796 0.0074 0.0529
9.5300 0.1423 0.0650 0.0057 0.0513
9.5400 0.1248 0.0509 0.0045 0.0500
9.5500 0.1078 0.0371 0.0038 0.0491
9.5600 0.0913 0.0238 0.0035 0.0487
9.5700 0.0751 0.0108 0.0037 0.0486
9.5800 0.0593 -0.0017 0.0043 0.0490
9.5900 0.0438 -0.0138 0.0054 0.0497
9.6000 0.0285 -0.0255 0.0070 0.0509
9.6100 0.0134 -0.0367 0.0090 0.0525
9.6200 -0.0014 -0.0474 0.0114 0.0545
9.6300 -0.0160 -0.0577 0.0143 0.0568
9.6400 -0.0303 -0.0675 0.0176 0.0596
9.6500 -0.0442 -0.0769 0.0213 0.0628
9.6600 -0.0578 -0.0858 0.0255 0.0664
9.6700 -0.0709 -0.0942 0.0301 0.0704
9.6800 -0.0835 -0.1022 0.0350 0.0748
9.6900 -0.0956 -0.1097 0.0404 0.0796
9.7000 -0.1070 -0.1168 0.0461 0.0848
9.7100 -0.1177 -0.1234 0.0523 0.0904
9.7200 -0.1277 -0.1295 0.0588 0.0964
9.7300 -0.1369 -0.1352 0.0656 0.1028
9.7400 -0.1452 -0.1405 0.0728 0.1095
9.7500 -0.1527 -0.1454 0.0804 0.1167
9.7600 -0.1594 -0.1498 0.0883 0.1241
9.7700 -0.1651 -0.1538 0.0966 0.1320
9.7800 -0.1700 -0.1574 0.1051 0.1402
9.7900 -0.1740 -0.1605 0.1140 0.1487
9.8000 -0.1773 -0.1633 0.1232 0.1576
9.8100 -0.1797 -0.1657 0.1328 0.1668
9.8200 -0.1813 -0.1677 0.1426 0.1763
9.8300 -0.1823 -0.1694 0.1527 0.1861
9.8400 -0.1826 -0.1706 0.1631 0.1962
9.8500 -0.1824 -0.1715 0.1738 0.2066
9.8600 -0.1817 -0.1721 0.1848 0.2172
9.8700 -0.1805 -0.1723 0.1960 0.2281
9.8800 -0.1790 -0.1721 0.2076 0.2393
9.8900 -0.1772 -0.1716 0.2193 0.2506
9.9000 -0.1751 -0.1707 0.2314 0.2623
9.9100 -0.1730 -0.1695 0.2437 0.2741
9.9200 -0.1708 -0.1680 0.2562 0.2861
9.9300 -0.1687 -0.1661 0.2689 0.2984
9.9400 -0.1666 -0.1639 0.2819 0.3108
9.9500 -0.1647 -0.1613 0.2951 0.3234
9.9600 -0.1630 -0.1584 0.3085 0.3362
9.9700 -0.1616 -0.1552 0.3220 0.3492
9.9800 -0.1605 -0.1516 0.3358 0.3623
9.9900 -0.1598 -0.1477 0.3497 0.3755
10.0000 -0.1595 -0.1434 0.3638 0.3889
