 t	 x	 y	 z	 w	 q
0.0000 -1.0000 -1.0000 -1.0000 -1.0000 -1.0000
0.0400 -0.9378 -0.9393 -0.9447 -0.9564 -0.9679
0.0800 -0.7671 -0.7776 -0.8129 -0.8745 -0.9201
0.1200 -0.5289 -0.5572 -0.6482 -0.7864 -0.8722
0.1600 -0.2771 -0.3258 -0.4803 -0.7004 -0.8255
0.2000 -0.0663 -0.1253 -0.3257 -0.6182 -0.7799
0.2400 0.0608 0.0164 -0.1908 -0.5401 -0.7355
0.2800 0.0825 0.0884 -0.0759 -0.4657 -0.6921
0.3200 0.0018 0.0964 0.0217 -0.3949 -0.6499
0.3600 -0.1553 0.0583 0.1058 -0.3276 -0.6087
0.4000 -0.3468 -0.0017 0.1797 -0.2635 -0.5685
0.4400 -0.5253 -0.0593 0.2459 -0.2025 -0.5293
0.4800 -0.6483 -0.0955 0.3063 -0.1445 -0.4912
0.5200 -0.6882 -0.0995 0.3618 -0.0893 -0.4539
0.5600 -0.6375 -0.0697 0.4132 -0.0367 -0.4176
0.6000 -0.5094 -0.0122 0.4608 0.0134 -0.3822
0.6400 -0.3341 0.0621 0.5048 0.0610 -0.3477
0.6800 -0.1508 0.1401 0.5454 0.1063 -0.3141
0.7200 0.0012 0.2104 0.5828 0.1494 -0.2813
0.7600 0.0915 0.2649 0.6172 0.1905 -0.2493
0.8000 0.1053 0.3002 0.6487 0.2296 -0.2181
0.8400 0.0456 0.3176 0.6777 0.2667 -0.1877
0.8800 -0.0682 0.3216 0.7042 0.3021 -0.1580
0.9200 -0.2054 0.3187 0.7285 0.3358 -0.1291
0.9600 -0.3316 0.3155 0.7509 0.3679 -0.1009
1.0000 -0.4165 0.3174 0.7713 0.3984 -0.0734
1.0400 -0.4408 0.3273 0.7901 0.4274 -0.0466
1.0800 -0.3996 0.3461 0.8074 0.4551 -0.0205
1.1200 -0.3033 0.3723 0.8232 0.4814 0.0050
1.1600 -0.1739 0.4030 0.8377 0.5064 0.0299
1.2000 -0.0402 0.4347 0.8511 0.5302 0.0541
1.2400 0.0698 0.4642 0.8633 0.5529 0.0777
1.2800 0.1343 0.4893 0.8745 0.5745 0.1007
1.3200 0.1433 0.5090 0.8849 0.5950 0.1232
1.3600 0.0995 0.5235 0.8943 0.6146 0.1451
1.4000 0.0175 0.5339 0.9030 0.6332 0.1664
1.4400 -0.0804 0.5420 0.9110 0.6509 0.1872
1.4800 -0.1692 0.5496 0.9183 0.6677 0.2075
1.5200 -0.2273 0.5582 0.9250 0.6838 0.2273
1.5600 -0.2412 0.5686 0.9312 0.6990 0.2466
1.6000 -0.2078 0.5813 0.9368 0.7136 0.2654
1.6400 -0.1351 0.5957 0.9420 0.7274 0.2838
1.6800 -0.0394 0.6112 0.9468 0.7405 0.3016
1.7200 0.0585 0.6268 0.9512 0.7531 0.3191
1.7600 0.1382 0.6417 0.9552 0.7650 0.3361
1.8000 0.1847 0.6552 0.9589 0.7763 0.3527
1.8400 0.1908 0.6671 0.9622 0.7871 0.3688
1.8800 0.1591 0.6774 0.9653 0.7974 0.3846
1.9200 0.1003 0.6863 0.9682 0.8072 0.3999
1.9600 0.0308 0.6944 0.9708 0.8165 0.4149
2.0000 -0.0313 0.7021 0.9732 0.8253 0.4295
2.0400 -0.0706 0.7098 0.9754 0.8338 0.4438
2.0800 -0.0777 0.7179 0.9774 0.8418 0.4577
2.1200 -0.0506 0.7264 0.9793 0.8494 0.4712
2.1600 0.0044 0.7353 0.9810 0.8567 0.4844
2.2000 0.0754 0.7443 0.9826 0.8636 0.4973
2.2400 0.1473 0.7532 0.9840 0.8702 0.5098
2.2800 0.2055 0.7618 0.9853 0.8765 0.5221
2.3200 0.2392 0.7699 0.9865 0.8824 0.5340
2.3600 0.2436 0.7774 0.9876 0.8881 0.5456
2.4000 0.2209 0.7843 0.9886 0.8935 0.5570
2.4400 0.1791 0.7907 0.9896 0.8986 0.5681
2.4800 0.1301 0.7968 0.9904 0.9035 0.5788
2.5200 0.0870 0.8026 0.9912 0.9082 0.5894
2.5600 0.0608 0.8084 0.9919 0.9126 0.5996
2.6000 0.0582 0.8141 0.9926 0.9168 0.6096
2.6400 0.0800 0.8198 0.9932 0.9209 0.6194
2.6800 0.1219 0.8254 0.9938 0.9247 0.6289
2.7200 0.1748 0.8311 0.9943 0.9283 0.6381
2.7600 0.2278 0.8366 0.9947 0.9318 0.6472
2.8000 0.2705 0.8419 0.9952 0.9351 0.6560
2.8400 0.2951 0.8470 0.9956 0.9382 0.6646
2.8800 0.2986 0.8519 0.9959 0.9412 0.6729
2.9200 0.2826 0.8565 0.9963 0.9440 0.6811
2.9600 0.2531 0.8609 0.9966 0.9467 0.6891
3.0000 0.2189 0.8651 0.9969 0.9493 0.6968
3.0400 0.1894 0.8692 0.9971 0.9517 0.7044
3.0800 0.1723 0.8732 0.9974 0.9541 0.7118
3.1200 0.1724 0.8770 0.9976 0.9563 0.7190
3.1600 0.1901 0.8808 0.9978 0.9584 0.7260
3.2000 0.2221 0.8846 0.9980 0.9604 0.7328
3.2400 0.2617 0.8882 0.9981 0.9623 0.7395
3.2800 0.3010 0.8918 0.9983 0.9641 0.7460
3.3200 0.3325 0.8952 0.9984 0.9659 0.7524
3.3600 0.3508 0.8985 0.9985 0.9675 0.7585
3.4000 0.3537 0.9017 0.9987 0.9691 0.7646
3.4400 0.3427 0.9048 0.9988 0.9706 0.7704
3.4800 0.3221 0.9077 0.9989 0.9720 0.7762
3.5200 0.2985 0.9106 0.9990 0.9733 0.7818
3.5600 0.2785 0.9133 0.9991 0.9746 0.7872
3.6000 0.2677 0.9160 0.9991 0.9759 0.7925
3.6400 0.2694 0.9186 0.9992 0.9770 0.7977
3.6800 0.2839 0.9211 0.9993 0.9781 0.8028
3.7200 0.3084 0.9236 0.9993 0.9792 0.8077
3.7600 0.3382 0.9260 0.9994 0.9802 0.8125
3.8000 0.3675 0.9283 0.9994 0.9811 0.8172
3.8400 0.3910 0.9305 0.9995 0.9821 0.8217
3.8800 0.4047 0.9327 0.9995 0.9829 0.8262
3.9200 0.4073 0.9348 0.9996 0.9837 0.8305
3.9600 0.4000 0.9368 0.9996 0.9845 0.8348
4.0000 0.3859 0.9388 0.9996 0.9853 0.8389
4.0400 0.3698 0.9407 0.9997 0.9860 0.8429
4.0800 0.3565 0.9425 0.9997 0.9867 0.8468
4.1200 0.3501 0.9443 0.9997 0.9873 0.8507
4.1600 0.3527 0.9461 0.9997 0.9879 0.8544
4.2000 0.3645 0.9477 0.9998 0.9885 0.8580
4.2400 0.3835 0.9494 0.9998 0.9891 0.8616
4.2800 0.4060 0.9509 0.9998 0.9896 0.8650
4.3200 0.4281 0.9525 0.9998 0.9901 0.8684
4.3600 0.4457 0.9540 0.9998 0.9906 0.8717
4.4000 0.4562 0.9554 0.9998 0.9910 0.8749
4.4400 0.4586 0.9568 0.9999 0.9915 0.8780
4.4800 0.4539 0.9581 0.9999 0.9919 0.8810
4.5200 0.4445 0.9594 0.9999 0.9923 0.8840
4.5600 0.4338 0.9607 0.9999 0.9926 0.8869
4.6000 0.4252 0.9619 0.9999 0.9930 0.8897
4.6400 0.4217 0.9631 0.9999 0.9933 0.8925
4.6800 0.4248 0.9643 0.9999 0.9937 0.8952
4.7200 0.4345 0.9654 0.9999 0.9940 0.8978
4.7600 0.4492 0.9664 0.9999 0.9942 0.9003
4.8000 0.4664 0.9675 0.9999 0.9945 0.9028
4.8400 0.4831 0.9685 0.9999 0.9948 0.9053
4.8800 0.4965 0.9695 0.9999 0.9950 0.9076
4.9200 0.5046 0.9704 0.9999 0.9953 0.9099
4.9600 0.5070 0.9714 1.0000 0.9955 0.9122
5.0000 0.5042 0.9723 1.0000 0.9957 0.9144
5.0400 0.4981 0.9731 1.0000 0.9959 0.9165
5.0800 0.4911 0.9740 1.0000 0.9961 0.9186
5.1200 0.4859 0.9748 1.0000 0.9963 0.9206
5.1600 0.4843 0.9756 1.0000 0.9965 0.9226
5.2000 0.4876 0.9763 1.0000 0.9967 0.9245
5.2400 0.4955 0.9770 1.0000 0.9968 0.9264
5.2800 0.5071 0.9778 1.0000 0.9970 0.9283
5.3200 0.5203 0.9785 1.0000 0.9971 0.9301
5.3600 0.5331 0.9791 1.0000 0.9973 0.9318
5.4000 0.5434 0.9798 1.0000 0.9974 0.9335
5.4400 0.5498 0.9804 1.0000 0.9975 0.9352
5.4800 0.5521 0.9810 1.0000 0.9976 0.9368
5.5200 0.5507 0.9816 1.0000 0.9978 0.9384
5.5600 0.5469 0.9822 1.0000 0.9979 0.9399
5.6000 0.5426 0.9827 1.0000 0.9980 0.9414
5.6400 0.5396 0.9833 1.0000 0.9981 0.9429
5.6800 0.5394 0.9838 1.0000 0.9982 0.9443
5.7200 0.5426 0.9843 1.0000 0.9982 0.9457
5.7600 0.5492 0.9848 1.0000 0.9983 0.9470
5.8000 0.5583 0.9853 1.0000 0.9984 0.9484
5.8400 0.5686 0.9857 1.0000 0.9985 0.9497
5.8800 0.5785 0.9862 1.0000 0.9986 0.9509
5.9200 0.5865 0.9866 1.0000 0.9986 0.9521
5.9600 0.5917 0.9870 1.0000 0.9987 0.9533
6.0000 0.5938 0.9874 1.0000 0.9988 0.9545
6.0400 0.5934 0.9878 1.0000 0.9988 0.9556
6.0800 0.5913 0.9882 1.0000 0.9989 0.9567
6.1200 0.5888 0.9886 1.0000 0.9989 0.9578
6.1600 0.5874 0.9889 1.0000 0.9990 0.9589
6.2000 0.5879 0.9893 1.0000 0.9990 0.9599
6.2400 0.5910 0.9896 1.0000 0.9991 0.9609
6.2800 0.5965 0.9899 1.0000 0.9991 0.9619
6.3200 0.6038 0.9902 1.0000 0.9992 0.9628
6.3600 0.6119 0.9905 1.0000 0.9992 0.9638
6.4000 0.6196 0.9908 1.0000 0.9992 0.9647
6.4400 0.6259 0.9911 1.0000 0.9993 0.9655
6.4800 0.6302 0.9914 1.0000 0.9993 0.9664
6.5200 0.6323 0.9917 1.0000 0.9993 0.9672
6.5600 0.6324 0.9919 1.0000 0.9994 0.9681
6.6000 0.6315 0.9922 1.0000 0.9994 0.9689
6.6400 0.6303 0.9924 1.0000 0.9994 0.9696
6.6800 0.6299 0.9927 1.0000 0.9995 0.9704
6.7200 0.6310 0.9929 1.0000 0.9995 0.9711
6.7600 0.6338 0.9931 1.0000 0.9995 0.9719
6.8000 0.6385 0.9933 1.0000 0.9995 0.9726
6.8400 0.6444 0.9935 1.0000 0.9996 0.9732
6.8800 0.6508 0.9937 1.0000 0.9996 0.9739
6.9200 0.6569 0.9939 1.0000 0.9996 0.9746
6.9600 0.6619 0.9941 1.0000 0.9996 0.9752
7.0000 0.6655 0.9943 1.0000 0.9996 0.9758
7.0400 0.6674 0.9945 1.0000 0.9997 0.9764
7.0800 0.6681 0.9946 1.0000 0.9997 0.9770
7.1200 0.6679 0.9948 1.0000 0.9997 0.9776
7.1600 0.6676 0.9950 1.0000 0.9997 0.9781
7.2000 0.6678 0.9951 1.0000 0.9997 0.9787
7.2400 0.6692 0.9953 1.0000 0.9997 0.9792
7.2800 0.6718 0.9954 1.0000 0.9997 0.9797
7.3200 0.6757 0.9956 1.0000 0.9998 0.9802
7.3600 0.6805 0.9957 1.0000 0.9998 0.9807
7.4000 0.6857 0.9958 1.0000 0.9998 0.9812
7.4400 0.6906 0.9960 1.0000 0.9998 0.9817
7.4800 0.6947 0.9961 1.0000 0.9998 0.9821
7.5200 0.6977 0.9962 1.0000 0.9998 0.9826
7.5600 0.6995 0.9963 1.0000 0.9998 0.9830
7.6000 0.7004 0.9965 1.0000 0.9998 0.9834
7.6400 0.7008 0.9966 1.0000 0.9998 0.9839
7.6800 0.7010 0.9967 1.0000 0.9998 0.9843
7.7200 0.7017 0.9968 1.0000 0.9999 0.9847
7.7600 0.7032 0.9969 1.0000 0.9999 0.9850
7.8000 0.7056 0.9970 1.0000 0.9999 0.9854
7.8400 0.7090 0.9971 1.0000 0.9999 0.9858
7.8800 0.7129 0.9972 1.0000 0.9999 0.9861
7.9200 0.7171 0.9972 1.0000 0.9999 0.9865
7.9600 0.7210 0.9973 1.0000 0.9999 0.9868
8.0000 0.7244 0.9974 1.0000 0.9999 0.9871
8.0400 0.7270 0.9975 1.0000 0.9999 0.9875
8.0800 0.7288 0.9976 1.0000 0.9999 0.9878
8.1200 0.7298 0.9976 1.0000 0.9999 0.9881
8.1600 0.7305 0.9977 1.0000 0.9999 0.9884
8.2000 0.7311 0.9978 1.0000 0.9999 0.9887
8.2400 0.7320 0.9979 1.0000 0.9999 0.9890
8.2800 0.7336 0.9979 1.0000 0.9999 0.9892
8.3200 0.7358 0.9980 1.0000 0.9999 0.9895
8.3600 0.7386 0.9981 1.0000 0.9999 0.9898
8.4000 0.7419 0.9981 1.0000 0.9999 0.9900
8.4400 0.7453 0.9982 1.0000 0.9999 0.9903
8.4800 0.7486 0.9982 1.0000 0.9999 0.9905
8.5200 0.7514 0.9983 1.0000 0.9999 0.9907
8.5600 0.7536 0.9983 1.0000 0.9999 0.9910
8.6000 0.7553 0.9984 1.0000 1.0000 0.9912
8.6400 0.7564 0.9984 1.0000 1.0000 0.9914
8.6800 0.7573 0.9985 1.0000 1.0000 0.9916
8.7200 0.7581 0.9985 1.0000 1.0000 0.9918
8.7600 0.7592 0.9986 1.0000 1.0000 0.9921
8.8000 0.7607 0.9986 1.0000 1.0000 0.9922
8.8400 0.7627 0.9987 1.0000 1.0000 0.9924
8.8800 0.7651 0.9987 1.0000 1.0000 0.9926
8.9200 0.7679 0.9988 1.0000 1.0000 0.9928
8.9600 0.7707 0.9988 1.0000 1.0000 0.9930
9.0000 0.7734 0.9988 1.0000 1.0000 0.9932
9.0400 0.7758 0.9989 1.0000 1.0000 0.9933
9.0800 0.7778 0.9989 1.0000 1.0000 0.9935
9.1200 0.7793 0.9989 1.0000 1.0000 0.9937
9.1600 0.7805 0.9990 1.0000 1.0000 0.9938
9.2000 0.7814 0.9990 1.0000 1.0000 0.9940
9.2400 0.7824 0.9990 1.0000 1.0000 0.9941
9.2800 0.7835 0.9991 1.0000 1.0000 0.9943
9.3200 0.7850 0.9991 1.0000 1.0000 0.9944
9.3600 0.7868 0.9991 1.0000 1.0000 0.9946
9.4000 0.7889 0.9991 1.0000 1.0000 0.9947
9.4400 0.7912 0.9992 1.0000 1.0000 0.9948
9.4800 0.7936 0.9992 1.0000 1.0000 0.9950
9.5200 0.7959 0.9992 1.0000 1.0000 0.9951
9.5600 0.7979 0.9992 1.0000 1.0000 0.9952
9.6000 0.7997 0.9993 1.0000 1.0000 0.9953
9.6400 0.8011 0.9993 1.0000 1.0000 0.9954
9.6800 0.8022 0.9993 1.0000 1.0000 0.9956
9.7200 0.8032 0.9993 1.0000 1.0000 0.9957
9.7600 0.8042 0.9994 1.0000 1.0000 0.9958
9.8000 0.8054 0.9994 1.0000 1.0000 0.9959
9.8400 0.8067 0.9994 1.0000 1.0000 0.9960
9.8800 0.8083 0.9994 1.0000 1.0000 0.9961
9.9200 0.8102 0.9994 1.0000 1.0000 0.9962
9.9600 0.8122 0.9995 1.0000 1.0000 0.9963
10.0000 0.8142 0.9995 1.0000 1.0000 0.9964
10.0400 0.8161 0.9995 1.0000 1.0000 0.9965
10.0800 0.8179 0.9995 1.0000 1.0000 0.9965
10.1200 0.8194 0.9995 1.0000 1.0000 0.9966
10.1600 0.8207 0.9995 1.0000 1.0000 0.9967
10.2000 0.8218 0.9995 1.0000 1.0000 0.9968
10.2400 0.8228 0.9996 1.0000 1.0000 0.9969
10.2800 0.8238 0.9996 1.0000 1.0000 0.9970
10.3200 0.8250 0.9996 1.0000 1.0000 0.9970
10.3600 0.8262 0.9996 1.0000 1.0000 0.9971
10.4000 0.8277 0.9996 1.0000 1.0000 0.9972
10.4400 0.8293 0.9996 1.0000 1.0000 0.9973
10.4800 0.8310 0.9996 1.0000 1.0000 0.9973
10.5200 0.8327 0.9996 1.0000 1.0000 0.9974
10.5600 0.8344 0.9997 1.0000 1.0000 0.9975
10.6000 0.8359 0.9997 1.0000 1.0000 0.9975
10.6400 0.8373 0.9997 1.0000 1.0000 0.9976
10.6800 0.8385 0.9997 1.0000 1.0000 0.9976
10.7200 0.8395 0.9997 1.0000 1.0000 0.9977
10.7600 0.8405 0.9997 1.0000 1.0000 0.9978
10.8000 0.8415 0.9997 1.0000 1.0000 0.9978
10.8400 0.8426 0.9997 1.0000 1.0000 0.9979
10.8800 0.8437 0.9997 1.0000 1.0000 0.9979
10.9200 0.8450 0.9997 1.0000 1.0000 0.9980
10.9600 0.8464 0.9998 1.0000 1.0000 0.9980
11.0000 0.8479 0.9998 1.0000 1.0000 0.9981
11.0400 0.8494 0.9998 1.0000 1.0000 0.9981
11.0800 0.8509 0.9998 1.0000 1.0000 0.9982
11.1200 0.8522 0.9998 1.0000 1.0000 0.9982
11.1600 0.8534 0.9998 1.0000 1.0000 0.9983
11.2000 0.8545 0.9998 1.0000 1.0000 0.9983
11.2400 0.8555 0.9998 1.0000 1.0000 0.9983
11.2800 0.8564 0.9998 1.0000 1.0000 0.9984
11.3200 0.8574 0.9998 1.0000 1.0000 0.9984
11.3600 0.8584 0.9998 1.0000 1.0000 0.9985
11.4000 0.8594 0.9998 1.0000 1.0000 0.9985
11.4400 0.8606 0.9998 1.0000 1.0000 0.9985
11.4800 0.8619 0.9998 1.0000 1.0000 0.9986
11.5200 0.8631 0.9998 1.0000 1.0000 0.9986
11.5600 0.8644 0.9998 1.0000 1.0000 0.9986
11.6000 0.8657 0.9999 1.0000 1.0000 0.9987
11.6400 0.8669 0.9999 1.0000 1.0000 0.9987
11.6800 0.8680 0.9999 1.0000 1.0000 0.9987
11.7200 0.8689 0.9999 1.0000 1.0000 0.9988
11.7600 0.8699 0.9999 1.0000 1.0000 0.9988
11.8000 0.8708 0.9999 1.0000 1.0000 0.9988
11.8400 0.8716 0.9999 1.0000 1.0000 0.9989
11.8800 0.8726 0.9999 1.0000 1.0000 0.9989
11.9200 0.8736 0.9999 1.0000 1.0000 0.9989
11.9600 0.8746 0.9999 1.0000 1.0000 0.9989
12.0000 0.8757 0.9999 1.0000 1.0000 0.9990
12.0400 0.8768 0.9999 1.0000 1.0000 0.9990
12.0800 0.8780 0.9999 1.0000 1.0000 0.9990
12.1200 0.8791 0.9999 1.0000 1.0000 0.9990
12.1600 0.8801 0.9999 1.0000 1.0000 0.9991
12.2000 0.8811 0.9999 1.0000 1.0000 0.9991
12.2400 0.8820 0.9999 1.0000 1.0000 0.9991
12.2800 0.8828 0.9999 1.0000 1.0000 0.9991
12.3200 0.8837 0.9999 1.0000 1.0000 0.9992
12.3600 0.8845 0.9999 1.0000 1.0000 0.9992
12.4000 0.8853 0.9999 1.0000 1.0000 0.9992
12.4400 0.8862 0.9999 1.0000 1.0000 0.9992
12.4800 0.8872 0.9999 1.0000 1.0000 0.9992
12.5200 0.8882 0.9999 1.0000 1.0000 0.9993
12.5600 0.8892 0.9999 1.0000 1.0000 0.9993
12.6000 0.8901 0.9999 1.0000 1.0000 0.9993
12.6400 0.8911 0.9999 1.0000 1.0000 0.9993
12.6800 0.8920 0.9999 1.0000 1.0000 0.9993
12.7200 0.8929 0.9999 1.0000 1.0000 0.9993
12.7600 0.8937 0.9999 1.0000 1.0000 0.9994
12.8000 0.8945 0.9999 1.0000 1.0000 0.9994
12.8400 0.8953 0.9999 1.0000 1.0000 0.9994
12.8800 0.8960 0.9999 1.0000 1.0000 0.9994
12.9200 0.8968 0.9999 1.0000 1.0000 0.9994
12.9600 0.8976 0.9999 1.0000 1.0000 0.9994
13.0000 0.8985 1.0000 1.0000 1.0000 0.9995
13.0400 0.8994 1.0000 1.0000 1.0000 0.9995
13.0800 0.9002 1.0000 1.0000 1.0000 0.9995
13.1200 0.9011 1.0000 1.0000 1.0000 0.9995
13.1600 0.9020 1.0000 1.0000 1.0000 0.9995
13.2000 0.9028 1.0000 1.0000 1.0000 0.9995
13.2400 0.9036 1.0000 1.0000 1.0000 0.9995
13.2800 0.9043 1.0000 1.0000 1.0000 0.9995
13.3200 0.9050 1.0000 1.0000 1.0000 0.9996
13.3600 0.9057 1.0000 1.0000 1.0000 0.9996
13.4000 0.9064 1.0000 1.0000 1.0000 0.9996
13.4400 0.9072 1.0000 1.0000 1.0000 0.9996
13.4800 0.9079 1.0000 1.0000 1.0000 0.9996
13.5200 0.9086 1.0000 1.0000 1.0000 0.9996
13.5600 0.9094 1.0000 1.0000 1.0000 0.9996
13.6000 0.9102 1.0000 1.0000 1.0000 0.9996
13.6400 0.9110 1.0000 1.0000 1.0000 0.9996
13.6800 0.9117 1.0000 1.0000 1.0000 0.9996
13.7200 0.9125 1.0000 1.0000 1.0000 0.9997
13.7600 0.9132 1.0000 1.0000 1.0000 0.9997
13.8000 0.9139 1.0000 1.0000 1.0000 0.9997
13.8400 0.9145 1.0000 1.0000 1.0000 0.9997
13.8800 0.9152 1.0000 1.0000 1.0000 0.9997
13.9200 0.9158 1.0000 1.0000 1.0000 0.9997
13.9600 0.9164 1.0000 1.0000 1.0000 0.9997
14.0000 0.9171 1.0000 1.0000 1.0000 0.9997
14.0400 0.9178 1.0000 1.0000 1.0000 0.9997
14.0800 0.9185 1.0000 1.0000 1.0000 0.9997
14.1200 0.9192 1.0000 1.0000 1.0000 0.9997
14.1600 0.9199 1.0000 1.0000 1.0000 0.9997
14.2000 0.9205 1.0000 1.0000 1.0000 0.9997
14.2400 0.9212 1.0000 1.0000 1.0000 0.9998
14.2800 0.9218 1.0000 1.0000 1.0000 0.9998
14.3200 0.9224 1.0000 1.0000 1.0000 0.9998
14.3600 0.9230 1.0000 1.0000 1.0000 0.9998
14.4000 0.9236 1.0000 1.0000 1.0000 0.9998
14.4400 0.9242 1.0000 1.0000 1.0000 0.9998
14.4800 0.9248 1.0000 1.0000 1.0000 0.9998
14.5200 0.9254 1.0000 1.0000 1.0000 0.9998
14.5600 0.9260 1.0000 1.0000 1.0000 0.9998
14.6000 0.9266 1.0000 1.0000 1.0000 0.9998
14.6400 0.9273 1.0000 1.0000 1.0000 0.9998
14.6800 0.9279 1.0000 1.0000 1.0000 0.9998
14.7200 0.9285 1.0000 1.0000 1.0000 0.9998
14.7600 0.9291 1.0000 1.0000 1.0000 0.9998
14.8000 0.9296 1.0000 1.0000 1.0000 0.9998
14.8400 0.9302 1.0000 1.0000 1.0000 0.9998
14.8800 0.9307 1.0000 1.0000 1.0000 0.9998
14.9200 0.9313 1.0000 1.0000 1.0000 0.9998
14.9600 0.9318 1.0000 1.0000 1.0000 0.9998
15.0000 0.9323 1.0000 1.0000 1.0000 0.9998
15.0400 0.9329 1.0000 1.0000 1.0000 0.9998
15.0800 0.9334 1.0000 1.0000 1.0000 0.9999
15.1200 0.9340 1.0000 1.0000 1.0000 0.9999
15.1600 0.9345 1.0000 1.0000 1.0000 0.9999
15.2000 0.9351 1.0000 1.0000 1.0000 0.9999
15.2400 0.9356 1.0000 1.0000 1.0000 0.9999
15.2800 0.9361 1.0000 1.0000 1.0000 0.9999
15.3200 0.9366 1.0000 1.0000 1.0000 0.9999
15.3600 0.9371 1.0000 1.0000 1.0000 0.9999
15.4000 0.9376 1.0000 1.0000 1.0000 0.9999
15.4400 0.9381 1.0000 1.0000 1.0000 0.9999
15.4800 0.9386 1.0000 1.0000 1.0000 0.9999
15.5200 0.9391 1.0000 1.0000 1.0000 0.9999
15.5600 0.9396 1.0000 1.0000 1.0000 0.9999
15.6000 0.9401 1.0000 1.0000 1.0000 0.9999
15.6400 0.9406 1.0000 1.0000 1.0000 0.9999
15.6800 0.9411 1.0000 1.0000 1.0000 0.9999
15.7200 0.9415 1.0000 1.0000 1.0000 0.9999
15.7600 0.9420 1.0000 1.0000 1.0000 0.9999
15.8000 0.9425 1.0000 1.0000 1.0000 0.9999
15.8400 0.9430 1.0000 1.0000 1.0000 0.9999
15.8800 0.9434 1.0000 1.0000 1.0000 0.9999
15.9200 0.9439 1.0000 1.0000 1.0000 0.9999
15.9600 0.9443 1.0000 1.0000 1.0000 0.9999
16.0000 0.9447 1.0000 1.0000 1.0000 0.9999
16.0400 0.9452 1.0000 1.0000 1.0000 0.9999
16.0800 0.9456 1.0000 1.0000 1.0000 0.9999
16.1200 0.9461 1.0000 1.0000 1.0000 0.9999
16.1600 0.9465 1.0000 1.0000 1.0000 0.9999
16.2000 0.9469 1.0000 1.0000 1.0000 0.9999
16.2400 0.9474 1.0000 1.0000 1.0000 0.9999
16.2800 0.9478 1.0000 1.0000 1.0000 0.9999
16.3200 0.9482 1.0000 1.0000 1.0000 0.9999
16.3600 0.9487 1.0000 1.0000 1.0000 0.9999
16.4000 0.9491 1.0000 1.0000 1.0000 0.9999
16.4400 0.9495 1.0000 1.0000 1.0000 0.9999
16.4800 0.9499 1.0000 1.0000 1.0000 0.9999
16.5200 0.9503 1.0000 1.0000 1.0000 0.9999
16.5600 0.9507 1.0000 1.0000 1.0000 0.9999
16.6000 0.9511 1.0000 1.0000 1.0000 0.9999
16.6400 0.9515 1.0000 1.0000 1.0000 0.9999
16.6800 0.9518 1.0000 1.0000 1.0000 0.9999
16.7200 0.9522 1.0000 1.0000 1.0000 0.9999
16.7600 0.9526 1.0000 1.0000 1.0000 0.9999
16.8000 0.9530 1.0000 1.0000 1.0000 1.0000
16.8400 0.9534 1.0000 1.0000 1.0000 1.0000
16.8800 0.9538 1.0000 1.0000 1.0000 1.0000
16.9200 0.9541 1.0000 1.0000 1.0000 1.0000
16.9600 0.9545 1.0000 1.0000 1.0000 1.0000
17.0000 0.9549 1.0000 1.0000 1.0000 1.0000
17.0400 0.9552 1.0000 1.0000 1.0000 1.0000
17.0800 0.9556 1.0000 1.0000 1.0000 1.0000
17.1200 0.9559 1.0000 1.0000 1.0000 1.0000
17.1600 0.9563 1.0000 1.0000 1.0000 1.0000
17.2000 0.9567 1.0000 1.0000 1.0000 1.0000
17.2400 0.9570 1.0000 1.0000 1.0000 1.0000
17.2800 0.9574 1.0000 1.0000 1.0000 1.0000
17.3200 0.9577 1.0000 1.0000 1.0000 1.0000
17.3600 0.9581 1.0000 1.0000 1.0000 1.0000
17.4000 0.9584 1.0000 1.0000 1.0000 1.0000
17.4400 0.9587 1.0000 1.0000 1.0000 1.0000
17.4800 0.9591 1.0000 1.0000 1.0000 1.0000
17.5200 0.9594 1.0000 1.0000 1.0000 1.0000
17.5600 0.9597 1.0000 1.0000 1.0000 1.0000
17.6000 0.9600 1.0000 1.0000 1.0000 1.0000
17.6400 0.9603 1.0000 1.0000 1.0000 1.0000
17.6800 0.9607 1.0000 1.0000 1.0000 1.0000
17.7200 0.9610 1.0000 1.0000 1.0000 1.0000
17.7600 0.9613 1.0000 1.0000 1.0000 1.0000
17.8000 0.9616 1.0000 1.0000 1.0000 1.0000
17.8400 0.9619 1.0000 1.0000 1.0000 1.0000
17.8800 0.9622 1.0000 1.0000 1.0000 1.0000
17.9200 0.9625 1.0000 1.0000 1.0000 1.0000
17.9600 0.9628 1.0000 1.0000 1.0000 1.0000
18.0000 0.9631 1.0000 1.0000 1.0000 1.0000
18.0400 0.9634 1.0000 1.0000 1.0000 1.0000
18.0800 0.9637 1.0000 1.0000 1.0000 1.0000
18.1200 0.9640 1.0000 1.0000 1.0000 1.0000
18.1600 0.9643 1.0000 1.0000 1.0000 1.0000
18.2000 0.9646 1.0000 1.0000 1.0000 1.0000
18.2400 0.9649 1.0000 1.0000 1.0000 1.0000
18.2800 0.9652 1.0000 1.0000 1.0000 1.0000
18.3200 0.9655 1.0000 1.0000 1.0000 1.0000
18.3600 0.9657 1.0000 1.0000 1.0000 1.0000
18.4000 0.9660 1.0000 1.0000 1.0000 1.0000
18.4400 0.9663 1.0000 1.0000 1.0000 1.0000
18.4800 0.9666 1.0000 1.0000 1.0000 1.0000
18.5200 0.9668 1.0000 1.0000 1.0000 1.0000
18.5600 0.9671 1.0000 1.0000 1.0000 1.0000
18.6000 0.9674 1.0000 1.0000 1.0000 1.0000
18.6400 0.9676 1.0000 1.0000 1.0000 1.0000
18.6800 0.9679 1.0000 1.0000 1.0000 1.0000
18.7200 0.9681 1.0000 1.0000 1.0000 1.0000
18.7600 0.9684 1.0000 1.0000 1.0000 1.0000
18.8000 0.9686 1.0000 1.0000 1.0000 1.0000
18.8400 0.9689 1.0000 1.0000 1.0000 1.0000
18.8800 0.9692 1.0000 1.0000 1.0000 1.0000
18.9200 0.9694 1.0000 1.0000 1.0000 1.0000
18.9600 0.9697 1.0000 1.0000 1.0000 1.0000
19.0000 0.9699 1.0000 1.0000 1.0000 1.0000
19.0400 0.9701 1.0000 1.0000 1.0000 1.0000
19.0800 0.9704 1.0000 1.0000 1.0000 1.0000
19.1200 0.9706 1.0000 1.0000 1.0000 1.0000
19.1600 0.9708 1.0000 1.0000 1.0000 1.0000
19.2000 0.9711 1.0000 1.0000 1.0000 1.0000
19.2400 0.9713 1.0000 1.0000 1.0000 1.0000
19.2800 0.9715 1.0000 1.0000 1.0000 1.0000
19.3200 0.9718 1.0000 1.0000 1.0000 1.0000
19.3600 0.9720 1.0000 1.0000 1.0000 1.0000
19.4000 0.9722 1.0000 1.0000 1.0000 1.0000
19.4400 0.9725 1.0000 1.0000 1.0000 1.0000
19.4800 0.9727 1.0000 1.0000 1.0000 1.0000
19.5200 0.9729 1.0000 1.0000 1.0000 1.0000
19.5600 0.9731 1.0000 1.0000 1.0000 1.0000
19.6000 0.9733 1.0000 1.0000 1.0000 1.0000
19.6400 0.9735 1.0000 1.0000 1.0000 1.0000
19.6800 0.9738 1.0000 1.0000 1.0000 1.0000
19.7200 0.9740 1.0000 1.0000 1.0000 1.0000
19.7600 0.9742 1.0000 1.0000 1.0000 1.0000
19.8000 0.9744 1.0000 1.0000 1.0000 1.0000
19.8400 0.9746 1.0000 1.0000 1.0000 1.0000
19.8800 0.9748 1.0000 1.0000 1.0000 1.0000
19.9200 0.9750 1.0000 1.0000 1.0000 1.0000
19.9600 0.9752 1.0000 1.0000 1.0000 1.0000
20.0000 0.9754 1.0000 1.0000 1.0000 1.0000
