 t	 a	 b	 c	 d
0.0000 1.0000 1.0000 1.0000 1.0000
0.0199 1.0000 0.9986 0.9997 0.9985
0.0399 0.9999 0.9943 0.9987 0.9940
0.0599 0.9997 0.9872 0.9971 0.9866
0.0798 0.9995 0.9773 0.9950 0.9763
0.0998 0.9993 0.9646 0.9924 0.9632
0.1197 0.9990 0.9491 0.9896 0.9474
0.1396 0.9988 0.9310 0.9865 0.9291
0.1596 0.9985 0.9103 0.9834 0.9084
0.1795 0.9982 0.8869 0.9804 0.8853
0.1995 0.9979 0.8611 0.9775 0.8600
0.2194 0.9976 0.8328 0.9749 0.8326
0.2394 0.9974 0.8022 0.9727 0.8032
0.2593 0.9972 0.7693 0.9710 0.7721
0.2793 0.9971 0.7342 0.9697 0.7395
0.2992 0.9970 0.6970 0.9689 0.7054
0.3192 0.9969 0.6579 0.9687 0.6703
0.3392 0.9969 0.6169 0.9688 0.6343
0.3591 0.9969 0.5742 0.9694 0.5977
0.3790 0.9970 0.5299 0.9702 0.5606
0.3990 0.9970 0.4841 0.9714 0.5234
0.4189 0.9971 0.4370 0.9727 0.4861
0.4389 0.9973 0.3887 0.9741 0.4491
0.4588 0.9974 0.3393 0.9756 0.4124
0.4788 0.9975 0.2889 0.9770 0.3764
0.4987 0.9976 0.2378 0.9784 0.3412
0.5187 0.9977 0.1860 0.9798 0.3071
0.5386 0.9978 0.1338 0.9810 0.2743
0.5586 0.9978 0.0812 0.9822 0.2431
0.5786 0.9979 0.0284 0.9834 0.2137
0.5985 0.9979 -0.0243 0.9845 0.1862
0.6184 0.9980 -0.0770 0.9856 0.1610
0.6384 0.9980 -0.1293 0.9867 0.1380
0.6583 0.9981 -0.1812 0.9879 0.1175
0.6783 0.9981 -0.2324 0.9892 0.0995
0.6982 0.9982 -0.2830 0.9905 0.0840
0.7182 0.9983 -0.3326 0.9919 0.0712
0.7381 0.9984 -0.3813 0.9934 0.0611
0.7581 0.9985 -0.4288 0.9948 0.0538
0.7780 0.9987 -0.4749 0.9962 0.0494
0.7980 0.9989 -0.5197 0.9974 0.0479
0.8179 0.9990 -0.5629 0.9984 0.0494
0.8379 0.9992 -0.6043 0.9992 0.0539
0.8579 0.9994 -0.6440 0.9995 0.0614
0.8778 0.9996 -0.6817 0.9994 0.0718
0.8977 0.9997 -0.7174 0.9988 0.0850
0.9177 0.9998 -0.7509 0.9976 0.1010
0.9376 0.9999 -0.7822 0.9959 0.1195
0.9576 0.9999 -0.8111 0.9937 0.1404
0.9775 0.9999 -0.8377 0.9910 0.1637
0.9975 0.9998 -0.8617 0.9878 0.1891
1.0174 0.9997 -0.8832 0.9843 0.2165
1.0374 0.9995 -0.9021 0.9806 0.2458
1.0574 0.9993 -0.9182 0.9768 0.2768
1.0773 0.9990 -0.9317 0.9730 0.3094
1.0972 0.9986 -0.9424 0.9694 0.3434
1.1172 0.9983 -0.9502 0.9662 0.3786
1.1372 0.9979 -0.9553 0.9634 0.4148
1.1571 0.9976 -0.9574 0.9611 0.4516
1.1770 0.9972 -0.9568 0.9595 0.4889
1.1970 0.9969 -0.9533 0.9586 0.5264
1.2169 0.9965 -0.9469 0.9585 0.5638
1.2369 0.9963 -0.9378 0.9591 0.6009
1.2569 0.9961 -0.9259 0.9604 0.6375
1.2768 0.9959 -0.9113 0.9623 0.6733
1.2967 0.9958 -0.8939 0.9648 0.7083
1.3167 0.9958 -0.8739 0.9677 0.7421
1.3367 0.9958 -0.8513 0.9710 0.7746
1.3566 0.9959 -0.8262 0.9744 0.8057
1.3765 0.9961 -0.7986 0.9779 0.8349
1.3965 0.9962 -0.7686 0.9814 0.8623
1.4164 0.9965 -0.7363 0.9846 0.8875
1.4364 0.9967 -0.7018 0.9877 0.9105
1.4564 0.9970 -0.6652 0.9903 0.9310
1.4763 0.9973 -0.6266 0.9926 0.9489
1.4962 0.9975 -0.5861 0.9945 0.9642
1.5162 0.9978 -0.5439 0.9960 0.9768
1.5362 0.9981 -0.5000 0.9970 0.9867
1.5561 0.9983 -0.4546 0.9977 0.9937
1.5760 0.9985 -0.4079 0.9981 0.9979
1.5960 0.9986 -0.3599 0.9982 0.9993
1.6159 0.9988 -0.3107 0.9980 0.9977
1.6359 0.9989 -0.2606 0.9977 0.9932
1.6558 0.9990 -0.2097 0.9973 0.9858
1.6758 0.9991 -0.1581 0.9968 0.9755
1.6957 0.9991 -0.1059 0.9962 0.9624
1.7157 0.9992 -0.0535 0.9955 0.9465
1.7357 0.9992 -0.0008 0.9948 0.9279
1.7556 0.9993 0.0520 0.9940 0.9069
1.7755 0.9993 0.1046 0.9931 0.8834
1.7955 0.9994 0.1570 0.9920 0.8578
1.8154 0.9994 0.2090 0.9908 0.8302
1.8354 0.9995 0.2605 0.9893 0.8007
1.8553 0.9995 0.3112 0.9876 0.7695
1.8753 0.9996 0.3611 0.9857 0.7368
1.8952 0.9996 0.4101 0.9836 0.7028
1.9152 0.9996 0.4579 0.9812 0.6675
1.9352 0.9996 0.5045 0.9787 0.6314
1.9551 0.9995 0.5497 0.9760 0.5946
1.9750 0.9994 0.5933 0.9734 0.5573
1.9950 0.9993 0.6352 0.9708 0.5199
2.0149 0.9991 0.6754 0.9684 0.4825
2.0349 0.9989 0.7137 0.9663 0.4455
2.0549 0.9986 0.7499 0.9645 0.4090
2.0748 0.9983 0.7840 0.9632 0.3732
2.0947 0.9980 0.8160 0.9624 0.3384
2.1147 0.9977 0.8456 0.9623 0.3047
2.1347 0.9973 0.8728 0.9628 0.2723
2.1546 0.9969 0.8976 0.9639 0.2414
2.1745 0.9966 0.9198 0.9657 0.2121
2.1945 0.9962 0.9394 0.9680 0.1847
2.2144 0.9959 0.9563 0.9709 0.1594
2.2344 0.9957 0.9705 0.9741 0.1363
2.2543 0.9955 0.9819 0.9776 0.1157
2.2743 0.9954 0.9905 0.9812 0.0977
2.2942 0.9953 0.9963 0.9848 0.0824
2.3142 0.9953 0.9993 0.9882 0.0699
2.3341 0.9954 0.9995 0.9914 0.0602
2.3541 0.9955 0.9968 0.9942 0.0534
2.3740 0.9957 0.9913 0.9964 0.0494
2.3940 0.9960 0.9830 0.9981 0.0483
2.4139 0.9963 0.9719 0.9992 0.0501
2.4339 0.9966 0.9580 0.9996 0.0547
2.4539 0.9970 0.9414 0.9994 0.0622
2.4738 0.9973 0.9222 0.9987 0.0726
2.4937 0.9977 0.9003 0.9974 0.0858
2.5137 0.9980 0.8758 0.9957 0.1018
2.5336 0.9984 0.8489 0.9937 0.1204
2.5536 0.9987 0.8196 0.9914 0.1417
2.5736 0.9989 0.7879 0.9891 0.1653
2.5935 0.9991 0.7540 0.9868 0.1911
2.6134 0.9993 0.7180 0.9845 0.2190
2.6334 0.9994 0.6800 0.9824 0.2487
2.6533 0.9995 0.6401 0.9805 0.2800
2.6733 0.9996 0.5983 0.9790 0.3127
2.6932 0.9996 0.5549 0.9777 0.3467
2.7132 0.9995 0.5099 0.9767 0.3818
2.7331 0.9995 0.4635 0.9759 0.4178
2.7531 0.9995 0.4158 0.9755 0.4544
2.7731 0.9994 0.3670 0.9752 0.4916
2.7930 0.9993 0.3172 0.9750 0.5289
2.8129 0.9993 0.2665 0.9750 0.5663
2.8329 0.9992 0.2151 0.9750 0.6035
2.8529 0.9991 0.1631 0.9751 0.6401
2.8728 0.9991 0.1108 0.9752 0.6760
2.8927 0.9990 0.0582 0.9752 0.7109
2.9127 0.9989 0.0055 0.9753 0.7446
2.9326 0.9989 -0.0472 0.9754 0.7769
2.9526 0.9988 -0.0997 0.9755 0.8077
2.9725 0.9987 -0.1518 0.9757 0.8368
2.9925 0.9986 -0.2034 0.9761 0.8639
3.0124 0.9984 -0.2544 0.9767 0.8891
3.0324 0.9983 -0.3046 0.9775 0.9120
3.0523 0.9981 -0.3539 0.9785 0.9325
3.0723 0.9979 -0.4021 0.9798 0.9505
3.0922 0.9976 -0.4490 0.9814 0.9658
3.1122 0.9974 -0.4945 0.9832 0.9783
3.1321 0.9971 -0.5386 0.9853 0.9879
3.1521 0.9968 -0.5810 0.9875 0.9946
3.1721 0.9966 -0.6217 0.9897 0.9984
3.1920 0.9963 -0.6604 0.9920 0.9992
3.2119 0.9961 -0.6973 0.9941 0.9972
3.2319 0.9960 -0.7320 0.9961 0.9923
3.2519 0.9958 -0.7646 0.9976 0.9845
3.2718 0.9957 -0.7948 0.9988 0.9740
3.2917 0.9957 -0.8227 0.9994 0.9607
3.3117 0.9957 -0.8482 0.9995 0.9447
3.3316 0.9958 -0.8711 0.9990 0.9261
3.3516 0.9960 -0.8914 0.9978 0.9050
3.3716 0.9962 -0.9090 0.9960 0.8815
3.3915 0.9965 -0.9240 0.9937 0.8557
3.4114 0.9968 -0.9362 0.9909 0.8279
3.4314 0.9971 -0.9456 0.9876 0.7982
3.4513 0.9975 -0.9522 0.9841 0.7669
3.4713 0.9979 -0.9560 0.9805 0.7340
3.4912 0.9982 -0.9570 0.9769 0.6999
3.5112 0.9986 -0.9552 0.9734 0.6648
3.5311 0.9989 -0.9505 0.9702 0.6287
3.5511 0.9992 -0.9430 0.9674 0.5920
3.5711 0.9994 -0.9327 0.9651 0.5548
3.5910 0.9996 -0.9196 0.9634 0.5173
3.6109 0.9997 -0.9037 0.9624 0.4799
3.6309 0.9997 -0.8852 0.9619 0.4426
3.6509 0.9997 -0.8640 0.9622 0.4059
3.6708 0.9997 -0.8403 0.9630 0.3699
3.6907 0.9996 -0.8140 0.9644 0.3350
3.7107 0.9995 -0.7854 0.9662 0.3013
3.7306 0.9993 -0.7543 0.9685 0.2690
3.7506 0.9992 -0.7211 0.9710 0.2384
3.7706 0.9990 -0.6857 0.9736 0.2096
3.7905 0.9988 -0.6482 0.9764 0.1826
3.8104 0.9986 -0.6088 0.9790 0.1578
3.8304 0.9984 -0.5676 0.9816 0.1351
3.8503 0.9983 -0.5246 0.9840 0.1147
3.8703 0.9982 -0.4801 0.9862 0.0968
3.8902 0.9980 -0.4341 0.9882 0.0815
3.9102 0.9980 -0.3867 0.9899 0.0690
3.9301 0.9979 -0.3382 0.9913 0.0593
3.9501 0.9978 -0.2887 0.9926 0.0526
3.9701 0.9978 -0.2382 0.9936 0.0489
3.9900 0.9977 -0.1870 0.9945 0.0481
4.0099 0.9977 -0.1353 0.9952 0.0503
4.0299 0.9977 -0.0830 0.9959 0.0555
4.0499 0.9976 -0.0305 0.9964 0.0635
4.0698 0.9976 0.0222 0.9969 0.0742
4.0897 0.9975 0.0749 0.9973 0.0877
4.1097 0.9974 0.1275 0.9977 0.1037
4.1296 0.9973 0.1798 0.9979 0.1224
4.1496 0.9972 0.2316 0.9979 0.1435
4.1696 0.9971 0.2828 0.9977 0.1670
4.1895 0.9971 0.3333 0.9973 0.1928
4.2094 0.9970 0.3828 0.9965 0.2207
4.2294 0.9969 0.4313 0.9954 0.2506
4.2493 0.9969 0.4786 0.9939 0.2822
4.2693 0.9969 0.5245 0.9920 0.3152
4.2892 0.9969 0.5690 0.9898 0.3496
4.3092 0.9970 0.6119 0.9871 0.3850
4.3292 0.9971 0.6530 0.9841 0.4211
4.3491 0.9972 0.6924 0.9809 0.4579
4.3690 0.9974 0.7298 0.9775 0.4950
4.3890 0.9976 0.7651 0.9741 0.5323
4.4089 0.9979 0.7983 0.9708 0.5695
4.4289 0.9982 0.8292 0.9676 0.6065
4.4489 0.9984 0.8578 0.9648 0.6430
4.4688 0.9987 0.8839 0.9624 0.6788
4.4887 0.9990 0.9075 0.9606 0.7137
4.5087 0.9993 0.9286 0.9594 0.7474
4.5286 0.9995 0.9470 0.9589 0.7797
4.5486 0.9997 0.9627 0.9591 0.8104
4.5685 0.9998 0.9757 0.9601 0.8392
4.5885 0.9999 0.9860 0.9617 0.8661
4.6084 0.9999 0.9934 0.9640 0.8908
4.6284 0.9998 0.9981 0.9668 0.9133
4.6483 0.9997 0.9999 0.9701 0.9334
4.6683 0.9996 0.9988 0.9737 0.9511
4.6883 0.9994 0.9949 0.9774 0.9662
4.7082 0.9991 0.9882 0.9812 0.9786
4.7281 0.9989 0.9786 0.9848 0.9882
4.7481 0.9986 0.9663 0.9882 0.9950
4.7680 0.9983 0.9512 0.9913 0.9988
4.7880 0.9980 0.9334 0.9940 0.9996
4.8079 0.9977 0.9130 0.9961 0.9975
4.8279 0.9975 0.8900 0.9977 0.9923
4.8479 0.9972 0.8644 0.9988 0.9842
4.8678 0.9971 0.8365 0.9993 0.9733
4.8877 0.9969 0.8061 0.9993 0.9596
4.9077 0.9968 0.7735 0.9989 0.9432
4.9276 0.9968 0.7387 0.9981 0.9243
4.9476 0.9968 0.7018 0.9970 0.9030
4.9675 0.9968 0.6629 0.9957 0.8793
4.9875 0.9969 0.6222 0.9942 0.8535
5.0074 0.9970 0.5797 0.9927 0.8255
5.0274 0.9971 0.5356 0.9912 0.7957
5.0473 0.9972 0.4900 0.9898 0.7642
5.0673 0.9973 0.4431 0.9884 0.7311
5.0872 0.9975 0.3949 0.9871 0.6968
5.1072 0.9976 0.3457 0.9859 0.6615
5.1272 0.9977 0.2955 0.9848 0.6253
5.1471 0.9978 0.2445 0.9837 0.5886
5.1670 0.9979 0.1928 0.9827 0.5515
5.1870 0.9980 0.1407 0.9816 0.5143
5.2069 0.9980 0.0882 0.9805 0.4771
5.2269 0.9981 0.0354 0.9794 0.4402
5.2469 0.9981 -0.0173 0.9782 0.4037
5.2668 0.9982 -0.0700 0.9769 0.3678
5.2867 0.9983 -0.1224 0.9756 0.3329
5.3067 0.9984 -0.1743 0.9742 0.2991
5.3266 0.9984 -0.2257 0.9730 0.2667
5.3466 0.9986 -0.2763 0.9718 0.2359
5.3665 0.9987 -0.3261 0.9708 0.2070
5.3865 0.9988 -0.3748 0.9700 0.1801
5.4064 0.9990 -0.4224 0.9696 0.1554
5.4264 0.9992 -0.4688 0.9696 0.1330
5.4463 0.9993 -0.5137 0.9699 0.1130
5.4663 0.9995 -0.5570 0.9708 0.0956
5.4863 0.9996 -0.5987 0.9720 0.0808
5.5062 0.9998 -0.6386 0.9738 0.0686
5.5261 0.9999 -0.6766 0.9760 0.0592
5.5461 0.9999 -0.7125 0.9785 0.0526
5.5660 1.0000 -0.7463 0.9812 0.0489
5.5860 0.9999 -0.7778 0.9842 0.0481
5.6059 0.9998 -0.8071 0.9872 0.0504
5.6259 0.9997 -0.8339 0.9901 0.0556
5.6459 0.9995 -0.8582 0.9928 0.0638
5.6658 0.9993 -0.8800 0.9952 0.0750
5.6857 0.9990 -0.8992 0.9971 0.0889
5.7057 0.9986 -0.9157 0.9986 0.1055
5.7256 0.9983 -0.9295 0.9994 0.1246
5.7456 0.9979 -0.9406 0.9996 0.1461
5.7655 0.9976 -0.9488 0.9991 0.1699
5.7855 0.9972 -0.9543 0.9980 0.1957
5.8054 0.9969 -0.9568 0.9964 0.2236
5.8254 0.9966 -0.9566 0.9942 0.2533
5.8453 0.9963 -0.9534 0.9916 0.2848
5.8653 0.9961 -0.9475 0.9887 0.3177
5.8852 0.9960 -0.9387 0.9856 0.3520
5.9052 0.9959 -0.9271 0.9825 0.3874
5.9252 0.9959 -0.9128 0.9795 0.4237
5.9451 0.9959 -0.8958 0.9767 0.4607
5.9650 0.9960 -0.8761 0.9742 0.4980
5.9850 0.9962 -0.8538 0.9721 0.5354
6.0049 0.9964 -0.8290 0.9704 0.5726
6.0249 0.9966 -0.8017 0.9692 0.6096
6.0448 0.9969 -0.7721 0.9685 0.6460
6.0648 0.9972 -0.7401 0.9683 0.6816
6.0847 0.9975 -0.7059 0.9686 0.7164
6.1047 0.9977 -0.6695 0.9692 0.7499
6.1246 0.9980 -0.6312 0.9702 0.7821
6.1446 0.9983 -0.5910 0.9714 0.8128
6.1646 0.9985 -0.5490 0.9729 0.8417
6.1845 0.9987 -0.5053 0.9744 0.8686
6.2044 0.9989 -0.4601 0.9759 0.8933
6.2244 0.9990 -0.4136 0.9775 0.9157
6.2443 0.9991 -0.3657 0.9790 0.9355
6.2643 0.9992 -0.3168 0.9804 0.9529
6.2843 0.9993 -0.2668 0.9817 0.9675
6.3042 0.9993 -0.2160 0.9830 0.9794
6.3241 0.9994 -0.1645 0.9841 0.9885
6.3441 0.9994 -0.1124 0.9853 0.9949
6.3641 0.9995 -0.0600 0.9864 0.9984
6.3840 0.9995 -0.0073 0.9875 0.9990
6.4039 0.9996 0.0455 0.9887 0.9967
6.4239 0.9996 0.0981 0.9899 0.9915
6.4438 0.9997 0.1506 0.9912 0.9834
6.4638 0.9997 0.2026 0.9925 0.9724
6.4837 0.9997 0.2542 0.9938 0.9586
6.5037 0.9997 0.3050 0.9951 0.9420
6.5236 0.9997 0.3550 0.9963 0.9229
6.5436 0.9997 0.4041 0.9974 0.9013
6.5636 0.9996 0.4520 0.9983 0.8774
6.5835 0.9995 0.4987 0.9989 0.8513
6.6034 0.9994 0.5441 0.9991 0.8233
6.6234 0.9992 0.5879 0.9988 0.7934
6.6433 0.9990 0.6301 0.9981 0.7618
6.6633 0.9987 0.6705 0.9968 0.7287
6.6832 0.9984 0.7090 0.9951 0.6943
6.7032 0.9981 0.7455 0.9928 0.6588
6.7232 0.9978 0.7799 0.9901 0.6225
6.7431 0.9974 0.8121 0.9869 0.5855
6.7630 0.9970 0.8420 0.9835 0.5481
6.7830 0.9967 0.8695 0.9798 0.5106
6.8029 0.9964 0.8946 0.9761 0.4733
6.8229 0.9961 0.9171 0.9725 0.4364
6.8428 0.9958 0.9371 0.9690 0.4001
6.8628 0.9957 0.9543 0.9659 0.3646
6.8827 0.9955 0.9689 0.9632 0.3300
6.9027 0.9955 0.9807 0.9612 0.2967
6.9226 0.9955 0.9897 0.9597 0.2646
6.9426 0.9956 0.9959 0.9590 0.2341
6.9626 0.9957 0.9992 0.9589 0.2053
6.9825 0.9959 0.9997 0.9596 0.1784
7.0024 0.9962 0.9974 0.9610 0.1536
7.0224 0.9965 0.9922 0.9630 0.1312
7.0423 0.9968 0.9842 0.9655 0.1112
7.0623 0.9972 0.9735 0.9685 0.0939
7.0823 0.9975 0.9600 0.9717 0.0793
7.1022 0.9979 0.9437 0.9751 0.0675
7.1221 0.9983 0.9248 0.9786 0.0586
7.1421 0.9986 0.9033 0.9820 0.0524
7.1621 0.9989 0.8792 0.9852 0.0492
7.1820 0.9991 0.8526 0.9882 0.0488
7.2019 0.9993 0.8236 0.9908 0.0512
7.2219 0.9995 0.7922 0.9930 0.0566
7.2418 0.9996 0.7586 0.9948 0.0648
7.2618 0.9996 0.7229 0.9961 0.0758
7.2817 0.9997 0.6851 0.9971 0.0897
7.3017 0.9997 0.6454 0.9977 0.1064
7.3216 0.9996 0.6039 0.9980 0.1257
7.3416 0.9996 0.5607 0.9979 0.1475
7.3616 0.9995 0.5159 0.9977 0.1717
7.3815 0.9995 0.4697 0.9973 0.1980
7.4014 0.9994 0.4222 0.9968 0.2264
7.4214 0.9993 0.3735 0.9962 0.2564
7.4413 0.9992 0.3238 0.9956 0.2881
7.4613 0.9991 0.2732 0.9948 0.3212
7.4812 0.9991 0.2218 0.9941 0.3554
7.5012 0.9990 0.1699 0.9932 0.3907
7.5212 0.9989 0.1176 0.9922 0.4269
7.5411 0.9989 0.0650 0.9911 0.4637
7.5610 0.9988 0.0123 0.9899 0.5010
7.5810 0.9987 -0.0404 0.9885 0.5384
7.6009 0.9986 -0.0929 0.9868 0.5757
7.6209 0.9984 -0.1450 0.9849 0.6127
7.6408 0.9983 -0.1967 0.9829 0.6491
7.6608 0.9981 -0.2478 0.9806 0.6848
7.6807 0.9979 -0.2981 0.9782 0.7193
7.7007 0.9976 -0.3474 0.9758 0.7526
7.7207 0.9974 -0.3958 0.9733 0.7846
7.7406 0.9971 -0.4429 0.9709 0.8149
7.7605 0.9969 -0.4886 0.9687 0.8435
7.7805 0.9966 -0.5329 0.9667 0.8701
7.8004 0.9964 -0.5755 0.9651 0.8947
7.8204 0.9962 -0.6164 0.9640 0.9171
7.8403 0.9960 -0.6555 0.9634 0.9370
7.8603 0.9959 -0.6925 0.9634 0.9544
7.8803 0.9958 -0.7275 0.9640 0.9690
7.9002 0.9958 -0.7604 0.9652 0.9809
7.9201 0.9959 -0.7909 0.9670 0.9898
7.9401 0.9960 -0.8192 0.9694 0.9958
7.9600 0.9961 -0.8449 0.9721 0.9989
7.9800 0.9963 -0.8682 0.9753 0.9991
7.9999 0.9966 -0.8889 0.9787 0.9963
8.0199 0.9969 -0.9069 0.9821 0.9907
8.0398 0.9972 -0.9222 0.9856 0.9822
8.0598 0.9976 -0.9348 0.9888 0.9709
8.0798 0.9979 -0.9445 0.9918 0.9569
8.0997 0.9983 -0.9515 0.9944 0.9402
8.1197 0.9986 -0.9556 0.9964 0.9210
8.1396 0.9989 -0.9570 0.9979 0.8992
8.1595 0.9992 -0.9555 0.9988 0.8751
8.1795 0.9994 -0.9511 0.9990 0.8488
8.1994 0.9995 -0.9440 0.9987 0.8205
8.2194 0.9996 -0.9340 0.9978 0.7904
8.2393 0.9997 -0.9213 0.9964 0.7587
8.2593 0.9997 -0.9059 0.9947 0.7256
8.2792 0.9996 -0.8877 0.9926 0.6913
8.2992 0.9995 -0.8669 0.9903 0.6559
8.3192 0.9994 -0.8435 0.9880 0.6197
8.3391 0.9992 -0.8176 0.9856 0.5829
8.3590 0.9990 -0.7892 0.9834 0.5456
8.3790 0.9988 -0.7585 0.9814 0.5081
8.3989 0.9986 -0.7255 0.9796 0.4706
8.4189 0.9984 -0.6903 0.9781 0.4335
8.4388 0.9983 -0.6531 0.9769 0.3969
8.4588 0.9981 -0.6140 0.9760 0.3612
8.4787 0.9980 -0.5730 0.9754 0.3265
8.4987 0.9978 -0.5303 0.9750 0.2932
8.5187 0.9978 -0.4859 0.9748 0.2613
8.5386 0.9977 -0.4401 0.9748 0.2311
8.5585 0.9976 -0.3929 0.9749 0.2028
8.5785 0.9976 -0.3446 0.9751 0.1763
8.5984 0.9976 -0.2951 0.9753 0.1520
8.6184 0.9975 -0.2448 0.9755 0.1299
8.6383 0.9975 -0.1936 0.9757 0.1101
8.6583 0.9975 -0.1419 0.9759 0.0929
8.6783 0.9974 -0.0897 0.9761 0.0783
8.6982 0.9974 -0.0372 0.9764 0.0665
8.7181 0.9973 0.0155 0.9767 0.0576
8.7381 0.9972 0.0682 0.9772 0.0517
8.7580 0.9972 0.1207 0.9778 0.0487
8.7780 0.9971 0.1730 0.9787 0.0487
8.7980 0.9970 0.2249 0.9797 0.0517
8.8179 0.9969 0.2762 0.9810 0.0575
8.8378 0.9969 0.3267 0.9826 0.0662
8.8578 0.9969 0.3764 0.9844 0.0776
8.8777 0.9968 0.4250 0.9863 0.0917
8.8977 0.9969 0.4725 0.9884 0.1084
8.9177 0.9970 0.5186 0.9905 0.1277
8.9376 0.9971 0.5633 0.9926 0.1494
8.9575 0.9972 0.6064 0.9945 0.1735
8.9775 0.9974 0.6478 0.9962 0.1998
8.9974 0.9976 0.6874 0.9976 0.2282
9.0174 0.9979 0.7250 0.9985 0.2585
9.0373 0.9981 0.7606 0.9989 0.2904
9.0573 0.9984 0.7941 0.9988 0.3238
9.0772 0.9987 0.8253 0.9981 0.3583
9.0972 0.9989 0.8542 0.9967 0.3939
9.1172 0.9992 0.8806 0.9948 0.4302
9.1371 0.9994 0.9046 0.9924 0.4670
9.1570 0.9995 0.9260 0.9895 0.5041
9.1770 0.9996 0.9447 0.9863 0.5414
9.1969 0.9997 0.9608 0.9829 0.5787
9.2169 0.9997 0.9741 0.9793 0.6156
9.2369 0.9996 0.9847 0.9758 0.6520
9.2568 0.9995 0.9925 0.9725 0.6876
9.2767 0.9993 0.9975 0.9694 0.7223
9.2967 0.9991 0.9996 0.9668 0.7556
9.3166 0.9989 0.9990 0.9647 0.7875
9.3366 0.9986 0.9955 0.9632 0.8177
9.3565 0.9983 0.9891 0.9623 0.8461
9.3765 0.9980 0.9799 0.9621 0.8724
9.3964 0.9977 0.9680 0.9625 0.8966
9.4164 0.9974 0.9533 0.9634 0.9184
9.4363 0.9972 0.9358 0.9649 0.9379
9.4563 0.9970 0.9157 0.9669 0.9549
9.4763 0.9968 0.8930 0.9692 0.9694
9.4962 0.9967 0.8678 0.9718 0.9811
9.5161 0.9966 0.8401 0.9745 0.9900
9.5361 0.9966 0.8101 0.9772 0.9960
9.5560 0.9966 0.7777 0.9799 0.9991
9.5760 0.9966 0.7432 0.9825 0.9992
9.5959 0.9967 0.7065 0.9849 0.9963
9.6159 0.9968 0.6679 0.9870 0.9904
9.6358 0.9969 0.6274 0.9889 0.9817
9.6558 0.9971 0.5851 0.9905 0.9701
9.6758 0.9972 0.5412 0.9919 0.9557
9.6957 0.9973 0.4958 0.9931 0.9388
9.7157 0.9975 0.4490 0.9940 0.9193
9.7356 0.9976 0.4010 0.9948 0.8973
9.7555 0.9977 0.3518 0.9955 0.8731
9.7755 0.9978 0.3017 0.9960 0.8466
9.7954 0.9979 0.2509 0.9965 0.8182
9.8154 0.9980 0.1993 0.9969 0.7878
9.8354 0.9980 0.1472 0.9972 0.7559
9.8553 0.9981 0.0948 0.9973 0.7224
9.8752 0.9982 0.0421 0.9974 0.6878
9.8952 0.9982 -0.0107 0.9973 0.6522
9.9152 0.9983 -0.0634 0.9970 0.6159
9.9351 0.9984 -0.1158 0.9964 0.5791
9.9550 0.9985 -0.1678 0.9956 0.5420
9.9750 0.9987 -0.2193 0.9944 0.5048
9.9949 0.9988 -0.2701 0.9928 0.4677
10.0149 0.9989 -0.3200 0.9909 0.4308
