 t	 x	 y	 z
0.0000 1.0000 1.0000 1.0000
0.0100 0.9990 0.9998 0.9998
0.0200 0.9960 0.9991 0.9992
0.0300 0.9910 0.9981 0.9982
0.0400 0.9841 0.9966 0.9967
0.0500 0.9752 0.9947 0.9949
0.0600 0.9645 0.9923 0.9927
0.0700 0.9519 0.9895 0.9900
0.0800 0.9376 0.9863 0.9870
0.0900 0.9216 0.9827 0.9835
0.1000 0.9040 0.9787 0.9797
0.1100 0.8849 0.9743 0.9755
0.1200 0.8644 0.9694 0.9708
0.1300 0.8425 0.9641 0.9658
0.1400 0.8195 0.9585 0.9604
0.1500 0.7953 0.9524 0.9546
0.1600 0.7702 0.9460 0.9484
0.1700 0.7442 0.9391 0.9418
0.1800 0.7175 0.9319 0.9349
0.1900 0.6902 0.9242 0.9275
0.2000 0.6623 0.9162 0.9198
0.2100 0.6341 0.9078 0.9118
0.2200 0.6056 0.8991 0.9033
0.2300 0.5770 0.8900 0.8945
0.2400 0.5484 0.8805 0.8854
0.2500 0.5199 0.8706 0.8759
0.2600 0.4916 0.8605 0.8660
0.2700 0.4635 0.8499 0.8558
0.2800 0.4359 0.8390 0.8453
0.2900 0.4088 0.8278 0.8344
0.3000 0.3823 0.8163 0.8232
0.3100 0.3565 0.8044 0.8116
0.3200 0.3314 0.7922 0.7997
0.3300 0.3071 0.7797 0.7875
0.3400 0.2836 0.7669 0.7750
0.3500 0.2611 0.7538 0.7622
0.3600 0.2396 0.7404 0.7491
0.3700 0.2190 0.7267 0.7356
0.3800 0.1994 0.7127 0.7219
0.3900 0.1809 0.6984 0.7079
0.4000 0.1635 0.6838 0.6936
0.4100 0.1471 0.6690 0.6790
0.4200 0.1317 0.6539 0.6641
0.4300 0.1174 0.6385 0.6490
0.4400 0.1041 0.6229 0.6336
0.4500 0.0918 0.6070 0.6179
0.4600 0.0805 0.5909 0.6020
0.4700 0.0702 0.5745 0.5859
0.4800 0.0607 0.5579 0.5695
0.4900 0.0521 0.5411 0.5529
0.5000 0.0444 0.5240 0.5361
0.5100 0.0374 0.5067 0.5190
0.5200 0.0312 0.4892 0.5018
0.5300 0.0256 0.4715 0.4843
0.5400 0.0207 0.4536 0.4667
0.5500 0.0164 0.4355 0.4489
0.5600 0.0126 0.4173 0.4309
0.5700 0.0093 0.3988 0.4127
0.5800 0.0065 0.3802 0.3944
0.5900 0.0040 0.3613 0.3759
0.6000 0.0019 0.3424 0.3572
0.6100 0.0001 0.3232 0.3385
0.6200 -0.0015 0.3040 0.3196
0.6300 -0.0028 0.2846 0.3006
0.6400 -0.0040 0.2650 0.2815
0.6500 -0.0050 0.2453 0.2622
0.6600 -0.0058 0.2256 0.2429
0.6700 -0.0066 0.2057 0.2235
0.6800 -0.0073 0.1857 0.2040
0.6900 -0.0079 0.1656 0.1844
0.7000 -0.0085 0.1454 0.1648
0.7100 -0.0091 0.1252 0.1451
0.7200 -0.0097 0.1049 0.1254
0.7300 -0.0102 0.0846 0.1056
0.7400 -0.0107 0.0642 0.0858
0.7500 -0.0113 0.0438 0.0660
0.7600 -0.0118 0.0233 0.0461
0.7700 -0.0124 0.0029 0.0262
0.7800 -0.0129 -0.0176 0.0064
0.7900 -0.0135 -0.0380 -0.0135
0.8000 -0.0141 -0.0584 -0.0333
0.8100 -0.0147 -0.0788 -0.0531
0.8200 -0.0152 -0.0992 -0.0729
0.8300 -0.0158 -0.1195 -0.0927
0.8400 -0.0164 -0.1398 -0.1124
0.8500 -0.0170 -0.1599 -0.1321
0.8600 -0.0176 -0.1800 -0.1517
0.8700 -0.0182 -0.2000 -0.1712
0.8800 -0.0189 -0.2199 -0.1907
0.8900 -0.0195 -0.2397 -0.2101
0.9000 -0.0203 -0.2594 -0.2293
0.9100 -0.0211 -0.2789 -0.2485
0.9200 -0.0219 -0.2983 -0.2676
0.9300 -0.0229 -0.3175 -0.2866
0.9400 -0.0240 -0.3366 -0.3054
0.9500 -0.0253 -0.3555 -0.3241
0.9600 -0.0267 -0.3742 -0.3427
0.9700 -0.0284 -0.3927 -0.3611
0.9800 -0.0303 -0.4110 -0.3794
0.9900 -0.0325 -0.4292 -0.3975
1.0000 -0.0350 -0.4471 -0.4154
1.0100 -0.0378 -0.4647 -0.4331
1.0200 -0.0410 -0.4822 -0.4507
1.0300 -0.0447 -0.4994 -0.4681
1.0400 -0.0489 -0.5163 -0.4852
1.0500 -0.0535 -0.5331 -0.5022
1.0600 -0.0587 -0.5495 -0.5189
1.0700 -0.0645 -0.5657 -0.5354
1.0800 -0.0710 -0.5816 -0.5517
1.0900 -0.0780 -0.5972 -0.5677
1.1000 -0.0858 -0.6126 -0.5835
1.1100 -0.0943 -0.6276 -0.5990
1.1200 -0.1035 -0.6424 -0.6143
1.1300 -0.1135 -0.6569 -0.6293
1.1400 -0.1242 -0.6711 -0.6440
1.1500 -0.1357 -0.6849 -0.6585
1.1600 -0.1481 -0.6985 -0.6727
1.1700 -0.1612 -0.7117 -0.6866
1.1800 -0.1751 -0.7246 -0.7001
1.1900 -0.1897 -0.7373 -0.7134
1.2000 -0.2052 -0.7495 -0.7264
1.2100 -0.2214 -0.7615 -0.7391
1.2200 -0.2382 -0.7731 -0.7515
1.2300 -0.2558 -0.7844 -0.7635
1.2400 -0.2740 -0.7953 -0.7752
1.2500 -0.2928 -0.8060 -0.7866
1.2600 -0.3121 -0.8162 -0.7977
1.2700 -0.3319 -0.8261 -0.8084
1.2800 -0.3520 -0.8357 -0.8188
1.2900 -0.3726 -0.8450 -0.8288
1.3000 -0.3934 -0.8538 -0.8385
1.3100 -0.4144 -0.8624 -0.8479
1.3200 -0.4355 -0.8705 -0.8569
1.3300 -0.4566 -0.8783 -0.8655
1.3400 -0.4777 -0.8858 -0.8738
1.3500 -0.4987 -0.8929 -0.8817
1.3600 -0.5194 -0.8996 -0.8892
1.3700 -0.5397 -0.9059 -0.8963
1.3800 -0.5597 -0.9119 -0.9031
1.3900 -0.5792 -0.9175 -0.9095
1.4000 -0.5980 -0.9227 -0.9155
1.4100 -0.6162 -0.9276 -0.9212
1.4200 -0.6336 -0.9320 -0.9264
1.4300 -0.6502 -0.9361 -0.9313
1.4400 -0.6659 -0.9398 -0.9357
1.4500 -0.6805 -0.9431 -0.9398
1.4600 -0.6941 -0.9460 -0.9435
1.4700 -0.7066 -0.9485 -0.9468
1.4800 -0.7180 -0.9506 -0.9496
1.4900 -0.7281 -0.9523 -0.9521
1.5000 -0.7369 -0.9537 -0.9542
1.5100 -0.7444 -0.9546 -0.9558
1.5200 -0.7506 -0.9551 -0.9571
1.5300 -0.7555 -0.9551 -0.9579
1.5400 -0.7590 -0.9548 -0.9584
1.5500 -0.7611 -0.9541 -0.9584
1.5600 -0.7619 -0.9529 -0.9580
1.5700 -0.7614 -0.9513 -0.9572
1.5800 -0.7595 -0.9493 -0.9560
1.5900 -0.7564 -0.9469 -0.9544
1.6000 -0.7519 -0.9441 -0.9524
1.6100 -0.7463 -0.9408 -0.9500
1.6200 -0.7395 -0.9372 -0.9471
1.6300 -0.7316 -0.9331 -0.9439
1.6400 -0.7226 -0.9285 -0.9403
1.6500 -0.7126 -0.9236 -0.9363
1.6600 -0.7018 -0.9182 -0.9318
1.6700 -0.6901 -0.9124 -0.9270
1.6800 -0.6777 -0.9062 -0.9218
1.6900 -0.6645 -0.8996 -0.9162
1.7000 -0.6509 -0.8926 -0.9102
1.7100 -0.6367 -0.8851 -0.9038
1.7200 -0.6221 -0.8773 -0.8971
1.7300 -0.6072 -0.8690 -0.8900
1.7400 -0.5920 -0.8604 -0.8825
1.7500 -0.5768 -0.8513 -0.8746
1.7600 -0.5615 -0.8418 -0.8664
1.7700 -0.5462 -0.8320 -0.8577
1.7800 -0.5310 -0.8217 -0.8488
1.7900 -0.5160 -0.8111 -0.8395
1.8000 -0.5013 -0.8001 -0.8298
1.8100 -0.4870 -0.7888 -0.8198
1.8200 -0.4730 -0.7770 -0.8094
1.8300 -0.4596 -0.7650 -0.7987
1.8400 -0.4466 -0.7525 -0.7877
1.8500 -0.4342 -0.7398 -0.7763
1.8600 -0.4225 -0.7266 -0.7646
1.8700 -0.4114 -0.7132 -0.7526
1.8800 -0.4010 -0.6994 -0.7403
1.8900 -0.3914 -0.6854 -0.7276
1.9000 -0.3824 -0.6710 -0.7146
1.9100 -0.3743 -0.6563 -0.7014
1.9200 -0.3669 -0.6413 -0.6878
1.9300 -0.3602 -0.6261 -0.6740
1.9400 -0.3544 -0.6105 -0.6598
1.9500 -0.3493 -0.5947 -0.6454
1.9600 -0.3449 -0.5787 -0.6307
1.9700 -0.3413 -0.5624 -0.6157
1.9800 -0.3383 -0.5459 -0.6005
1.9900 -0.3361 -0.5291 -0.5850
2.0000 -0.3344 -0.5121 -0.5692
2.0100 -0.3334 -0.4949 -0.5532
2.0200 -0.3330 -0.4775 -0.5370
2.0300 -0.3331 -0.4599 -0.5205
2.0400 -0.3338 -0.4421 -0.5038
2.0500 -0.3349 -0.4241 -0.4869
2.0600 -0.3364 -0.4060 -0.4698
2.0700 -0.3383 -0.3877 -0.4524
2.0800 -0.3405 -0.3692 -0.4349
2.0900 -0.3430 -0.3506 -0.4172
2.1000 -0.3458 -0.3318 -0.3993
2.1100 -0.3489 -0.3129 -0.3812
2.1200 -0.3521 -0.2939 -0.3629
2.1300 -0.3554 -0.2748 -0.3445
2.1400 -0.3589 -0.2556 -0.3260
2.1500 -0.3624 -0.2362 -0.3073
2.1600 -0.3661 -0.2168 -0.2884
2.1700 -0.3697 -0.1973 -0.2695
2.1800 -0.3734 -0.1777 -0.2504
2.1900 -0.3770 -0.1580 -0.2312
2.2000 -0.3807 -0.1383 -0.2119
2.2100 -0.3843 -0.1185 -0.1926
2.2200 -0.3878 -0.0986 -0.1731
2.2300 -0.3913 -0.0787 -0.1535
2.2400 -0.3947 -0.0588 -0.1339
2.2500 -0.3980 -0.0388 -0.1143
2.2600 -0.4012 -0.0188 -0.0945
2.2700 -0.4044 0.0012 -0.0748
2.2800 -0.4074 0.0212 -0.0550
2.2900 -0.4104 0.0412 -0.0352
2.3000 -0.4132 0.0612 -0.0153
2.3100 -0.4160 0.0812 0.0046
2.3200 -0.4186 0.1012 0.0244
2.3300 -0.4212 0.1212 0.0443
2.3400 -0.4237 0.1411 0.0641
2.3500 -0.4260 0.1610 0.0840
2.3600 -0.4282 0.1809 0.1038
2.3700 -0.4303 0.2007 0.1236
2.3800 -0.4322 0.2204 0.1433
2.3900 -0.4340 0.2400 0.1630
2.4000 -0.4356 0.2596 0.1826
2.4100 -0.4370 0.2791 0.2022
2.4200 -0.4382 0.2985 0.2216
2.4300 -0.4391 0.3178 0.2410
2.4400 -0.4397 0.3370 0.2604
2.4500 -0.4401 0.3561 0.2796
2.4600 -0.4401 0.3750 0.2987
2.4700 -0.4397 0.3938 0.3177
2.4800 -0.4389 0.4124 0.3366
2.4900 -0.4377 0.4309 0.3554
2.5000 -0.4359 0.4493 0.3740
2.5100 -0.4335 0.4675 0.3925
2.5200 -0.4306 0.4854 0.4108
2.5300 -0.4270 0.5032 0.4290
2.5400 -0.4226 0.5208 0.4470
2.5500 -0.4175 0.5382 0.4648
2.5600 -0.4116 0.5554 0.4825
2.5700 -0.4048 0.5723 0.5000
2.5800 -0.3971 0.5891 0.5172
2.5900 -0.3885 0.6055 0.5343
2.6000 -0.3788 0.6218 0.5511
2.6100 -0.3681 0.6377 0.5678
2.6200 -0.3562 0.6534 0.5842
2.6300 -0.3433 0.6688 0.6003
2.6400 -0.3291 0.6840 0.6163
2.6500 -0.3138 0.6988 0.6319
2.6600 -0.2973 0.7133 0.6474
2.6700 -0.2795 0.7276 0.6625
2.6800 -0.2606 0.7415 0.6774
2.6900 -0.2404 0.7551 0.6920
2.7000 -0.2189 0.7684 0.7064
2.7100 -0.1963 0.7813 0.7204
2.7200 -0.1724 0.7939 0.7342
2.7300 -0.1475 0.8062 0.7477
2.7400 -0.1213 0.8180 0.7608
2.7500 -0.0941 0.8296 0.7737
2.7600 -0.0659 0.8408 0.7863
2.7700 -0.0367 0.8516 0.7985
2.7800 -0.0066 0.8620 0.8104
2.7900 0.0243 0.8721 0.8220
2.8000 0.0559 0.8818 0.8332
2.8100 0.0882 0.8911 0.8441
2.8200 0.1211 0.9000 0.8547
2.8300 0.1544 0.9085 0.8649
2.8400 0.1880 0.9166 0.8748
2.8500 0.2219 0.9244 0.8844
2.8600 0.2559 0.9317 0.8935
2.8700 0.2898 0.9386 0.9024
2.8800 0.3237 0.9452 0.9108
2.8900 0.3573 0.9513 0.9189
2.9000 0.3905 0.9570 0.9266
2.9100 0.4233 0.9623 0.9340
2.9200 0.4554 0.9673 0.9410
2.9300 0.4867 0.9718 0.9476
2.9400 0.5172 0.9759 0.9538
2.9500 0.5467 0.9796 0.9596
2.9600 0.5752 0.9829 0.9651
2.9700 0.6024 0.9857 0.9702
2.9800 0.6282 0.9882 0.9748
2.9900 0.6527 0.9903 0.9791
3.0000 0.6757 0.9919 0.9830
3.0100 0.6971 0.9932 0.9865
3.0200 0.7169 0.9940 0.9896
3.0300 0.7349 0.9945 0.9923
3.0400 0.7511 0.9945 0.9946
3.0500 0.7655 0.9942 0.9964
3.0600 0.7781 0.9934 0.9979
3.0700 0.7888 0.9922 0.9990
3.0800 0.7975 0.9906 0.9997
3.0900 0.8043 0.9887 0.9999
3.1000 0.8093 0.9863 0.9998
3.1100 0.8123 0.9835 0.9992
3.1200 0.8134 0.9803 0.9983
3.1300 0.8128 0.9768 0.9969
3.1400 0.8103 0.9728 0.9951
3.1500 0.8060 0.9684 0.9929
3.1600 0.8001 0.9637 0.9903
3.1700 0.7926 0.9585 0.9873
3.1800 0.7835 0.9530 0.9839
3.1900 0.7730 0.9471 0.9802
3.2000 0.7611 0.9408 0.9760
3.2100 0.7480 0.9340 0.9714
3.2200 0.7337 0.9270 0.9664
3.2300 0.7184 0.9195 0.9610
3.2400 0.7021 0.9116 0.9553
3.2500 0.6850 0.9034 0.9491
3.2600 0.6672 0.8948 0.9426
3.2700 0.6488 0.8858 0.9357
3.2800 0.6299 0.8764 0.9284
3.2900 0.6107 0.8667 0.9207
3.3000 0.5912 0.8566 0.9127
3.3100 0.5716 0.8461 0.9043
3.3200 0.5520 0.8353 0.8955
3.3300 0.5324 0.8241 0.8864
3.3400 0.5131 0.8126 0.8769
3.3500 0.4940 0.8007 0.8671
3.3600 0.4753 0.7884 0.8569
3.3700 0.4571 0.7759 0.8464
3.3800 0.4395 0.7629 0.8356
3.3900 0.4224 0.7497 0.8244
3.4000 0.4061 0.7361 0.8129
3.4100 0.3904 0.7222 0.8010
3.4200 0.3756 0.7080 0.7889
3.4300 0.3617 0.6935 0.7764
3.4400 0.3486 0.6786 0.7636
3.4500 0.3364 0.6635 0.7505
3.4600 0.3251 0.6481 0.7371
3.4700 0.3148 0.6324 0.7234
3.4800 0.3054 0.6164 0.7094
3.4900 0.2970 0.6002 0.6951
3.5000 0.2895 0.5837 0.6806
3.5100 0.2829 0.5669 0.6658
3.5200 0.2772 0.5499 0.6507
3.5300 0.2724 0.5327 0.6353
3.5400 0.2684 0.5152 0.6197
3.5500 0.2653 0.4976 0.6039
3.5600 0.2629 0.4797 0.5878
3.5700 0.2613 0.4616 0.5714
3.5800 0.2603 0.4433 0.5548
3.5900 0.2600 0.4248 0.5381
3.6000 0.2602 0.4062 0.5210
3.6100 0.2610 0.3874 0.5038
3.6200 0.2623 0.3685 0.4864
3.6300 0.2640 0.3494 0.4688
3.6400 0.2661 0.3302 0.4510
3.6500 0.2685 0.3108 0.4330
3.6600 0.2712 0.2913 0.4149
3.6700 0.2742 0.2718 0.3966
3.6800 0.2773 0.2521 0.3781
3.6900 0.2806 0.2324 0.3595
3.7000 0.2840 0.2125 0.3407
3.7100 0.2875 0.1926 0.3219
3.7200 0.2910 0.1727 0.3029
3.7300 0.2945 0.1527 0.2837
3.7400 0.2980 0.1326 0.2645
3.7500 0.3014 0.1126 0.2452
3.7600 0.3048 0.0925 0.2258
3.7700 0.3082 0.0724 0.2063
3.7800 0.3114 0.0522 0.1868
3.7900 0.3145 0.0321 0.1671
3.8000 0.3175 0.0120 0.1474
3.8100 0.3204 -0.0081 0.1277
3.8200 0.3232 -0.0281 0.1079
3.8300 0.3258 -0.0481 0.0881
3.8400 0.3284 -0.0681 0.0683
3.8500 0.3308 -0.0880 0.0485
3.8600 0.3331 -0.1079 0.0286
3.8700 0.3352 -0.1277 0.0088
3.8800 0.3373 -0.1475 -0.0111
3.8900 0.3393 -0.1671 -0.0309
3.9000 0.3411 -0.1867 -0.0508
3.9100 0.3429 -0.2062 -0.0705
3.9200 0.3446 -0.2255 -0.0903
3.9300 0.3461 -0.2448 -0.1100
3.9400 0.3476 -0.2640 -0.1296
3.9500 0.3490 -0.2830 -0.1492
3.9600 0.3502 -0.3019 -0.1688
3.9700 0.3513 -0.3207 -0.1882
3.9800 0.3523 -0.3394 -0.2076
3.9900 0.3532 -0.3579 -0.2268
4.0000 0.3539 -0.3762 -0.2460
4.0100 0.3544 -0.3944 -0.2651
4.0200 0.3547 -0.4125 -0.2840
4.0300 0.3548 -0.4304 -0.3029
4.0400 0.3547 -0.4480 -0.3216
4.0500 0.3542 -0.4655 -0.3401
4.0600 0.3534 -0.4829 -0.3586
4.0700 0.3523 -0.5000 -0.3768
4.0800 0.3508 -0.5169 -0.3949
4.0900 0.3489 -0.5336 -0.4128
4.1000 0.3465 -0.5501 -0.4306
4.1100 0.3436 -0.5664 -0.4482
4.1200 0.3402 -0.5824 -0.4655
4.1300 0.3362 -0.5982 -0.4827
4.1400 0.3316 -0.6137 -0.4997
4.1500 0.3263 -0.6290 -0.5164
4.1600 0.3204 -0.6441 -0.5330
4.1700 0.3137 -0.6588 -0.5492
4.1800 0.3063 -0.6733 -0.5653
4.1900 0.2981 -0.6875 -0.5811
4.2000 0.2892 -0.7014 -0.5967
4.2100 0.2794 -0.7151 -0.6120
4.2200 0.2687 -0.7284 -0.6270
4.2300 0.2572 -0.7414 -0.6418
4.2400 0.2449 -0.7541 -0.6563
4.2500 0.2317 -0.7664 -0.6705
4.2600 0.2177 -0.7784 -0.6844
4.2700 0.2028 -0.7901 -0.6980
4.2800 0.1872 -0.8014 -0.7114
4.2900 0.1707 -0.8124 -0.7244
4.3000 0.1534 -0.8230 -0.7371
4.3100 0.1354 -0.8333 -0.7495
4.3200 0.1168 -0.8432 -0.7616
4.3300 0.0974 -0.8527 -0.7733
4.3400 0.0775 -0.8618 -0.7847
4.3500 0.0571 -0.8705 -0.7958
4.3600 0.0361 -0.8788 -0.8066
4.3700 0.0148 -0.8867 -0.8170
4.3800 -0.0069 -0.8942 -0.8270
4.3900 -0.0288 -0.9013 -0.8368
4.4000 -0.0509 -0.9080 -0.8461
4.4100 -0.0731 -0.9143 -0.8551
4.4200 -0.0953 -0.9201 -0.8638
4.4300 -0.1175 -0.9255 -0.8721
4.4400 -0.1394 -0.9305 -0.8800
4.4500 -0.1612 -0.9351 -0.8876
4.4600 -0.1826 -0.9392 -0.8947
4.4700 -0.2035 -0.9429 -0.9015
4.4800 -0.2240 -0.9462 -0.9080
4.4900 -0.2439 -0.9490 -0.9140
4.5000 -0.2630 -0.9514 -0.9197
4.5100 -0.2815 -0.9533 -0.9250
4.5200 -0.2991 -0.9548 -0.9299
4.5300 -0.3158 -0.9559 -0.9344
4.5400 -0.3315 -0.9565 -0.9385
4.5500 -0.3463 -0.9567 -0.9422
4.5600 -0.3599 -0.9565 -0.9455
4.5700 -0.3725 -0.9558 -0.9484
4.5800 -0.3838 -0.9547 -0.9510
4.5900 -0.3940 -0.9532 -0.9531
4.6000 -0.4030 -0.9512 -0.9548
4.6100 -0.4107 -0.9489 -0.9561
4.6200 -0.4172 -0.9461 -0.9570
4.6300 -0.4225 -0.9429 -0.9575
4.6400 -0.4265 -0.9393 -0.9576
4.6500 -0.4293 -0.9353 -0.9573
4.6600 -0.4310 -0.9308 -0.9565
4.6700 -0.4314 -0.9260 -0.9554
4.6800 -0.4307 -0.9208 -0.9538
4.6900 -0.4289 -0.9152 -0.9519
4.7000 -0.4261 -0.9092 -0.9495
4.7100 -0.4223 -0.9028 -0.9468
4.7200 -0.4176 -0.8960 -0.9436
4.7300 -0.4120 -0.8889 -0.9400
4.7400 -0.4057 -0.8814 -0.9361
4.7500 -0.3987 -0.8735 -0.9317
4.7600 -0.3910 -0.8653 -0.9269
4.7700 -0.3828 -0.8567 -0.9218
4.7800 -0.3742 -0.8477 -0.9162
4.7900 -0.3652 -0.8384 -0.9103
4.8000 -0.3559 -0.8288 -0.9040
4.8100 -0.3464 -0.8188 -0.8973
4.8200 -0.3368 -0.8085 -0.8902
4.8300 -0.3272 -0.7979 -0.8827
4.8400 -0.3177 -0.7869 -0.8749
4.8500 -0.3083 -0.7756 -0.8667
4.8600 -0.2992 -0.7640 -0.8581
4.8700 -0.2904 -0.7521 -0.8492
4.8800 -0.2819 -0.7399 -0.8399
4.8900 -0.2739 -0.7274 -0.8303
4.9000 -0.2664 -0.7146 -0.8203
4.9100 -0.2595 -0.7014 -0.8100
4.9200 -0.2533 -0.6880 -0.7993
4.9300 -0.2477 -0.6743 -0.7883
4.9400 -0.2428 -0.6603 -0.7770
4.9500 -0.2386 -0.6461 -0.7653
4.9600 -0.2353 -0.6315 -0.7533
4.9700 -0.2327 -0.6167 -0.7410
4.9800 -0.2310 -0.6016 -0.7284
4.9900 -0.2301 -0.5863 -0.7155
5.0000 -0.2301 -0.5707 -0.7023
5.0100 -0.2308 -0.5548 -0.6887
5.0200 -0.2324 -0.5387 -0.6749
5.0300 -0.2348 -0.5223 -0.6608
5.0400 -0.2381 -0.5057 -0.6464
5.0500 -0.2421 -0.4889 -0.6318
5.0600 -0.2468 -0.4719 -0.6169
5.0700 -0.2523 -0.4546 -0.6017
5.0800 -0.2585 -0.4371 -0.5862
5.0900 -0.2653 -0.4194 -0.5705
5.1000 -0.2728 -0.4015 -0.5546
5.1100 -0.2808 -0.3833 -0.5384
5.1200 -0.2894 -0.3650 -0.5219
5.1300 -0.2985 -0.3465 -0.5053
5.1400 -0.3080 -0.3279 -0.4884
5.1500 -0.3179 -0.3090 -0.4713
5.1600 -0.3282 -0.2900 -0.4540
5.1700 -0.3388 -0.2709 -0.4365
5.1800 -0.3497 -0.2516 -0.4188
5.1900 -0.3609 -0.2321 -0.4010
5.2000 -0.3722 -0.2125 -0.3829
5.2100 -0.3837 -0.1928 -0.3647
5.2200 -0.3954 -0.1730 -0.3463
5.2300 -0.4072 -0.1531 -0.3278
5.2400 -0.4190 -0.1331 -0.3091
5.2500 -0.4308 -0.1130 -0.2903
5.2600 -0.4427 -0.0928 -0.2714
5.2700 -0.4546 -0.0726 -0.2523
5.2800 -0.4665 -0.0523 -0.2331
5.2900 -0.4783 -0.0319 -0.2139
5.3000 -0.4901 -0.0116 -0.1945
5.3100 -0.5018 0.0088 -0.1750
5.3200 -0.5134 0.0293 -0.1555
5.3300 -0.5249 0.0497 -0.1359
5.3400 -0.5364 0.0701 -0.1162
5.3500 -0.5477 0.0905 -0.0965
5.3600 -0.5590 0.1109 -0.0768
5.3700 -0.5701 0.1312 -0.0570
5.3800 -0.5811 0.1515 -0.0371
5.3900 -0.5920 0.1717 -0.0173
5.4000 -0.6027 0.1918 0.0026
5.4100 -0.6134 0.2119 0.0224
5.4200 -0.6238 0.2319 0.0423
5.4300 -0.6342 0.2518 0.0621
5.4400 -0.6443 0.2716 0.0820
5.4500 -0.6543 0.2912 0.1018
5.4600 -0.6641 0.3107 0.1215
5.4700 -0.6737 0.3301 0.1413
5.4800 -0.6831 0.3494 0.1610
5.4900 -0.6922 0.3685 0.1806
5.5000 -0.7010 0.3874 0.2001
5.5100 -0.7096 0.4061 0.2196
5.5200 -0.7177 0.4247 0.2390
5.5300 -0.7255 0.4431 0.2583
5.5400 -0.7329 0.4613 0.2775
5.5500 -0.7398 0.4793 0.2966
5.5600 -0.7462 0.4970 0.3156
5.5700 -0.7520 0.5146 0.3345
5.5800 -0.7572 0.5319 0.3533
5.5900 -0.7618 0.5490 0.3719
5.6000 -0.7657 0.5658 0.3904
5.6100 -0.7688 0.5824 0.4087
5.6200 -0.7710 0.5988 0.4269
5.6300 -0.7724 0.6149 0.4449
5.6400 -0.7729 0.6307 0.4627
5.6500 -0.7723 0.6463 0.4804
5.6600 -0.7708 0.6616 0.4979
5.6700 -0.7681 0.6766 0.5151
5.6800 -0.7643 0.6913 0.5322
5.6900 -0.7593 0.7058 0.5491
5.7000 -0.7531 0.7199 0.5657
5.7100 -0.7456 0.7337 0.5822
5.7200 -0.7368 0.7473 0.5983
5.7300 -0.7267 0.7605 0.6143
5.7400 -0.7152 0.7735 0.6300
5.7500 -0.7024 0.7861 0.6455
5.7600 -0.6882 0.7984 0.6606
5.7700 -0.6726 0.8103 0.6756
5.7800 -0.6556 0.8220 0.6902
5.7900 -0.6373 0.8333 0.7046
5.8000 -0.6176 0.8442 0.7187
5.8100 -0.5967 0.8548 0.7325
5.8200 -0.5744 0.8651 0.7460
5.8300 -0.5509 0.8751 0.7592
5.8400 -0.5262 0.8846 0.7721
5.8500 -0.5004 0.8939 0.7847
5.8600 -0.4735 0.9027 0.7969
5.8700 -0.4457 0.9112 0.8089
5.8800 -0.4169 0.9194 0.8205
5.8900 -0.3873 0.9271 0.8318
5.9000 -0.3570 0.9345 0.8427
5.9100 -0.3261 0.9415 0.8533
5.9200 -0.2947 0.9482 0.8636
5.9300 -0.2628 0.9544 0.8735
5.9400 -0.2307 0.9603 0.8831
5.9500 -0.1984 0.9657 0.8923
5.9600 -0.1660 0.9708 0.9012
5.9700 -0.1338 0.9754 0.9097
5.9800 -0.1017 0.9797 0.9178
5.9900 -0.0699 0.9836 0.9256
6.0000 -0.0385 0.9870 0.9330
6.0100 -0.0077 0.9901 0.9400
6.0200 0.0224 0.9927 0.9466
6.0300 0.0517 0.9949 0.9529
6.0400 0.0801 0.9967 0.9587
6.0500 0.1076 0.9981 0.9642
6.0600 0.1339 0.9990 0.9694
6.0700 0.1590 0.9996 0.9741
6.0800 0.1828 0.9997 0.9784
6.0900 0.2052 0.9994 0.9823
6.1000 0.2262 0.9986 0.9859
6.1100 0.2457 0.9975 0.9890
6.1200 0.2636 0.9959 0.9917
6.1300 0.2799 0.9938 0.9941
6.1400 0.2946 0.9914 0.9960
6.1500 0.3076 0.9885 0.9976
6.1600 0.3189 0.9852 0.9987
6.1700 0.3285 0.9815 0.9994
6.1800 0.3364 0.9774 0.9997
6.1900 0.3426 0.9728 0.9997
6.2000 0.3472 0.9679 0.9992
6.2100 0.3501 0.9625 0.9983
6.2200 0.3515 0.9567 0.9970
6.2300 0.3513 0.9505 0.9952
6.2400 0.3497 0.9439 0.9931
6.2500 0.3467 0.9369 0.9906
6.2600 0.3424 0.9295 0.9877
6.2700 0.3368 0.9217 0.9844
6.2800 0.3301 0.9135 0.9806
6.2900 0.3223 0.9049 0.9765
6.3000 0.3136 0.8960 0.9720
6.3100 0.3040 0.8866 0.9670
6.3200 0.2936 0.8769 0.9617
6.3300 0.2827 0.8669 0.9560
6.3400 0.2712 0.8564 0.9499
6.3500 0.2592 0.8457 0.9435
6.3600 0.2470 0.8346 0.9366
6.3700 0.2346 0.8231 0.9294
6.3800 0.2221 0.8113 0.9218
6.3900 0.2096 0.7992 0.9138
6.4000 0.1972 0.7867 0.9054
6.4100 0.1850 0.7740 0.8967
6.4200 0.1732 0.7609 0.8876
6.4300 0.1618 0.7475 0.8782
6.4400 0.1508 0.7339 0.8684
6.4500 0.1404 0.7199 0.8583
6.4600 0.1307 0.7057 0.8478
6.4700 0.1217 0.6911 0.8370
6.4800 0.1134 0.6764 0.8259
6.4900 0.1059 0.6613 0.8144
6.5000 0.0993 0.6460 0.8026
6.5100 0.0936 0.6304 0.7905
6.5200 0.0888 0.6146 0.7781
6.5300 0.0849 0.5986 0.7653
6.5400 0.0820 0.5823 0.7523
6.5500 0.0800 0.5658 0.7389
6.5600 0.0790 0.5491 0.7253
6.5700 0.0789 0.5322 0.7113
6.5800 0.0797 0.5150 0.6971
6.5900 0.0815 0.4977 0.6826
6.6000 0.0841 0.4802 0.6678
6.6100 0.0876 0.4625 0.6528
6.6200 0.0918 0.4446 0.6375
6.6300 0.0969 0.4265 0.6219
6.6400 0.1027 0.4082 0.6061
6.6500 0.1091 0.3898 0.5900
6.6600 0.1162 0.3713 0.5737
6.6700 0.1239 0.3525 0.5572
6.6800 0.1320 0.3337 0.5405
6.6900 0.1407 0.3147 0.5235
6.7000 0.1497 0.2955 0.5063
6.7100 0.1591 0.2763 0.4890
6.7200 0.1689 0.2569 0.4714
6.7300 0.1788 0.2374 0.4536
6.7400 0.1890 0.2178 0.4357
6.7500 0.1993 0.1981 0.4176
6.7600 0.2098 0.1784 0.3993
6.7700 0.2203 0.1585 0.3809
6.7800 0.2309 0.1386 0.3623
6.7900 0.2414 0.1185 0.3435
6.8000 0.2519 0.0985 0.3247
6.8100 0.2623 0.0783 0.3057
6.8200 0.2727 0.0582 0.2866
6.8300 0.2829 0.0380 0.2674
6.8400 0.2929 0.0177 0.2481
6.8500 0.3029 -0.0025 0.2287
6.8600 0.3126 -0.0228 0.2092
6.8700 0.3222 -0.0430 0.1897
6.8800 0.3317 -0.0633 0.1700
6.8900 0.3409 -0.0835 0.1504
6.9000 0.3499 -0.1038 0.1306
6.9100 0.3588 -0.1239 0.1109
6.9200 0.3675 -0.1441 0.0911
6.9300 0.3761 -0.1642 0.0712
6.9400 0.3844 -0.1842 0.0514
6.9500 0.3926 -0.2041 0.0315
6.9600 0.4007 -0.2240 0.0117
6.9700 0.4086 -0.2437 -0.0082
6.9800 0.4164 -0.2634 -0.0280
6.9900 0.4240 -0.2829 -0.0478
7.0000 0.4316 -0.3023 -0.0676
7.0100 0.4389 -0.3216 -0.0873
7.0200 0.4462 -0.3407 -0.1070
7.0300 0.4533 -0.3597 -0.1267
7.0400 0.4603 -0.3785 -0.1463
7.0500 0.4672 -0.3972 -0.1658
7.0600 0.4739 -0.4156 -0.1852
7.0700 0.4805 -0.4339 -0.2046
7.0800 0.4869 -0.4519 -0.2239
7.0900 0.4931 -0.4697 -0.2430
7.1000 0.4991 -0.4873 -0.2621
7.1100 0.5048 -0.5047 -0.2810
7.1200 0.5103 -0.5218 -0.2999
7.1300 0.5155 -0.5387 -0.3186
7.1400 0.5204 -0.5553 -0.3371
7.1500 0.5250 -0.5717 -0.3555
7.1600 0.5291 -0.5878 -0.3738
7.1700 0.5328 -0.6035 -0.3919
7.1800 0.5361 -0.6191 -0.4098
7.1900 0.5389 -0.6343 -0.4276
7.2000 0.5411 -0.6492 -0.4452
7.2100 0.5428 -0.6637 -0.4626
7.2200 0.5439 -0.6780 -0.4798
7.2300 0.5443 -0.6920 -0.4968
7.2400 0.5440 -0.7056 -0.5135
7.2500 0.5430 -0.7189 -0.5301
7.2600 0.5413 -0.7319 -0.5464
7.2700 0.5388 -0.7445 -0.5625
7.2800 0.5355 -0.7567 -0.5783
7.2900 0.5313 -0.7687 -0.5939
7.3000 0.5264 -0.7802 -0.6093
7.3100 0.5206 -0.7914 -0.6244
7.3200 0.5139 -0.8023 -0.6392
7.3300 0.5064 -0.8128 -0.6537
7.3400 0.4980 -0.8229 -0.6679
7.3500 0.4888 -0.8326 -0.6819
7.3600 0.4788 -0.8420 -0.6956
7.3700 0.4679 -0.8510 -0.7089
7.3800 0.4563 -0.8596 -0.7220
7.3900 0.4439 -0.8679 -0.7348
7.4000 0.4308 -0.8758 -0.7472
7.4100 0.4170 -0.8833 -0.7593
7.4200 0.4026 -0.8904 -0.7711
7.4300 0.3877 -0.8972 -0.7826
7.4400 0.3722 -0.9035 -0.7937
7.4500 0.3563 -0.9095 -0.8045
7.4600 0.3400 -0.9151 -0.8150
7.4700 0.3234 -0.9203 -0.8251
7.4800 0.3066 -0.9251 -0.8348
7.4900 0.2897 -0.9296 -0.8442
7.5000 0.2727 -0.9336 -0.8533
7.5100 0.2556 -0.9373 -0.8620
7.5200 0.2387 -0.9405 -0.8703
7.5300 0.2220 -0.9434 -0.8783
7.5400 0.2055 -0.9459 -0.8859
7.5500 0.1894 -0.9480 -0.8931
7.5600 0.1737 -0.9497 -0.9000
7.5700 0.1585 -0.9511 -0.9064
7.5800 0.1439 -0.9520 -0.9125
7.5900 0.1299 -0.9525 -0.9182
7.6000 0.1166 -0.9527 -0.9236
7.6100 0.1042 -0.9524 -0.9285
7.6200 0.0926 -0.9518 -0.9330
7.6300 0.0818 -0.9507 -0.9372
7.6400 0.0721 -0.9493 -0.9410
7.6500 0.0633 -0.9475 -0.9443
7.6600 0.0555 -0.9452 -0.9473
7.6700 0.0488 -0.9426 -0.9499
7.6800 0.0431 -0.9395 -0.9521
7.6900 0.0385 -0.9361 -0.9538
7.7000 0.0350 -0.9323 -0.9552
7.7100 0.0326 -0.9280 -0.9562
7.7200 0.0313 -0.9234 -0.9568
7.7300 0.0309 -0.9183 -0.9569
7.7400 0.0317 -0.9129 -0.9567
7.7500 0.0334 -0.9071 -0.9560
7.7600 0.0360 -0.9008 -0.9549
7.7700 0.0396 -0.8942 -0.9535
7.7800 0.0440 -0.8871 -0.9516
7.7900 0.0492 -0.8797 -0.9493
7.8000 0.0551 -0.8719 -0.9466
7.8100 0.0617 -0.8636 -0.9435
7.8200 0.0688 -0.8550 -0.9400
7.8300 0.0765 -0.8460 -0.9361
7.8400 0.0846 -0.8366 -0.9319
7.8500 0.0930 -0.8268 -0.9272
7.8600 0.1017 -0.8167 -0.9221
7.8700 0.1106 -0.8061 -0.9166
7.8800 0.1195 -0.7952 -0.9107
7.8900 0.1284 -0.7840 -0.9045
7.9000 0.1372 -0.7723 -0.8978
7.9100 0.1459 -0.7603 -0.8908
7.9200 0.1543 -0.7480 -0.8834
7.9300 0.1623 -0.7352 -0.8756
7.9400 0.1699 -0.7222 -0.8675
7.9500 0.1770 -0.7088 -0.8590
7.9600 0.1836 -0.6951 -0.8501
7.9700 0.1895 -0.6810 -0.8409
7.9800 0.1947 -0.6667 -0.8313
7.9900 0.1992 -0.6520 -0.8213
8.0000 0.2029 -0.6370 -0.8111
8.0100 0.2057 -0.6217 -0.8004
8.0200 0.2077 -0.6062 -0.7895
8.0300 0.2087 -0.5903 -0.7782
8.0400 0.2088 -0.5742 -0.7666
8.0500 0.2080 -0.5578 -0.7546
8.0600 0.2061 -0.5412 -0.7424
8.0700 0.2033 -0.5243 -0.7298
8.0800 0.1995 -0.5072 -0.7169
8.0900 0.1947 -0.4899 -0.7038
8.1000 0.1890 -0.4723 -0.6903
8.1100 0.1823 -0.4546 -0.6765
8.1200 0.1747 -0.4366 -0.6625
8.1300 0.1662 -0.4184 -0.6481
8.1400 0.1567 -0.4001 -0.6335
8.1500 0.1465 -0.3816 -0.6186
8.1600 0.1354 -0.3629 -0.6035
8.1700 0.1235 -0.3441 -0.5881
8.1800 0.1109 -0.3252 -0.5724
8.1900 0.0976 -0.3061 -0.5565
8.2000 0.0837 -0.2868 -0.5404
8.2100 0.0691 -0.2675 -0.5240
8.2200 0.0540 -0.2481 -0.5074
8.2300 0.0384 -0.2285 -0.4906
8.2400 0.0223 -0.2089 -0.4735
8.2500 0.0057 -0.1892 -0.4563
8.2600 -0.0112 -0.1694 -0.4388
8.2700 -0.0285 -0.1496 -0.4212
8.2800 -0.0461 -0.1297 -0.4033
8.2900 -0.0639 -0.1097 -0.3853
8.3000 -0.0820 -0.0898 -0.3672
8.3100 -0.1003 -0.0698 -0.3488
8.3200 -0.1187 -0.0497 -0.3303
8.3300 -0.1373 -0.0297 -0.3117
8.3400 -0.1560 -0.0096 -0.2929
8.3500 -0.1748 0.0104 -0.2740
8.3600 -0.1937 0.0305 -0.2549
8.3700 -0.2127 0.0505 -0.2358
8.3800 -0.2316 0.0705 -0.2165
8.3900 -0.2506 0.0905 -0.1972
8.4000 -0.2697 0.1105 -0.1777
8.4100 -0.2887 0.1304 -0.1582
8.4200 -0.3077 0.1502 -0.1386
8.4300 -0.3268 0.1700 -0.1189
8.4400 -0.3458 0.1897 -0.0992
8.4500 -0.3648 0.2094 -0.0795
8.4600 -0.3837 0.2290 -0.0597
8.4700 -0.4027 0.2485 -0.0398
8.4800 -0.4216 0.2679 -0.0200
8.4900 -0.4404 0.2872 -0.0001
8.5000 -0.4592 0.3064 0.0197
8.5100 -0.4779 0.3255 0.0396
8.5200 -0.4965 0.3445 0.0595
8.5300 -0.5151 0.3633 0.0793
8.5400 -0.5335 0.3820 0.0991
8.5500 -0.5517 0.4006 0.1189
8.5600 -0.5699 0.4190 0.1386
8.5700 -0.5878 0.4373 0.1583
8.5800 -0.6055 0.4554 0.1779
8.5900 -0.6230 0.4733 0.1975
8.6000 -0.6402 0.4911 0.2170
8.6100 -0.6570 0.5087 0.2364
8.6200 -0.6735 0.5261 0.2557
8.6300 -0.6896 0.5432 0.2749
8.6400 -0.7052 0.5602 0.2940
8.6500 -0.7203 0.5770 0.3130
8.6600 -0.7348 0.5935 0.3319
8.6700 -0.7488 0.6098 0.3507
8.6800 -0.7620 0.6259 0.3693
8.6900 -0.7745 0.6417 0.3878
8.7000 -0.7862 0.6572 0.4061
8.7100 -0.7971 0.6725 0.4243
8.7200 -0.8070 0.6876 0.4423
8.7300 -0.8160 0.7023 0.4602
8.7400 -0.8240 0.7168 0.4778
8.7500 -0.8308 0.7309 0.4953
8.7600 -0.8366 0.7448 0.5126
8.7700 -0.8411 0.7583 0.5297
8.7800 -0.8445 0.7716 0.5466
8.7900 -0.8465 0.7845 0.5633
8.8000 -0.8473 0.7971 0.5797
8.8100 -0.8467 0.8093 0.5959
8.8200 -0.8448 0.8212 0.6119
8.8300 -0.8414 0.8327 0.6277
8.8400 -0.8367 0.8439 0.6431
8.8500 -0.8306 0.8548 0.6584
8.8600 -0.8231 0.8652 0.6733
8.8700 -0.8141 0.8753 0.6880
8.8800 -0.8038 0.8850 0.7025
8.8900 -0.7922 0.8943 0.7166
8.9000 -0.7792 0.9032 0.7304
8.9100 -0.7649 0.9118 0.7440
8.9200 -0.7494 0.9199 0.7572
8.9300 -0.7327 0.9277 0.7702
8.9400 -0.7149 0.9350 0.7828
8.9500 -0.6960 0.9419 0.7951
8.9600 -0.6762 0.9484 0.8071
8.9700 -0.6555 0.9545 0.8188
8.9800 -0.6339 0.9602 0.8301
8.9900 -0.6117 0.9655 0.8411
9.0000 -0.5888 0.9704 0.8518
9.0100 -0.5654 0.9748 0.8621
9.0200 -0.5417 0.9788 0.8721
9.0300 -0.5176 0.9824 0.8817
9.0400 -0.4934 0.9856 0.8910
9.0500 -0.4691 0.9883 0.8999
9.0600 -0.4449 0.9907 0.9084
9.0700 -0.4208 0.9926 0.9166
9.0800 -0.3971 0.9940 0.9244
9.0900 -0.3737 0.9951 0.9318
9.1000 -0.3509 0.9958 0.9389
9.1100 -0.3287 0.9960 0.9456
9.1200 -0.3072 0.9958 0.9519
9.1300 -0.2865 0.9952 0.9578
9.1400 -0.2668 0.9942 0.9634
9.1500 -0.2481 0.9927 0.9685
9.1600 -0.2305 0.9909 0.9733
9.1700 -0.2140 0.9887 0.9777
9.1800 -0.1988 0.9860 0.9817
9.1900 -0.1849 0.9830 0.9852
9.2000 -0.1723 0.9795 0.9884
9.2100 -0.1611 0.9756 0.9912
9.2200 -0.1513 0.9714 0.9936
9.2300 -0.1429 0.9667 0.9956
9.2400 -0.1360 0.9617 0.9972
9.2500 -0.1305 0.9563 0.9984
9.2600 -0.1265 0.9505 0.9992
9.2700 -0.1239 0.9443 0.9996
9.2800 -0.1226 0.9377 0.9996
9.2900 -0.1228 0.9307 0.9992
9.3000 -0.1242 0.9234 0.9983
9.3100 -0.1270 0.9157 0.9971
9.3200 -0.1309 0.9076 0.9955
9.3300 -0.1359 0.8992 0.9934
9.3400 -0.1420 0.8903 0.9910
9.3500 -0.1491 0.8812 0.9881
9.3600 -0.1570 0.8716 0.9849
9.3700 -0.1657 0.8618 0.9812
9.3800 -0.1752 0.8515 0.9771
9.3900 -0.1852 0.8409 0.9727
9.4000 -0.1957 0.8300 0.9678
9.4100 -0.2066 0.8187 0.9626
9.4200 -0.2177 0.8071 0.9569
9.4300 -0.2291 0.7952 0.9509
9.4400 -0.2405 0.7829 0.9445
9.4500 -0.2518 0.7703 0.9377
9.4600 -0.2631 0.7573 0.9305
9.4700 -0.2740 0.7441 0.9230
9.4800 -0.2847 0.7305 0.9151
9.4900 -0.2949 0.7166 0.9068
9.5000 -0.3046 0.7025 0.8981
9.5100 -0.3137 0.6880 0.8891
9.5200 -0.3221 0.6732 0.8797
9.5300 -0.3298 0.6581 0.8700
9.5400 -0.3367 0.6428 0.8599
9.5500 -0.3427 0.6271 0.8495
9.5600 -0.3478 0.6112 0.8387
9.5700 -0.3519 0.5950 0.8276
9.5800 -0.3551 0.5786 0.8162
9.5900 -0.3572 0.5619 0.8044
9.6000 -0.3584 0.5450 0.7923
9.6100 -0.3584 0.5278 0.7800
9.6200 -0.3575 0.5104 0.7672
9.6300 -0.3555 0.4928 0.7542
9.6400 -0.3525 0.4749 0.7409
9.6500 -0.3484 0.4569 0.7273
9.6600 -0.3434 0.4386 0.7134
9.6700 -0.3374 0.4202 0.6992
9.6800 -0.3305 0.4016 0.6848
9.6900 -0.3227 0.3828 0.6700
9.7000 -0.3141 0.3638 0.6550
9.7100 -0.3046 0.3447 0.6398
9.7200 -0.2945 0.3255 0.6243
9.7300 -0.2836 0.3061 0.6085
9.7400 -0.2721 0.2866 0.5925
9.7500 -0.2600 0.2669 0.5762
9.7600 -0.2475 0.2472 0.5597
9.7700 -0.2344 0.2274 0.5430
9.7800 -0.2210 0.2074 0.5261
9.7900 -0.2072 0.1874 0.5090
9.8000 -0.1931 0.1674 0.4916
9.8100 -0.1787 0.1473 0.4741
9.8200 -0.1642 0.1271 0.4564
9.8300 -0.1496 0.1069 0.4384
9.8400 -0.1349 0.0867 0.4204
9.8500 -0.1201 0.0665 0.4021
9.8600 -0.1053 0.0462 0.3837
9.8700 -0.0905 0.0260 0.3651
9.8800 -0.0758 0.0058 0.3464
9.8900 -0.0612 -0.0144 0.3276
9.9000 -0.0468 -0.0346 0.3086
9.9100 -0.0324 -0.0547 0.2895
9.9200 -0.0182 -0.0748 0.2703
9.9300 -0.0042 -0.0948 0.2510
9.9400 0.0097 -0.1148 0.2316
9.9500 0.0234 -0.1347 0.2122
9.9600 0.0369 -0.1545 0.1926
9.9700 0.0502 -0.1742 0.1730
9.9800 0.0634 -0.1938 0.1533
9.9900 0.0764 -0.2133 0.1336
10.0000 0.0892 -0.2327 0.1138
