 t	 x	 y	 z	 w
0.0000 1.0000 1.0000 1.0000 1.0000
0.0100 0.9972 0.9998 0.9999 1.0000
0.0200 0.9888 0.9992 0.9996 0.9998
0.0300 0.9749 0.9981 0.9992 0.9996
0.0400 0.9557 0.9967 0.9986 0.9993
0.0500 0.9317 0.9948 0.9978 0.9988
0.0600 0.9031 0.9925 0.9968 0.9983
0.0700 0.8703 0.9899 0.9956 0.9978
0.0800 0.8339 0.9868 0.9943 0.9971
0.0900 0.7944 0.9834 0.9929 0.9964
0.1000 0.7524 0.9795 0.9913 0.9955
0.1100 0.7084 0.9753 0.9895 0.9947
0.1200 0.6630 0.9708 0.9876 0.9937
0.1300 0.6169 0.9659 0.9855 0.9928
0.1400 0.5705 0.9607 0.9834 0.9917
0.1500 0.5243 0.9551 0.9811 0.9906
0.1600 0.4789 0.9493 0.9787 0.9895
0.1700 0.4347 0.9431 0.9762 0.9884
0.1800 0.3921 0.9367 0.9736 0.9873
0.1900 0.3514 0.9300 0.9710 0.9861
0.2000 0.3128 0.9230 0.9682 0.9849
0.2100 0.2766 0.9158 0.9654 0.9837
0.2200 0.2429 0.9084 0.9626 0.9826
0.2300 0.2118 0.9008 0.9597 0.9814
0.2400 0.1834 0.8930 0.9568 0.9803
0.2500 0.1577 0.8850 0.9538 0.9792
0.2600 0.1345 0.8768 0.9508 0.9781
0.2700 0.1138 0.8685 0.9479 0.9771
0.2800 0.0955 0.8601 0.9449 0.9761
0.2900 0.0795 0.8516 0.9419 0.9752
0.3000 0.0655 0.8429 0.9390 0.9743
0.3100 0.0535 0.8342 0.9361 0.9735
0.3200 0.0432 0.8254 0.9332 0.9727
0.3300 0.0344 0.8166 0.9304 0.9720
0.3400 0.0270 0.8077 0.9276 0.9713
0.3500 0.0209 0.7988 0.9249 0.9708
0.3600 0.0157 0.7898 0.9222 0.9703
0.3700 0.0115 0.7809 0.9197 0.9698
0.3800 0.0080 0.7720 0.9172 0.9695
0.3900 0.0052 0.7632 0.9148 0.9692
0.4000 0.0028 0.7544 0.9124 0.9689
0.4100 0.0009 0.7456 0.9102 0.9688
0.4200 -0.0007 0.7369 0.9081 0.9687
0.4300 -0.0020 0.7283 0.9060 0.9687
0.4400 -0.0031 0.7198 0.9040 0.9687
0.4500 -0.0041 0.7113 0.9022 0.9688
0.4600 -0.0049 0.7030 0.9004 0.9689
0.4700 -0.0057 0.6948 0.8988 0.9691
0.4800 -0.0064 0.6868 0.8972 0.9694
0.4900 -0.0070 0.6788 0.8958 0.9697
0.5000 -0.0077 0.6710 0.8944 0.9700
0.5100 -0.0083 0.6634 0.8931 0.9704
0.5200 -0.0089 0.6559 0.8919 0.9708
0.5300 -0.0096 0.6486 0.8908 0.9713
0.5400 -0.0102 0.6414 0.8898 0.9718
0.5500 -0.0108 0.6343 0.8889 0.9723
0.5600 -0.0115 0.6274 0.8880 0.9728
0.5700 -0.0122 0.6207 0.8872 0.9733
0.5800 -0.0129 0.6142 0.8865 0.9738
0.5900 -0.0135 0.6077 0.8859 0.9744
0.6000 -0.0142 0.6015 0.8853 0.9749
0.6100 -0.0149 0.5953 0.8847 0.9755
0.6200 -0.0157 0.5894 0.8842 0.9760
0.6300 -0.0164 0.5835 0.8838 0.9766
0.6400 -0.0171 0.5778 0.8834 0.9771
0.6500 -0.0179 0.5722 0.8830 0.9777
0.6600 -0.0186 0.5666 0.8826 0.9782
0.6700 -0.0194 0.5612 0.8823 0.9787
0.6800 -0.0201 0.5559 0.8820 0.9792
0.6900 -0.0209 0.5506 0.8816 0.9797
0.7000 -0.0216 0.5455 0.8813 0.9802
0.7100 -0.0224 0.5403 0.8810 0.9807
0.7200 -0.0232 0.5352 0.8807 0.9811
0.7300 -0.0239 0.5302 0.8804 0.9816
0.7400 -0.0247 0.5251 0.8800 0.9820
0.7500 -0.0255 0.5201 0.8797 0.9825
0.7600 -0.0262 0.5150 0.8793 0.9829
0.7700 -0.0270 0.5099 0.8789 0.9833
0.7800 -0.0278 0.5048 0.8785 0.9837
0.7900 -0.0285 0.4997 0.8781 0.9842
0.8000 -0.0293 0.4945 0.8776 0.9846
0.8100 -0.0300 0.4892 0.8771 0.9850
0.8200 -0.0307 0.4838 0.8766 0.9854
0.8300 -0.0315 0.4784 0.8761 0.9858
0.8400 -0.0322 0.4729 0.8755 0.9863
0.8500 -0.0329 0.4672 0.8749 0.9867
0.8600 -0.0337 0.4615 0.8743 0.9871
0.8700 -0.0344 0.4556 0.8737 0.9876
0.8800 -0.0351 0.4496 0.8731 0.9880
0.8900 -0.0358 0.4434 0.8724 0.9885
0.9000 -0.0365 0.4372 0.8718 0.9890
0.9100 -0.0372 0.4307 0.8711 0.9895
0.9200 -0.0378 0.4242 0.8705 0.9900
0.9300 -0.0385 0.4174 0.8698 0.9905
0.9400 -0.0392 0.4106 0.8692 0.9910
0.9500 -0.0398 0.4035 0.8686 0.9916
0.9600 -0.0405 0.3963 0.8680 0.9921
0.9700 -0.0411 0.3890 0.8675 0.9927
0.9800 -0.0418 0.3815 0.8670 0.9932
0.9900 -0.0424 0.3738 0.8665 0.9937
1.0000 -0.0431 0.3660 0.8661 0.9943
1.0100 -0.0437 0.3580 0.8657 0.9948
1.0200 -0.0443 0.3499 0.8654 0.9954
1.0300 -0.0449 0.3417 0.8652 0.9959
1.0400 -0.0456 0.3333 0.8650 0.9964
1.0500 -0.0462 0.3247 0.8650 0.9968
1.0600 -0.0468 0.3160 0.8650 0.9973
1.0700 -0.0474 0.3073 0.8651 0.9977
1.0800 -0.0479 0.2983 0.8653 0.9981
1.0900 -0.0485 0.2893 0.8656 0.9985
1.1000 -0.0490 0.2802 0.8661 0.9988
1.1100 -0.0495 0.2710 0.8666 0.9990
1.1200 -0.0499 0.2617 0.8673 0.9993
1.1300 -0.0503 0.2523 0.8681 0.9994
1.1400 -0.0506 0.2429 0.8690 0.9995
1.1500 -0.0508 0.2334 0.8700 0.9996
1.1600 -0.0508 0.2239 0.8712 0.9995
1.1700 -0.0506 0.2143 0.8725 0.9994
1.1800 -0.0503 0.2048 0.8740 0.9993
1.1900 -0.0496 0.1952 0.8756 0.9990
1.2000 -0.0487 0.1857 0.8773 0.9987
1.2100 -0.0474 0.1763 0.8792 0.9983
1.2200 -0.0456 0.1669 0.8811 0.9979
1.2300 -0.0433 0.1575 0.8833 0.9973
1.2400 -0.0405 0.1483 0.8855 0.9967
1.2500 -0.0369 0.1392 0.8879 0.9960
1.2600 -0.0327 0.1302 0.8904 0.9952
1.2700 -0.0276 0.1214 0.8931 0.9944
1.2800 -0.0217 0.1128 0.8958 0.9935
1.2900 -0.0148 0.1044 0.8986 0.9925
1.3000 -0.0070 0.0962 0.9016 0.9914
1.3100 0.0019 0.0882 0.9046 0.9903
1.3200 0.0119 0.0805 0.9078 0.9891
1.3300 0.0229 0.0731 0.9110 0.9879
1.3400 0.0350 0.0660 0.9142 0.9866
1.3500 0.0481 0.0592 0.9176 0.9853
1.3600 0.0622 0.0528 0.9210 0.9839
1.3700 0.0772 0.0467 0.9244 0.9825
1.3800 0.0930 0.0411 0.9279 0.9811
1.3900 0.1094 0.0358 0.9313 0.9797
1.4000 0.1264 0.0310 0.9349 0.9783
1.4100 0.1437 0.0266 0.9384 0.9768
1.4200 0.1611 0.0227 0.9419 0.9754
1.4300 0.1784 0.0192 0.9453 0.9740
1.4400 0.1955 0.0163 0.9488 0.9726
1.4500 0.2120 0.0138 0.9522 0.9712
1.4600 0.2277 0.0118 0.9556 0.9699
1.4700 0.2425 0.0104 0.9589 0.9686
1.4800 0.2560 0.0095 0.9621 0.9674
1.4900 0.2681 0.0091 0.9653 0.9662
1.5000 0.2785 0.0093 0.9684 0.9651
1.5100 0.2872 0.0100 0.9713 0.9641
1.5200 0.2939 0.0113 0.9742 0.9631
1.5300 0.2985 0.0131 0.9769 0.9622
1.5400 0.3010 0.0155 0.9795 0.9614
1.5500 0.3013 0.0185 0.9820 0.9607
1.5600 0.2994 0.0220 0.9844 0.9601
1.5700 0.2953 0.0260 0.9866 0.9596
1.5800 0.2892 0.0306 0.9886 0.9592
1.5900 0.2810 0.0357 0.9905 0.9589
1.6000 0.2710 0.0414 0.9922 0.9587
1.6100 0.2593 0.0476 0.9938 0.9586
1.6200 0.2460 0.0543 0.9952 0.9586
1.6300 0.2314 0.0615 0.9964 0.9587
1.6400 0.2157 0.0693 0.9974 0.9589
1.6500 0.1990 0.0775 0.9983 0.9592
1.6600 0.1817 0.0862 0.9989 0.9596
1.6700 0.1639 0.0953 0.9994 0.9601
1.6800 0.1458 0.1050 0.9998 0.9607
1.6900 0.1276 0.1150 0.9999 0.9614
1.7000 0.1095 0.1255 0.9999 0.9622
1.7100 0.0917 0.1364 0.9997 0.9631
1.7200 0.0743 0.1477 0.9993 0.9640
1.7300 0.0574 0.1594 0.9988 0.9650
1.7400 0.0412 0.1714 0.9981 0.9661
1.7500 0.0256 0.1838 0.9973 0.9672
1.7600 0.0107 0.1965 0.9963 0.9683
1.7700 -0.0034 0.2095 0.9951 0.9696
1.7800 -0.0167 0.2228 0.9939 0.9708
1.7900 -0.0292 0.2364 0.9925 0.9721
1.8000 -0.0410 0.2502 0.9909 0.9734
1.8100 -0.0521 0.2643 0.9893 0.9747
1.8200 -0.0625 0.2786 0.9876 0.9760
1.8300 -0.0722 0.2931 0.9857 0.9773
1.8400 -0.0814 0.3077 0.9838 0.9786
1.8500 -0.0900 0.3225 0.9817 0.9799
1.8600 -0.0981 0.3374 0.9796 0.9812
1.8700 -0.1058 0.3525 0.9775 0.9825
1.8800 -0.1131 0.3676 0.9753 0.9837
1.8900 -0.1201 0.3828 0.9730 0.9849
1.9000 -0.1268 0.3980 0.9707 0.9861
1.9100 -0.1332 0.4132 0.9684 0.9872
1.9200 -0.1393 0.4284 0.9660 0.9883
1.9300 -0.1452 0.4436 0.9636 0.9893
1.9400 -0.1509 0.4588 0.9613 0.9903
1.9500 -0.1564 0.4739 0.9589 0.9912
1.9600 -0.1617 0.4889 0.9565 0.9921
1.9700 -0.1668 0.5038 0.9542 0.9929
1.9800 -0.1718 0.5186 0.9518 0.9936
1.9900 -0.1765 0.5332 0.9495 0.9943
2.0000 -0.1811 0.5476 0.9472 0.9950
2.0100 -0.1854 0.5619 0.9450 0.9955
2.0200 -0.1896 0.5760 0.9428 0.9960
2.0300 -0.1936 0.5898 0.9407 0.9965
2.0400 -0.1974 0.6035 0.9386 0.9969
2.0500 -0.2010 0.6168 0.9365 0.9972
2.0600 -0.2044 0.6300 0.9345 0.9975
2.0700 -0.2076 0.6428 0.9326 0.9978
2.0800 -0.2107 0.6554 0.9307 0.9980
2.0900 -0.2135 0.6677 0.9289 0.9981
2.1000 -0.2162 0.6797 0.9272 0.9982
2.1100 -0.2187 0.6914 0.9255 0.9983
2.1200 -0.2211 0.7028 0.9239 0.9983
2.1300 -0.2233 0.7138 0.9223 0.9983
2.1400 -0.2254 0.7246 0.9208 0.9983
2.1500 -0.2274 0.7350 0.9193 0.9982
2.1600 -0.2292 0.7452 0.9179 0.9981
2.1700 -0.2310 0.7550 0.9166 0.9980
2.1800 -0.2327 0.7644 0.9153 0.9979
2.1900 -0.2343 0.7736 0.9140 0.9978
2.2000 -0.2359 0.7825 0.9128 0.9976
2.2100 -0.2374 0.7910 0.9116 0.9974
2.2200 -0.2389 0.7992 0.9105 0.9972
2.2300 -0.2404 0.8072 0.9093 0.9970
2.2400 -0.2418 0.8148 0.9083 0.9968
2.2500 -0.2433 0.8221 0.9072 0.9966
2.2600 -0.2448 0.8292 0.9061 0.9964
2.2700 -0.2463 0.8360 0.9050 0.9962
2.2800 -0.2479 0.8425 0.9040 0.9959
2.2900 -0.2494 0.8488 0.9029 0.9957
2.3000 -0.2510 0.8548 0.9019 0.9954
2.3100 -0.2527 0.8606 0.9008 0.9951
2.3200 -0.2543 0.8661 0.8997 0.9948
2.3300 -0.2560 0.8714 0.8986 0.9945
2.3400 -0.2576 0.8765 0.8975 0.9942
2.3500 -0.2593 0.8814 0.8963 0.9939
2.3600 -0.2609 0.8861 0.8952 0.9935
2.3700 -0.2626 0.8906 0.8940 0.9932
2.3800 -0.2641 0.8949 0.8927 0.9928
2.3900 -0.2656 0.8990 0.8915 0.9924
2.4000 -0.2670 0.9030 0.8902 0.9920
2.4100 -0.2683 0.9069 0.8888 0.9915
2.4200 -0.2695 0.9106 0.8875 0.9910
2.4300 -0.2705 0.9141 0.8860 0.9905
2.4400 -0.2713 0.9175 0.8846 0.9899
2.4500 -0.2718 0.9208 0.8831 0.9894
2.4600 -0.2721 0.9240 0.8816 0.9887
2.4700 -0.2722 0.9271 0.8801 0.9881
2.4800 -0.2718 0.9301 0.8785 0.9874
2.4900 -0.2712 0.9330 0.8769 0.9867
2.5000 -0.2701 0.9358 0.8753 0.9859
2.5100 -0.2686 0.9385 0.8737 0.9852
2.5200 -0.2667 0.9412 0.8721 0.9844
2.5300 -0.2643 0.9438 0.8704 0.9835
2.5400 -0.2614 0.9463 0.8688 0.9826
2.5500 -0.2579 0.9488 0.8671 0.9817
2.5600 -0.2539 0.9512 0.8655 0.9808
2.5700 -0.2493 0.9535 0.8639 0.9799
2.5800 -0.2441 0.9558 0.8623 0.9789
2.5900 -0.2382 0.9581 0.8607 0.9779
2.6000 -0.2318 0.9602 0.8592 0.9769
2.6100 -0.2247 0.9624 0.8577 0.9759
2.6200 -0.2169 0.9645 0.8563 0.9749
2.6300 -0.2085 0.9665 0.8549 0.9739
2.6400 -0.1994 0.9685 0.8536 0.9730
2.6500 -0.1896 0.9704 0.8524 0.9720
2.6600 -0.1791 0.9723 0.8513 0.9710
2.6700 -0.1678 0.9741 0.8502 0.9701
2.6800 -0.1558 0.9758 0.8493 0.9692
2.6900 -0.1430 0.9775 0.8485 0.9683
2.7000 -0.1294 0.9791 0.8478 0.9675
2.7100 -0.1149 0.9805 0.8472 0.9667
2.7200 -0.0996 0.9819 0.8467 0.9660
2.7300 -0.0832 0.9832 0.8464 0.9653
2.7400 -0.0659 0.9843 0.8462 0.9647
2.7500 -0.0474 0.9854 0.8461 0.9642
2.7600 -0.0277 0.9863 0.8463 0.9637
2.7700 -0.0068 0.9870 0.8465 0.9633
2.7800 0.0155 0.9876 0.8469 0.9630
2.7900 0.0392 0.9880 0.8475 0.9627
2.8000 0.0645 0.9883 0.8483 0.9626
2.8100 0.0913 0.9883 0.8492 0.9625
2.8200 0.1198 0.9882 0.8503 0.9625
2.8300 0.1500 0.9878 0.8515 0.9626
2.8400 0.1819 0.9872 0.8530 0.9628
2.8500 0.2155 0.9864 0.8546 0.9631
2.8600 0.2508 0.9853 0.8563 0.9635
2.8700 0.2876 0.9840 0.8583 0.9640
2.8800 0.3260 0.9824 0.8604 0.9646
2.8900 0.3656 0.9805 0.8626 0.9652
2.9000 0.4063 0.9784 0.8650 0.9660
2.9100 0.4479 0.9759 0.8676 0.9668
2.9200 0.4900 0.9731 0.8703 0.9677
2.9300 0.5322 0.9701 0.8731 0.9687
2.9400 0.5742 0.9666 0.8761 0.9697
2.9500 0.6156 0.9629 0.8792 0.9708
2.9600 0.6559 0.9588 0.8825 0.9720
2.9700 0.6947 0.9544 0.8858 0.9732
2.9800 0.7313 0.9496 0.8893 0.9744
2.9900 0.7654 0.9445 0.8928 0.9757
3.0000 0.7964 0.9390 0.8964 0.9770
3.0100 0.8239 0.9331 0.9002 0.9784
3.0200 0.8475 0.9269 0.9039 0.9797
3.0300 0.8668 0.9203 0.9077 0.9811
3.0400 0.8814 0.9133 0.9116 0.9824
3.0500 0.8911 0.9060 0.9155 0.9838
3.0600 0.8956 0.8983 0.9194 0.9851
3.0700 0.8950 0.8902 0.9234 0.9865
3.0800 0.8890 0.8818 0.9273 0.9878
3.0900 0.8779 0.8730 0.9312 0.9890
3.1000 0.8616 0.8638 0.9351 0.9902
3.1100 0.8406 0.8543 0.9390 0.9914
3.1200 0.8150 0.8444 0.9428 0.9925
3.1300 0.7852 0.8342 0.9465 0.9935
3.1400 0.7518 0.8236 0.9502 0.9945
3.1500 0.7151 0.8127 0.9538 0.9954
3.1600 0.6759 0.8015 0.9573 0.9963
3.1700 0.6346 0.7900 0.9608 0.9970
3.1800 0.5918 0.7781 0.9641 0.9977
3.1900 0.5483 0.7659 0.9673 0.9983
3.2000 0.5046 0.7535 0.9704 0.9988
3.2100 0.4612 0.7408 0.9733 0.9992
3.2200 0.4188 0.7279 0.9761 0.9995
3.2300 0.3779 0.7147 0.9788 0.9997
3.2400 0.3389 0.7012 0.9813 0.9998
3.2500 0.3023 0.6876 0.9837 0.9999
3.2600 0.2684 0.6738 0.9859 0.9998
3.2700 0.2374 0.6598 0.9880 0.9997
3.2800 0.2097 0.6456 0.9899 0.9995
3.2900 0.1853 0.6313 0.9916 0.9992
3.3000 0.1643 0.6169 0.9931 0.9989
3.3100 0.1467 0.6024 0.9945 0.9984
3.3200 0.1324 0.5878 0.9957 0.9979
3.3300 0.1214 0.5732 0.9968 0.9974
3.3400 0.1135 0.5585 0.9976 0.9968
3.3500 0.1085 0.5438 0.9983 0.9961
3.3600 0.1061 0.5291 0.9989 0.9954
3.3700 0.1061 0.5145 0.9992 0.9946
3.3800 0.1083 0.5000 0.9995 0.9938
3.3900 0.1122 0.4855 0.9995 0.9930
3.4000 0.1178 0.4711 0.9994 0.9921
3.4100 0.1245 0.4569 0.9992 0.9913
3.4200 0.1323 0.4428 0.9988 0.9904
3.4300 0.1407 0.4288 0.9983 0.9895
3.4400 0.1497 0.4151 0.9976 0.9886
3.4500 0.1588 0.4016 0.9969 0.9877
3.4600 0.1679 0.3883 0.9960 0.9868
3.4700 0.1769 0.3752 0.9950 0.9860
3.4800 0.1856 0.3625 0.9939 0.9851
3.4900 0.1938 0.3500 0.9927 0.9843
3.5000 0.2014 0.3378 0.9914 0.9835
3.5100 0.2083 0.3259 0.9900 0.9828
3.5200 0.2144 0.3144 0.9886 0.9820
3.5300 0.2198 0.3032 0.9871 0.9813
3.5400 0.2244 0.2923 0.9856 0.9807
3.5500 0.2280 0.2819 0.9840 0.9801
3.5600 0.2309 0.2718 0.9823 0.9795
3.5700 0.2329 0.2620 0.9806 0.9789
3.5800 0.2341 0.2527 0.9789 0.9784
3.5900 0.2346 0.2438 0.9772 0.9780
3.6000 0.2343 0.2353 0.9755 0.9776
3.6100 0.2333 0.2272 0.9737 0.9772
3.6200 0.2316 0.2196 0.9719 0.9769
3.6300 0.2294 0.2123 0.9702 0.9766
3.6400 0.2267 0.2055 0.9684 0.9763
3.6500 0.2235 0.1991 0.9667 0.9761
3.6600 0.2199 0.1931 0.9649 0.9759
3.6700 0.2160 0.1875 0.9632 0.9757
3.6800 0.2118 0.1824 0.9615 0.9756
3.6900 0.2074 0.1776 0.9598 0.9755
3.7000 0.2029 0.1733 0.9582 0.9754
3.7100 0.1982 0.1694 0.9565 0.9754
3.7200 0.1935 0.1660 0.9549 0.9753
3.7300 0.1888 0.1629 0.9534 0.9753
3.7400 0.1842 0.1602 0.9518 0.9753
3.7500 0.1796 0.1579 0.9503 0.9753
3.7600 0.1752 0.1560 0.9488 0.9753
3.7700 0.1710 0.1545 0.9473 0.9753
3.7800 0.1669 0.1533 0.9459 0.9753
3.7900 0.1631 0.1525 0.9444 0.9753
3.8000 0.1595 0.1520 0.9430 0.9754
3.8100 0.1561 0.1519 0.9416 0.9754
3.8200 0.1531 0.1521 0.9402 0.9754
3.8300 0.1503 0.1526 0.9388 0.9754
3.8400 0.1478 0.1534 0.9375 0.9755
3.8500 0.1456 0.1545 0.9361 0.9755
3.8600 0.1437 0.1559 0.9347 0.9755
3.8700 0.1421 0.1575 0.9333 0.9755
3.8800 0.1408 0.1594 0.9319 0.9756
3.8900 0.1397 0.1615 0.9305 0.9756
3.9000 0.1389 0.1638 0.9290 0.9756
3.9100 0.1383 0.1663 0.9276 0.9757
3.9200 0.1379 0.1690 0.9261 0.9757
3.9300 0.1377 0.1718 0.9245 0.9757
3.9400 0.1376 0.1748 0.9230 0.9758
3.9500 0.1377 0.1779 0.9214 0.9759
3.9600 0.1379 0.1811 0.9197 0.9760
3.9700 0.1382 0.1844 0.9180 0.9761
3.9800 0.1385 0.1878 0.9163 0.9762
3.9900 0.1389 0.1912 0.9145 0.9764
4.0000 0.1392 0.1947 0.9127 0.9766
4.0100 0.1395 0.1982 0.9108 0.9768
4.0200 0.1397 0.2017 0.9088 0.9770
4.0300 0.1398 0.2052 0.9068 0.9773
4.0400 0.1398 0.2086 0.9048 0.9776
4.0500 0.1396 0.2120 0.9027 0.9780
4.0600 0.1393 0.2154 0.9005 0.9784
4.0700 0.1387 0.2187 0.8983 0.9788
4.0800 0.1379 0.2219 0.8960 0.9792
4.0900 0.1369 0.2250 0.8937 0.9797
4.1000 0.1355 0.2280 0.8913 0.9803
4.1100 0.1339 0.2310 0.8889 0.9808
4.1200 0.1320 0.2338 0.8864 0.9815
4.1300 0.1298 0.2365 0.8840 0.9821
4.1400 0.1272 0.2390 0.8815 0.9828
4.1500 0.1243 0.2415 0.8789 0.9835
4.1600 0.1211 0.2438 0.8764 0.9842
4.1700 0.1176 0.2460 0.8738 0.9850
4.1800 0.1138 0.2480 0.8712 0.9858
4.1900 0.1096 0.2500 0.8687 0.9866
4.2000 0.1052 0.2518 0.8661 0.9875
4.2100 0.1005 0.2535 0.8636 0.9883
4.2200 0.0956 0.2550 0.8611 0.9892
4.2300 0.0905 0.2565 0.8586 0.9900
4.2400 0.0853 0.2579 0.8562 0.9909
4.2500 0.0800 0.2591 0.8538 0.9917
4.2600 0.0747 0.2603 0.8515 0.9926
4.2700 0.0694 0.2614 0.8493 0.9934
4.2800 0.0642 0.2624 0.8472 0.9942
4.2900 0.0593 0.2634 0.8451 0.9949
4.3000 0.0546 0.2643 0.8431 0.9957
4.3100 0.0503 0.2652 0.8413 0.9964
4.3200 0.0466 0.2661 0.8396 0.9970
4.3300 0.0434 0.2670 0.8379 0.9976
4.3400 0.0410 0.2678 0.8365 0.9981
4.3500 0.0393 0.2687 0.8351 0.9986
4.3600 0.0386 0.2696 0.8339 0.9990
4.3700 0.0389 0.2706 0.8329 0.9993
4.3800 0.0404 0.2716 0.8320 0.9995
4.3900 0.0430 0.2727 0.8313 0.9997
4.4000 0.0468 0.2738 0.8308 0.9998
4.4100 0.0520 0.2750 0.8304 0.9998
4.4200 0.0585 0.2764 0.8302 0.9997
4.4300 0.0664 0.2778 0.8303 0.9996
4.4400 0.0755 0.2794 0.8305 0.9993
4.4500 0.0859 0.2811 0.8309 0.9989
4.4600 0.0976 0.2830 0.8315 0.9985
4.4700 0.1103 0.2851 0.8322 0.9980
4.4800 0.1240 0.2873 0.8332 0.9974
4.4900 0.1386 0.2897 0.8344 0.9967
4.5000 0.1538 0.2923 0.8358 0.9959
4.5100 0.1694 0.2951 0.8374 0.9951
4.5200 0.1853 0.2982 0.8392 0.9941
4.5300 0.2012 0.3015 0.8411 0.9931
4.5400 0.2168 0.3050 0.8433 0.9921
4.5500 0.2320 0.3088 0.8456 0.9909
4.5600 0.2465 0.3128 0.8481 0.9898
4.5700 0.2600 0.3171 0.8508 0.9885
4.5800 0.2724 0.3217 0.8536 0.9873
4.5900 0.2834 0.3266 0.8566 0.9860
4.6000 0.2929 0.3318 0.8598 0.9846
4.6100 0.3007 0.3372 0.8631 0.9833
4.6200 0.3066 0.3430 0.8665 0.9819
4.6300 0.3107 0.3491 0.8700 0.9805
4.6400 0.3128 0.3555 0.8737 0.9792
4.6500 0.3129 0.3623 0.8774 0.9778
4.6600 0.3111 0.3693 0.8813 0.9765
4.6700 0.3073 0.3767 0.8852 0.9751
4.6800 0.3018 0.3844 0.8892 0.9739
4.6900 0.2944 0.3924 0.8933 0.9726
4.7000 0.2855 0.4008 0.8974 0.9714
4.7100 0.2752 0.4095 0.9015 0.9703
4.7200 0.2636 0.4185 0.9057 0.9692
4.7300 0.2509 0.4278 0.9099 0.9681
4.7400 0.2373 0.4374 0.9141 0.9672
4.7500 0.2230 0.4473 0.9182 0.9663
4.7600 0.2082 0.4575 0.9224 0.9655
4.7700 0.1930 0.4680 0.9265 0.9648
4.7800 0.1776 0.4787 0.9306 0.9641
4.7900 0.1621 0.4897 0.9346 0.9636
4.8000 0.1467 0.5009 0.9386 0.9631
4.8100 0.1315 0.5124 0.9425 0.9627
4.8200 0.1166 0.5241 0.9463 0.9625
4.8300 0.1020 0.5360 0.9500 0.9623
4.8400 0.0879 0.5481 0.9536 0.9622
4.8500 0.0741 0.5603 0.9571 0.9622
4.8600 0.0608 0.5727 0.9605 0.9623
4.8700 0.0479 0.5852 0.9638 0.9624
4.8800 0.0354 0.5978 0.9669 0.9627
4.8900 0.0233 0.6105 0.9699 0.9631
4.9000 0.0115 0.6233 0.9728 0.9635
4.9100 0.0001 0.6361 0.9755 0.9640
4.9200 -0.0111 0.6490 0.9781 0.9646
4.9300 -0.0220 0.6619 0.9805 0.9652
4.9400 -0.0327 0.6747 0.9827 0.9659
4.9500 -0.0433 0.6875 0.9848 0.9667
4.9600 -0.0538 0.7003 0.9868 0.9675
4.9700 -0.0643 0.7130 0.9885 0.9683
4.9800 -0.0746 0.7256 0.9902 0.9692
4.9900 -0.0850 0.7381 0.9916 0.9701
5.0000 -0.0953 0.7504 0.9929 0.9711
5.0100 -0.1056 0.7627 0.9941 0.9721
5.0200 -0.1159 0.7747 0.9951 0.9731
5.0300 -0.1261 0.7866 0.9959 0.9741
5.0400 -0.1363 0.7982 0.9966 0.9751
5.0500 -0.1465 0.8096 0.9972 0.9762
5.0600 -0.1566 0.8208 0.9976 0.9772
5.0700 -0.1666 0.8318 0.9979 0.9782
5.0800 -0.1765 0.8425 0.9981 0.9792
5.0900 -0.1863 0.8529 0.9981 0.9802
5.1000 -0.1959 0.8630 0.9981 0.9812
5.1100 -0.2054 0.8728 0.9979 0.9821
5.1200 -0.2147 0.8822 0.9976 0.9830
5.1300 -0.2238 0.8914 0.9972 0.9839
5.1400 -0.2327 0.9002 0.9967 0.9848
5.1500 -0.2414 0.9087 0.9962 0.9856
5.1600 -0.2498 0.9168 0.9955 0.9864
5.1700 -0.2580 0.9245 0.9948 0.9872
5.1800 -0.2660 0.9319 0.9940 0.9879
5.1900 -0.2737 0.9389 0.9932 0.9886
5.2000 -0.2812 0.9455 0.9923 0.9892
5.2100 -0.2884 0.9517 0.9914 0.9899
5.2200 -0.2954 0.9575 0.9904 0.9904
5.2300 -0.3021 0.9630 0.9893 0.9910
5.2400 -0.3087 0.9680 0.9883 0.9915
5.2500 -0.3150 0.9726 0.9872 0.9920
5.2600 -0.3211 0.9768 0.9861 0.9924
5.2700 -0.3270 0.9807 0.9850 0.9929
5.2800 -0.3327 0.9841 0.9838 0.9933
5.2900 -0.3382 0.9871 0.9827 0.9936
5.3000 -0.3435 0.9898 0.9815 0.9940
5.3100 -0.3487 0.9920 0.9804 0.9943
5.3200 -0.3537 0.9939 0.9792 0.9946
5.3300 -0.3585 0.9954 0.9780 0.9949
5.3400 -0.3632 0.9965 0.9769 0.9952
5.3500 -0.3677 0.9972 0.9757 0.9955
5.3600 -0.3721 0.9976 0.9745 0.9957
5.3700 -0.3763 0.9977 0.9733 0.9959
5.3800 -0.3804 0.9974 0.9722 0.9962
5.3900 -0.3842 0.9968 0.9710 0.9964
5.4000 -0.3879 0.9959 0.9698 0.9966
5.4100 -0.3914 0.9947 0.9686 0.9968
5.4200 -0.3947 0.9932 0.9674 0.9970
5.4300 -0.3978 0.9914 0.9662 0.9971
5.4400 -0.4006 0.9893 0.9649 0.9973
5.4500 -0.4032 0.9870 0.9637 0.9975
5.4600 -0.4054 0.9845 0.9624 0.9976
5.4700 -0.4073 0.9817 0.9611 0.9977
5.4800 -0.4089 0.9787 0.9598 0.9978
5.4900 -0.4102 0.9755 0.9584 0.9979
5.5000 -0.4109 0.9722 0.9571 0.9980
5.5100 -0.4113 0.9686 0.9556 0.9980
5.5200 -0.4112 0.9650 0.9542 0.9981
5.5300 -0.4105 0.9611 0.9526 0.9981
5.5400 -0.4094 0.9571 0.9511 0.9980
5.5500 -0.4076 0.9531 0.9494 0.9980
5.5600 -0.4052 0.9489 0.9477 0.9979
5.5700 -0.4021 0.9446 0.9460 0.9978
5.5800 -0.3984 0.9402 0.9442 0.9976
5.5900 -0.3940 0.9357 0.9423 0.9974
5.6000 -0.3888 0.9312 0.9403 0.9971
5.6100 -0.3829 0.9266 0.9383 0.9968
5.6200 -0.3762 0.9220 0.9362 0.9964
5.6300 -0.3688 0.9174 0.9340 0.9960
5.6400 -0.3605 0.9127 0.9317 0.9955
5.6500 -0.3514 0.9079 0.9294 0.9950
5.6600 -0.3415 0.9032 0.9269 0.9945
5.6700 -0.3309 0.8984 0.9244 0.9938
5.6800 -0.3194 0.8936 0.9218 0.9931
5.6900 -0.3072 0.8889 0.9192 0.9924
5.7000 -0.2943 0.8841 0.9164 0.9916
5.7100 -0.2806 0.8793 0.9136 0.9907
5.7200 -0.2663 0.8745 0.9107 0.9898
5.7300 -0.2512 0.8697 0.9077 0.9888
5.7400 -0.2356 0.8649 0.9047 0.9878
5.7500 -0.2193 0.8601 0.9016 0.9868
5.7600 -0.2025 0.8553 0.8985 0.9857
5.7700 -0.1851 0.8506 0.8953 0.9845
5.7800 -0.1672 0.8458 0.8921 0.9833
5.7900 -0.1488 0.8410 0.8889 0.9821
5.8000 -0.1299 0.8362 0.8856 0.9809
5.8100 -0.1105 0.8313 0.8823 0.9796
5.8200 -0.0905 0.8265 0.8790 0.9784
5.8300 -0.0701 0.8217 0.8757 0.9771
5.8400 -0.0491 0.8168 0.8724 0.9758
5.8500 -0.0276 0.8119 0.8691 0.9745
5.8600 -0.0054 0.8069 0.8658 0.9732
5.8700 0.0174 0.8019 0.8626 0.9720
5.8800 0.0409 0.7968 0.8594 0.9707
5.8900 0.0651 0.7917 0.8562 0.9695
5.9000 0.0901 0.7865 0.8532 0.9683
5.9100 0.1158 0.7813 0.8502 0.9672
5.9200 0.1424 0.7759 0.8472 0.9661
5.9300 0.1698 0.7705 0.8444 0.9651
5.9400 0.1979 0.7649 0.8417 0.9641
5.9500 0.2267 0.7592 0.8391 0.9632
5.9600 0.2561 0.7534 0.8366 0.9624
5.9700 0.2861 0.7475 0.8342 0.9617
5.9800 0.3164 0.7414 0.8320 0.9610
5.9900 0.3469 0.7351 0.8299 0.9604
6.0000 0.3773 0.7287 0.8280 0.9600
6.0100 0.4074 0.7221 0.8263 0.9596
6.0200 0.4368 0.7153 0.8247 0.9593
6.0300 0.4653 0.7083 0.8234 0.9591
6.0400 0.4925 0.7011 0.8222 0.9590
6.0500 0.5181 0.6937 0.8212 0.9590
6.0600 0.5416 0.6861 0.8204 0.9592
6.0700 0.5627 0.6782 0.8198 0.9594
6.0800 0.5811 0.6700 0.8194 0.9597
6.0900 0.5963 0.6617 0.8192 0.9601
6.1000 0.6081 0.6530 0.8192 0.9607
6.1100 0.6162 0.6441 0.8195 0.9613
6.1200 0.6203 0.6350 0.8199 0.9620
6.1300 0.6203 0.6256 0.8206 0.9628
6.1400 0.6162 0.6159 0.8215 0.9637
6.1500 0.6078 0.6059 0.8226 0.9646
6.1600 0.5951 0.5957 0.8240 0.9657
6.1700 0.5785 0.5852 0.8255 0.9668
6.1800 0.5579 0.5744 0.8272 0.9680
6.1900 0.5337 0.5634 0.8292 0.9692
6.2000 0.5063 0.5521 0.8313 0.9705
6.2100 0.4761 0.5406 0.8336 0.9718
6.2200 0.4435 0.5288 0.8361 0.9731
6.2300 0.4090 0.5168 0.8388 0.9745
6.2400 0.3732 0.5046 0.8417 0.9759
6.2500 0.3368 0.4922 0.8447 0.9773
6.2600 0.3002 0.4795 0.8479 0.9787
6.2700 0.2640 0.4667 0.8512 0.9802
6.2800 0.2289 0.4537 0.8547 0.9816
6.2900 0.1954 0.4405 0.8583 0.9830
6.3000 0.1639 0.4272 0.8620 0.9843
6.3100 0.1350 0.4137 0.8658 0.9857
6.3200 0.1090 0.4002 0.8697 0.9869
6.3300 0.0863 0.3865 0.8737 0.9882
6.3400 0.0671 0.3727 0.8777 0.9894
6.3500 0.0516 0.3589 0.8818 0.9906
6.3600 0.0400 0.3450 0.8860 0.9916
6.3700 0.0322 0.3311 0.8902 0.9927
6.3800 0.0282 0.3172 0.8944 0.9936
6.3900 0.0279 0.3033 0.8987 0.9945
6.4000 0.0311 0.2895 0.9029 0.9954
6.4100 0.0376 0.2756 0.9072 0.9961
6.4200 0.0472 0.2619 0.9114 0.9968
6.4300 0.0594 0.2482 0.9156 0.9974
6.4400 0.0740 0.2347 0.9197 0.9979
6.4500 0.0905 0.2212 0.9238 0.9983
6.4600 0.1087 0.2080 0.9278 0.9987
6.4700 0.1280 0.1948 0.9318 0.9990
6.4800 0.1482 0.1819 0.9357 0.9992
6.4900 0.1688 0.1692 0.9394 0.9993
6.5000 0.1895 0.1567 0.9431 0.9994
6.5100 0.2099 0.1444 0.9467 0.9993
6.5200 0.2297 0.1325 0.9502 0.9993
6.5300 0.2487 0.1208 0.9536 0.9991
6.5400 0.2666 0.1094 0.9568 0.9990
6.5500 0.2832 0.0983 0.9600 0.9987
6.5600 0.2983 0.0876 0.9629 0.9984
6.5700 0.3119 0.0772 0.9658 0.9981
6.5800 0.3237 0.0673 0.9685 0.9977
6.5900 0.3337 0.0577 0.9711 0.9973
6.6000 0.3419 0.0485 0.9736 0.9968
6.6100 0.3482 0.0398 0.9759 0.9964
6.6200 0.3528 0.0315 0.9780 0.9959
6.6300 0.3555 0.0237 0.9801 0.9953
6.6400 0.3566 0.0164 0.9820 0.9948
6.6500 0.3560 0.0096 0.9837 0.9942
6.6600 0.3539 0.0032 0.9853 0.9937
6.6700 0.3503 -0.0026 0.9868 0.9931
6.6800 0.3455 -0.0078 0.9881 0.9926
6.6900 0.3394 -0.0125 0.9893 0.9920
6.7000 0.3324 -0.0167 0.9904 0.9914
6.7100 0.3244 -0.0202 0.9914 0.9909
6.7200 0.3157 -0.0232 0.9922 0.9903
6.7300 0.3063 -0.0257 0.9929 0.9898
6.7400 0.2964 -0.0275 0.9936 0.9893
6.7500 0.2862 -0.0287 0.9941 0.9888
6.7600 0.2758 -0.0294 0.9945 0.9883
6.7700 0.2653 -0.0295 0.9948 0.9878
6.7800 0.2548 -0.0289 0.9951 0.9873
6.7900 0.2444 -0.0278 0.9952 0.9868
6.8000 0.2343 -0.0261 0.9953 0.9864
6.8100 0.2245 -0.0238 0.9953 0.9860
6.8200 0.2152 -0.0210 0.9953 0.9855
6.8300 0.2063 -0.0175 0.9952 0.9851
6.8400 0.1980 -0.0135 0.9950 0.9847
6.8500 0.1903 -0.0090 0.9948 0.9843
6.8600 0.1834 -0.0039 0.9945 0.9839
6.8700 0.1771 0.0017 0.9942 0.9835
6.8800 0.1716 0.0078 0.9938 0.9831
6.8900 0.1668 0.0144 0.9935 0.9827
6.9000 0.1628 0.0215 0.9930 0.9823
6.9100 0.1596 0.0290 0.9926 0.9819
6.9200 0.1572 0.0370 0.9921 0.9815
6.9300 0.1556 0.0454 0.9917 0.9811
6.9400 0.1546 0.0542 0.9911 0.9807
6.9500 0.1545 0.0634 0.9906 0.9803
6.9600 0.1550 0.0729 0.9901 0.9798
6.9700 0.1561 0.0828 0.9895 0.9794
6.9800 0.1579 0.0930 0.9889 0.9790
6.9900 0.1602 0.1036 0.9883 0.9785
7.0000 0.1630 0.1144 0.9877 0.9780
7.0100 0.1662 0.1255 0.9871 0.9775
7.0200 0.1699 0.1368 0.9864 0.9771
7.0300 0.1738 0.1483 0.9857 0.9766
7.0400 0.1780 0.1600 0.9850 0.9761
7.0500 0.1825 0.1719 0.9842 0.9756
7.0600 0.1870 0.1840 0.9835 0.9751
7.0700 0.1916 0.1962 0.9827 0.9746
7.0800 0.1962 0.2085 0.9818 0.9741
7.0900 0.2007 0.2209 0.9809 0.9736
7.1000 0.2051 0.2334 0.9800 0.9731
7.1100 0.2093 0.2460 0.9790 0.9727
7.1200 0.2132 0.2586 0.9780 0.9722
7.1300 0.2168 0.2713 0.9769 0.9718
7.1400 0.2200 0.2839 0.9757 0.9714
7.1500 0.2228 0.2965 0.9745 0.9710
7.1600 0.2250 0.3092 0.9732 0.9707
7.1700 0.2268 0.3217 0.9718 0.9704
7.1800 0.2280 0.3342 0.9704 0.9701
7.1900 0.2285 0.3467 0.9688 0.9699
7.2000 0.2285 0.3591 0.9672 0.9698
7.2100 0.2277 0.3713 0.9655 0.9696
7.2200 0.2263 0.3835 0.9636 0.9696
7.2300 0.2241 0.3955 0.9617 0.9696
7.2400 0.2213 0.4074 0.9597 0.9696
7.2500 0.2177 0.4192 0.9576 0.9697
7.2600 0.2134 0.4307 0.9554 0.9699
7.2700 0.2084 0.4422 0.9531 0.9702
7.2800 0.2028 0.4534 0.9506 0.9705
7.2900 0.1965 0.4645 0.9481 0.9708
7.3000 0.1896 0.4753 0.9455 0.9713
7.3100 0.1821 0.4860 0.9427 0.9718
7.3200 0.1742 0.4964 0.9399 0.9724
7.3300 0.1658 0.5067 0.9369 0.9730
7.3400 0.1570 0.5167 0.9339 0.9737
7.3500 0.1480 0.5265 0.9308 0.9745
7.3600 0.1388 0.5360 0.9275 0.9753
7.3700 0.1296 0.5454 0.9242 0.9761
7.3800 0.1204 0.5545 0.9208 0.9770
7.3900 0.1115 0.5634 0.9173 0.9780
7.4000 0.1028 0.5720 0.9138 0.9790
7.4100 0.0945 0.5805 0.9102 0.9800
7.4200 0.0869 0.5887 0.9065 0.9811
7.4300 0.0800 0.5967 0.9027 0.9822
7.4400 0.0739 0.6044 0.8990 0.9833
7.4500 0.0689 0.6120 0.8952 0.9844
7.4600 0.0649 0.6194 0.8913 0.9855
7.4700 0.0623 0.6266 0.8875 0.9867
7.4800 0.0610 0.6335 0.8836 0.9878
7.4900 0.0611 0.6404 0.8798 0.9889
7.5000 0.0628 0.6470 0.8759 0.9899
7.5100 0.0660 0.6535 0.8721 0.9910
7.5200 0.0708 0.6598 0.8683 0.9920
7.5300 0.0773 0.6661 0.8646 0.9930
7.5400 0.0853 0.6721 0.8609 0.9939
7.5500 0.0948 0.6781 0.8573 0.9948
7.5600 0.1058 0.6840 0.8538 0.9956
7.5700 0.1180 0.6898 0.8503 0.9964
7.5800 0.1314 0.6955 0.8470 0.9970
7.5900 0.1459 0.7011 0.8437 0.9977
7.6000 0.1611 0.7067 0.8406 0.9982
7.6100 0.1769 0.7122 0.8376 0.9986
7.6200 0.1931 0.7177 0.8348 0.9990
7.6300 0.2095 0.7232 0.8321 0.9993
7.6400 0.2257 0.7286 0.8296 0.9994
7.6500 0.2416 0.7341 0.8272 0.9995
7.6600 0.2570 0.7395 0.8250 0.9995
7.6700 0.2716 0.7450 0.8230 0.9995
7.6800 0.2852 0.7504 0.8212 0.9993
7.6900 0.2977 0.7559 0.8196 0.9990
7.7000 0.3088 0.7615 0.8182 0.9986
7.7100 0.3185 0.7670 0.8170 0.9982
7.7200 0.3267 0.7726 0.8160 0.9977
7.7300 0.3332 0.7782 0.8152 0.9971
7.7400 0.3382 0.7839 0.8147 0.9964
7.7500 0.3415 0.7896 0.8143 0.9956
7.7600 0.3432 0.7954 0.8142 0.9948
7.7700 0.3434 0.8012 0.8143 0.9939
7.7800 0.3422 0.8070 0.8146 0.9929
7.7900 0.3396 0.8129 0.8152 0.9919
7.8000 0.3358 0.8188 0.8160 0.9909
7.8100 0.3309 0.8248 0.8170 0.9898
7.8200 0.3251 0.8308 0.8182 0.9887
7.8300 0.3185 0.8369 0.8196 0.9876
7.8400 0.3112 0.8429 0.8213 0.9864
7.8500 0.3035 0.8490 0.8231 0.9853
7.8600 0.2954 0.8551 0.8251 0.9841
7.8700 0.2870 0.8612 0.8274 0.9829
7.8800 0.2785 0.8674 0.8298 0.9818
7.8900 0.2699 0.8735 0.8324 0.9806
7.9000 0.2613 0.8796 0.8352 0.9795
7.9100 0.2528 0.8857 0.8381 0.9784
7.9200 0.2444 0.8917 0.8412 0.9774
7.9300 0.2360 0.8977 0.8444 0.9764
7.9400 0.2277 0.9037 0.8477 0.9754
7.9500 0.2195 0.9095 0.8512 0.9745
7.9600 0.2114 0.9154 0.8548 0.9736
7.9700 0.2032 0.9211 0.8584 0.9728
7.9800 0.1950 0.9267 0.8622 0.9721
7.9900 0.1867 0.9323 0.8660 0.9714
8.0000 0.1783 0.9377 0.8699 0.9708
8.0100 0.1697 0.9429 0.8739 0.9702
8.0200 0.1608 0.9480 0.8779 0.9698
8.0300 0.1516 0.9530 0.8819 0.9694
8.0400 0.1421 0.9578 0.8860 0.9690
8.0500 0.1323 0.9623 0.8900 0.9688
8.0600 0.1221 0.9667 0.8941 0.9686
8.0700 0.1115 0.9709 0.8981 0.9684
8.0800 0.1005 0.9748 0.9022 0.9684
8.0900 0.0891 0.9785 0.9062 0.9684
8.1000 0.0773 0.9819 0.9101 0.9685
8.1100 0.0652 0.9850 0.9141 0.9686
8.1200 0.0527 0.9879 0.9179 0.9688
8.1300 0.0400 0.9905 0.9217 0.9690
8.1400 0.0270 0.9927 0.9254 0.9693
8.1500 0.0138 0.9946 0.9291 0.9696
8.1600 0.0004 0.9962 0.9326 0.9700
8.1700 -0.0131 0.9974 0.9361 0.9704
8.1800 -0.0268 0.9983 0.9394 0.9709
8.1900 -0.0404 0.9988 0.9427 0.9714
8.2000 -0.0541 0.9990 0.9458 0.9719
8.2100 -0.0677 0.9987 0.9489 0.9724
8.2200 -0.0813 0.9981 0.9518 0.9729
8.2300 -0.0947 0.9971 0.9546 0.9735
8.2400 -0.1079 0.9956 0.9573 0.9741
8.2500 -0.1210 0.9938 0.9598 0.9747
8.2600 -0.1339 0.9916 0.9623 0.9753
8.2700 -0.1465 0.9889 0.9646 0.9758
8.2800 -0.1588 0.9859 0.9668 0.9764
8.2900 -0.1709 0.9824 0.9689 0.9770
8.3000 -0.1826 0.9785 0.9709 0.9776
8.3100 -0.1940 0.9742 0.9727 0.9782
8.3200 -0.2051 0.9696 0.9745 0.9787
8.3300 -0.2158 0.9645 0.9761 0.9793
8.3400 -0.2262 0.9590 0.9776 0.9798
8.3500 -0.2361 0.9531 0.9791 0.9803
8.3600 -0.2457 0.9469 0.9804 0.9808
8.3700 -0.2549 0.9403 0.9816 0.9813
8.3800 -0.2637 0.9333 0.9827 0.9818
8.3900 -0.2721 0.9259 0.9838 0.9823
8.4000 -0.2800 0.9182 0.9848 0.9827
8.4100 -0.2876 0.9102 0.9857 0.9832
8.4200 -0.2947 0.9019 0.9865 0.9836
8.4300 -0.3014 0.8932 0.9872 0.9841
8.4400 -0.3077 0.8842 0.9879 0.9845
8.4500 -0.3135 0.8750 0.9885 0.9849
8.4600 -0.3188 0.8655 0.9891 0.9853
8.4700 -0.3237 0.8557 0.9896 0.9858
8.4800 -0.3281 0.8457 0.9901 0.9862
8.4900 -0.3321 0.8355 0.9905 0.9866
8.5000 -0.3355 0.8250 0.9909 0.9870
8.5100 -0.3385 0.8144 0.9913 0.9874
8.5200 -0.3409 0.8035 0.9916 0.9879
8.5300 -0.3428 0.7925 0.9919 0.9883
8.5400 -0.3441 0.7814 0.9921 0.9888
8.5500 -0.3449 0.7702 0.9924 0.9892
8.5600 -0.3451 0.7588 0.9926 0.9897
8.5700 -0.3448 0.7473 0.9928 0.9901
8.5800 -0.3438 0.7358 0.9929 0.9906
8.5900 -0.3422 0.7242 0.9931 0.9911
8.6000 -0.3400 0.7126 0.9932 0.9916
8.6100 -0.3371 0.7009 0.9933 0.9921
8.6200 -0.3336 0.6893 0.9934 0.9926
8.6300 -0.3294 0.6777 0.9934 0.9931
8.6400 -0.3246 0.6661 0.9934 0.9936
8.6500 -0.3191 0.6546 0.9934 0.9941
8.6600 -0.3129 0.6431 0.9934 0.9946
8.6700 -0.3060 0.6317 0.9933 0.9951
8.6800 -0.2985 0.6205 0.9932 0.9955
8.6900 -0.2903 0.6093 0.9930 0.9960
8.7000 -0.2815 0.5983 0.9928 0.9964
8.7100 -0.2721 0.5875 0.9926 0.9969
8.7200 -0.2621 0.5768 0.9923 0.9973
8.7300 -0.2515 0.5663 0.9919 0.9976
8.7400 -0.2404 0.5560 0.9915 0.9980
8.7500 -0.2289 0.5459 0.9910 0.9983
8.7600 -0.2169 0.5360 0.9905 0.9985
8.7700 -0.2045 0.5264 0.9898 0.9988
8.7800 -0.1918 0.5170 0.9891 0.9989
8.7900 -0.1788 0.5078 0.9883 0.9990
8.8000 -0.1657 0.4989 0.9874 0.9991
8.8100 -0.1523 0.4903 0.9864 0.9991
8.8200 -0.1390 0.4819 0.9853 0.9990
8.8300 -0.1255 0.4738 0.9841 0.9989
8.8400 -0.1122 0.4660 0.9828 0.9987
8.8500 -0.0989 0.4584 0.9813 0.9984
8.8600 -0.0857 0.4512 0.9798 0.9981
8.8700 -0.0728 0.4442 0.9781 0.9976
8.8800 -0.0600 0.4374 0.9764 0.9971
8.8900 -0.0475 0.4310 0.9744 0.9966
8.9000 -0.0353 0.4248 0.9724 0.9959
8.9100 -0.0232 0.4188 0.9703 0.9952
8.9200 -0.0114 0.4131 0.9680 0.9944
8.9300 0.0002 0.4077 0.9655 0.9936
8.9400 0.0117 0.4025 0.9630 0.9927
8.9500 0.0230 0.3975 0.9603 0.9917
8.9600 0.0343 0.3928 0.9575 0.9906
8.9700 0.0456 0.3882 0.9546 0.9895
8.9800 0.0569 0.3839 0.9515 0.9883
8.9900 0.0684 0.3797 0.9484 0.9871
9.0000 0.0801 0.3758 0.9451 0.9859
9.0100 0.0921 0.3720 0.9417 0.9846
9.0200 0.1043 0.3683 0.9382 0.9832
9.0300 0.1167 0.3648 0.9346 0.9819
9.0400 0.1295 0.3614 0.9309 0.9805
9.0500 0.1425 0.3582 0.9271 0.9791
9.0600 0.1557 0.3550 0.9232 0.9777
9.0700 0.1691 0.3520 0.9193 0.9763
9.0800 0.1823 0.3490 0.9153 0.9749
9.0900 0.1955 0.3461 0.9113 0.9736
9.1000 0.2083 0.3433 0.9072 0.9722
9.1100 0.2205 0.3405 0.9031 0.9709
9.1200 0.2319 0.3377 0.8989 0.9696
9.1300 0.2423 0.3350 0.8948 0.9684
9.1400 0.2514 0.3323 0.8906 0.9672
9.1500 0.2589 0.3296 0.8865 0.9661
9.1600 0.2646 0.3268 0.8824 0.9650
9.1700 0.2682 0.3241 0.8783 0.9640
9.1800 0.2695 0.3213 0.8742 0.9631
9.1900 0.2683 0.3185 0.8702 0.9623
9.2000 0.2644 0.3157 0.8663 0.9616
9.2100 0.2578 0.3128 0.8624 0.9609
9.2200 0.2483 0.3098 0.8586 0.9603
9.2300 0.2360 0.3068 0.8549 0.9599
9.2400 0.2209 0.3036 0.8514 0.9595
9.2500 0.2032 0.3004 0.8479 0.9592
9.2600 0.1831 0.2971 0.8446 0.9591
9.2700 0.1607 0.2937 0.8414 0.9590
9.2800 0.1366 0.2902 0.8384 0.9591
9.2900 0.1109 0.2866 0.8355 0.9592
9.3000 0.0842 0.2829 0.8328 0.9594
9.3100 0.0569 0.2791 0.8303 0.9598
9.3200 0.0295 0.2751 0.8279 0.9602
9.3300 0.0025 0.2710 0.8258 0.9608
9.3400 -0.0235 0.2668 0.8238 0.9614
9.3500 -0.0481 0.2625 0.8220 0.9621
9.3600 -0.0709 0.2581 0.8205 0.9629
9.3700 -0.0912 0.2535 0.8191 0.9638
9.3800 -0.1088 0.2488 0.8180 0.9647
9.3900 -0.1233 0.2440 0.8171 0.9657
9.4000 -0.1344 0.2391 0.8164 0.9668
9.4100 -0.1418 0.2341 0.8160 0.9679
9.4200 -0.1454 0.2289 0.8157 0.9690
9.4300 -0.1452 0.2237 0.8157 0.9702
9.4400 -0.1411 0.2184 0.8159 0.9715
9.4500 -0.1333 0.2130 0.8163 0.9727
9.4600 -0.1218 0.2076 0.8170 0.9740
9.4700 -0.1069 0.2021 0.8178 0.9753
9.4800 -0.0888 0.1966 0.8189 0.9766
9.4900 -0.0680 0.1911 0.8201 0.9779
9.5000 -0.0447 0.1855 0.8216 0.9792
9.5100 -0.0195 0.1800 0.8233 0.9805
9.5200 0.0074 0.1744 0.8251 0.9818
9.5300 0.0354 0.1689 0.8271 0.9830
9.5400 0.0641 0.1635 0.8293 0.9842
9.5500 0.0930 0.1582 0.8317 0.9854
9.5600 0.1216 0.1529 0.8342 0.9865
9.5700 0.1497 0.1478 0.8368 0.9876
9.5800 0.1767 0.1428 0.8396 0.9887
9.5900 0.2023 0.1380 0.8426 0.9897
9.6000 0.2262 0.1333 0.8456 0.9906
9.6100 0.2482 0.1289 0.8487 0.9915
9.6200 0.2679 0.1246 0.8520 0.9923
9.6300 0.2852 0.1206 0.8553 0.9931
9.6400 0.2999 0.1169 0.8587 0.9938
9.6500 0.3121 0.1134 0.8622 0.9945
9.6600 0.3215 0.1102 0.8657 0.9951
9.6700 0.3282 0.1073 0.8693 0.9956
9.6800 0.3322 0.1048 0.8729 0.9961
9.6900 0.3336 0.1026 0.8766 0.9965
9.7000 0.3325 0.1007 0.8802 0.9969
9.7100 0.3289 0.0992 0.8839 0.9972
9.7200 0.3232 0.0982 0.8875 0.9975
9.7300 0.3153 0.0975 0.8912 0.9977
9.7400 0.3055 0.0972 0.8948 0.9978
9.7500 0.2940 0.0973 0.8984 0.9980
9.7600 0.2810 0.0979 0.9019 0.9980
9.7700 0.2667 0.0989 0.9054 0.9981
9.7800 0.2514 0.1004 0.9089 0.9981
9.7900 0.2352 0.1023 0.9122 0.9980
9.8000 0.2183 0.1047 0.9155 0.9980
9.8100 0.2011 0.1075 0.9188 0.9979
9.8200 0.1836 0.1108 0.9219 0.9978
9.8300 0.1661 0.1146 0.9250 0.9976
9.8400 0.1488 0.1188 0.9280 0.9975
9.8500 0.1318 0.1236 0.9309 0.9973
9.8600 0.1153 0.1287 0.9337 0.9971
9.8700 0.0995 0.1344 0.9365 0.9969
9.8800 0.0844 0.1405 0.9391 0.9967
9.8900 0.0703 0.1472 0.9416 0.9965
9.9000 0.0572 0.1542 0.9441 0.9962
9.9100 0.0451 0.1617 0.9464 0.9960
9.9200 0.0343 0.1697 0.9487 0.9957
9.9300 0.0247 0.1781 0.9508 0.9955
9.9400 0.0164 0.1870 0.9529 0.9952
9.9500 0.0094 0.1963 0.9549 0.9949
9.9600 0.0037 0.2060 0.9568 0.9947
9.9700 -0.0006 0.2162 0.9586 0.9944
9.9800 -0.0036 0.2267 0.9603 0.9941
9.9900 -0.0052 0.2376 0.9620 0.9938
10.0000 -0.0056 0.2489 0.9636 0.9934
