 i	 j	 H	 Lc	 L0	 L1	 L2	 L3	
0.0000 0.0000 0.4000 0.0000 -0.0000 0.0000 -0.0000 0.0000
1.0000 0.0000 -0.0000 0.0000 -0.0000 0.0000 -0.0000 0.0000
2.0000 0.0000 0.0000 0.0000 0.0000 0.0000 0.0000 0.0000
3.0000 0.0000 -0.0000 0.0000 0.0000 0.0000 0.0000 0.0000
4.0000 0.0000 -0.0000 0.0000 -0.0000 0.0000 0.0000 -0.0000
5.0000 0.0000 0.0000 0.0000 -0.0000 0.0000 -0.0000 0.0000
6.0000 0.0000 0.0000 0.0000 0.0000 0.0000 0.0000 0.0000
7.0000 0.0000 0.0000 -0.0000 0.0000 -0.0000 -0.0000 0.0000
8.0000 0.0000 -0.0000 0.0000 -0.0000 0.0000 -0.0000 0.0000
9.0000 0.0000 -0.0000 0.0000 0.0000 -0.0000 -0.0000 0.0000
10.0000 0.0000 -0.0000 0.0000 0.5622 -0.5909 0.0800 -0.0514
11.0000 0.0000 0.0000 -0.0000 0.0234 -0.0255 -0.7025 0.7046
12.0000 0.0000 -0.0000 -0.0000 -0.4282 0.3876 0.0102 0.0305
13.0000 0.0000 0.0000 0.0000 0.0000 0.0000 0.0000 0.0000
14.0000 0.0000 -0.0000 0.0000 0.0000 0.0000 0.0000 0.0000
15.0000 0.0000 -0.0000 0.0000 0.0000 0.0000 0.0000 0.0000
16.0000 0.0000 -0.0000 0.0000 0.0000 0.0000 0.0000 0.0000
17.0000 0.0000 0.0000 0.0000 0.0000 0.0000 0.0000 0.0000
18.0000 0.0000 -0.0000 0.0000 0.0000 0.0000 0.0000 0.0000
19.0000 0.0000 0.0000 0.0000 0.0000 0.0000 0.0000 0.0000
20.0000 0.0000 -0.0000 0.0000 0.0000 0.0000 0.0000 0.0000
21.0000 0.0000 -0.0000 0.0000 0.0000 0.0000 0.0000 0.0000
22.0000 0.0000 0.0000 0.0000 0.0000 0.0000 0.0000 0.0000
23.0000 0.0000 -0.0000 0.0000 0.0000 0.0000 0.0000 0.0000
24.0000 0.0000 0.0000 -0.0000 -0.0000 0.0000 -0.0000 -0.0000
25.0000 0.0000 -0.0000 0.0000 0.0000 -0.0000 0.0000 -0.0000
26.0000 0.0000 0.0000 -0.0000 -0.0000 0.0000 0.0000 0.0000
27.0000 0.0000 -0.0000 0.0000 0.0000 0.0000 0.0000 0.0000
28.0000 0.0000 0.0000 0.0000 0.0000 0.0000 0.0000 0.0000
29.0000 0.0000 -0.0000 0.0000 0.0000 0.0000 0.0000 0.0000
30.0000 0.0000 0.0000 0.0000 0.0000 0.0000 0.0000 0.0000
31.0000 0.0000 -0.0000 0.0000 0.0000 0.0000 0.0000 0.0000
0.0000 1.0000 -0.0000 -0.0000 0.0000 -0.0000 0.0000 0.0000
1.0000 1.0000 0.4000 0.0000 -0.0000 -0.0000 0.0000 0.0000
2.0000 1.0000 0.0000 0.0000 0.0000 0.0000 0.0000 0.0000
3.0000 1.0000 0.0000 0.0000 0.0000 0.0000 0.0000 0.0000
4.0000 1.0000 -0.0000 -0.0000 -0.0000 -0.0000 0.0000 0.0000
5.0000 1.0000 0.0000 0.0000 -0.0000 -0.0000 0.0000 0.0000
6.0000 1.0000 0.0000 0.0000 0.0000 0.0000 0.0000 0.0000
7.0000 1.0000 0.0000 -0.0000 0.0000 0.0000 -0.0000 -0.0000
8.0000 1.0000 0.0000 0.0000 0.0000 -0.0000 0.0000 -0.0000
9.0000 1.0000 0.0000 0.0000 0.0000 0.0000 -0.0000 0.0000
10.0000 1.0000 -0.0000 0.0000 0.3273 0.3370 -0.6621 -0.0022
11.0000 1.0000 0.0000 0.0000 0.4328 -0.3844 -0.0788 0.0304
12.0000 1.0000 -0.0000 0.0000 0.4534 0.4886 -0.2355 -0.7065
13.0000 1.0000 0.0000 0.0000 0.0000 0.0000 0.0000 0.0000
14.0000 1.0000 0.0000 0.0000 0.0000 0.0000 0.0000 0.0000
15.0000 1.0000 0.0000 0.0000 0.0000 0.0000 0.0000 0.0000
16.0000 1.0000 -0.0000 0.0000 0.0000 0.0000 0.0000 0.0000
17.0000 1.0000 0.0000 0.0000 0.0000 0.0000 0.0000 0.0000
18.0000 1.0000 -0.0000 0.0000 0.0000 0.0000 0.0000 0.0000
19.0000 1.0000 0.0000 0.0000 0.0000 0.0000 0.0000 0.0000
20.0000 1.0000 0.0000 0.0000 0.0000 0.0000 0.0000 0.0000
21.0000 1.0000 0.0000 0.0000 0.0000 0.0000 0.0000 0.0000
22.0000 1.0000 0.0000 0.0000 0.0000 0.0000 0.0000 0.0000
23.0000 1.0000 0.0000 0.0000 0.0000 0.0000 0.0000 0.0000
24.0000 1.0000 0.0000 0.0000 0.0000 0.0000 -0.0000 0.0000
25.0000 1.0000 0.0000 0.0000 0.0000 0.0000 0.0000 -0.0000
26.0000 1.0000 0.0000 0.0000 -0.0000 0.0000 0.0000 0.0000
27.0000 1.0000 0.0000 0.0000 0.0000 0.0000 0.0000 0.0000
28.0000 1.0000 0.0000 0.0000 0.0000 0.0000 0.0000 0.0000
29.0000 1.0000 0.0000 0.0000 0.0000 0.0000 0.0000 0.0000
30.0000 1.0000 0.0000 0.0000 0.0000 0.0000 0.0000 0.0000
31.0000 1.0000 0.0000 0.0000 0.0000 0.0000 0.0000 0.0000
0.0000 2.0000 -0.0000 0.0000 0.0000 0.0000 0.0000 0.0000
1.0000 2.0000 -0.0000 0.0000 0.0000 0.0000 0.0000 0.0000
2.0000 2.0000 -0.4000 0.0000 -0.0000 0.0000 -0.0000 0.0000
3.0000 2.0000 0.0000 0.0000 -0.0000 0.0000 -0.0000 0.0000
4.0000 2.0000 0.0000 0.0000 0.0000 0.0000 0.0000 0.0000
5.0000 2.0000 -0.0000 0.0000 0.0000 0.0000 0.0000 0.0000
6.0000 2.0000 -0.0000 0.0000 0.0000 0.0000 0.0000 0.0000
7.0000 2.0000 -0.0000 0.0000 0.0000 0.0000 0.0000 0.0000
8.0000 2.0000 0.0000 0.0000 0.0000 0.0000 0.0000 0.0000
9.0000 2.0000 -0.0000 0.0000 0.0000 0.0000 0.0000 0.0000
10.0000 2.0000 0.0000 0.0000 0.0000 0.0000 0.0000 0.0000
11.0000 2.0000 -0.0000 0.0000 0.0000 0.0000 0.0000 0.0000
12.0000 2.0000 -0.0000 0.0000 0.0000 0.0000 0.0000 0.0000
13.0000 2.0000 0.0000 0.0000 -0.0000 0.0000 0.0000 -0.0000
14.0000 2.0000 -0.0000 0.0000 -0.0000 0.0000 -0.0000 0.0000
15.0000 2.0000 -0.0000 0.0000 0.0000 0.0000 0.0000 0.0000
16.0000 2.0000 -0.0000 -0.0000 0.0000 -0.0000 -0.0000 0.0000
17.0000 2.0000 0.0000 0.0000 -0.0000 0.0000 -0.0000 0.0000
18.0000 2.0000 0.0000 0.0000 0.0000 -0.0000 -0.0000 0.0000
19.0000 2.0000 0.0000 0.0000 0.5622 -0.5909 0.0800 -0.0514
20.0000 2.0000 -0.0000 -0.0000 0.0234 -0.0255 -0.7025 0.7046
21.0000 2.0000 0.0000 -0.0000 -0.4282 0.3876 0.0102 0.0305
22.0000 2.0000 -0.0000 0.0000 0.0000 0.0000 0.0000 0.0000
23.0000 2.0000 0.0000 0.0000 0.0000 0.0000 0.0000 0.0000
24.0000 2.0000 -0.0000 0.0000 0.0000 0.0000 0.0000 0.0000
25.0000 2.0000 0.0000 0.0000 0.0000 0.0000 0.0000 0.0000
26.0000 2.0000 -0.0000 0.0000 0.0000 0.0000 0.0000 0.0000
27.0000 2.0000 0.0000 0.0000 0.0000 0.0000 0.0000 0.0000
28.0000 2.0000 0.0000 0.0000 0.0000 0.0000 0.0000 0.0000
29.0000 2.0000 -0.0000 -0.0000 -0.0000 0.0000 -0.0000 -0.0000
30.0000 2.0000 0.0000 0.0000 0.0000 -0.0000 0.0000 -0.0000
31.0000 2.0000 0.0000 -0.0000 -0.0000 0.0000 0.0000 0.0000
0.0000 3.0000 -0.0000 0.0000 0.0000 0.0000 0.0000 0.0000
1.0000 3.0000 0.0000 0.0000 0.0000 0.0000 0.0000 0.0000
2.0000 3.0000 0.0000 -0.0000 0.0000 -0.0000 0.0000 0.0000
3.0000 3.0000 -0.4000 0.0000 -0.0000 -0.0000 0.0000 0.0000
4.0000 3.0000 0.0000 0.0000 0.0000 0.0000 0.0000 0.0000
5.0000 3.0000 0.0000 0.0000 0.0000 0.0000 0.0000 0.0000
6.0000 3.0000 0.0000 0.0000 0.0000 0.0000 0.0000 0.0000
7.0000 3.0000 -0.0000 0.0000 0.0000 0.0000 0.0000 0.0000
8.0000 3.0000 0.0000 0.0000 0.0000 0.0000 0.0000 0.0000
9.0000 3.0000 0.0000 0.0000 0.0000 0.0000 0.0000 0.0000
10.0000 3.0000 0.0000 0.0000 0.0000 0.0000 0.0000 0.0000
11.0000 3.0000 0.0000 0.0000 0.0000 0.0000 0.0000 0.0000
12.0000 3.0000 0.0000 0.0000 0.0000 0.0000 0.0000 0.0000
13.0000 3.0000 0.0000 -0.0000 -0.0000 -0.0000 0.0000 0.0000
14.0000 3.0000 -0.0000 0.0000 -0.0000 -0.0000 0.0000 0.0000
15.0000 3.0000 -0.0000 0.0000 0.0000 0.0000 0.0000 0.0000
16.0000 3.0000 -0.0000 -0.0000 0.0000 0.0000 -0.0000 -0.0000
17.0000 3.0000 -0.0000 0.0000 0.0000 -0.0000 0.0000 -0.0000
18.0000 3.0000 -0.0000 0.0000 0.0000 0.0000 -0.0000 0.0000
19.0000 3.0000 0.0000 0.0000 0.3273 0.3370 -0.6621 -0.0022
20.0000 3.0000 -0.0000 0.0000 0.4328 -0.3844 -0.0788 0.0304
21.0000 3.0000 0.0000 0.0000 0.4534 0.4886 -0.2355 -0.7065
22.0000 3.0000 0.0000 0.0000 0.0000 0.0000 0.0000 0.0000
23.0000 3.0000 0.0000 0.0000 0.0000 0.0000 0.0000 0.0000
24.0000 3.0000 0.0000 0.0000 0.0000 0.0000 0.0000 0.0000
25.0000 3.0000 0.0000 0.0000 0.0000 0.0000 0.0000 0.0000
26.0000 3.0000 0.0000 0.0000 0.0000 0.0000 0.0000 0.0000
27.0000 3.0000 0.0000 0.0000 0.0000 0.0000 0.0000 0.0000
28.0000 3.0000 -0.0000 0.0000 0.0000 0.0000 0.0000 0.0000
29.0000 3.0000 -0.0000 0.0000 0.0000 0.0000 -0.0000 0.0000
30.0000 3.0000 -0.0000 0.0000 0.0000 0.0000 0.0000 -0.0000
31.0000 3.0000 0.0000 0.0000 -0.0000 0.0000 0.0000 0.0000
0.0000 4.0000 -0.0000 0.0000 -0.5622 0.5909 -0.0800 0.0514
1.0000 4.0000 -0.0000 0.0000 -0.3273 -0.3370 0.6621 0.0022
2.0000 4.0000 0.0000 0.0000 0.0000 0.0000 0.0000 0.0000
3.0000 4.0000 0.0000 0.0000 0.0000 0.0000 0.0000 0.0000
4.0000 4.0000 0.7250 0.0000 0.0000 0.0000 0.0000 -0.0000
5.0000 4.0000 -0.0000 -0.0000 -0.0000 -0.0000 0.0000 0.0000
6.0000 4.0000 0.0000 0.0000 0.0000 0.0000 0.0000 0.0000
7.0000 4.0000 0.0000 0.7071 0.5442 0.6280 0.5899 -0.3479
8.0000 4.0000 0.0000 -0.0000 0.3284 -0.2428 -0.0086 -0.0770
9.0000 4.0000 0.0000 0.0000 -0.1959 -0.1365 0.3324 0.0000
10.0000 4.0000 -0.0000 0.0000 0.0000 0.0000 0.0000 -0.0000
11.0000 4.0000 -0.0000 0.0000 0.0000 -0.0000 0.0000 0.0000
12.0000 4.0000 -0.0000 0.0000 0.0000 0.0000 0.0000 0.0000
13.0000 4.0000 0.0000 0.0000 0.0000 0.0000 0.0000 0.0000
14.0000 4.0000 0.0000 0.0000 0.0000 0.0000 0.0000 0.0000
15.0000 4.0000 0.0000 0.0000 0.0000 0.0000 0.0000 0.0000
16.0000 4.0000 0.0177 0.0000 0.0000 0.0000 0.0000 0.0000
17.0000 4.0000 -0.0000 0.0000 0.0000 0.0000 0.0000 0.0000
18.0000 4.0000 -0.0000 0.0000 0.0000 0.0000 0.0000 0.0000
19.0000 4.0000 0.0000 0.0000 0.0000 0.0000 0.0000 0.0000
20.0000 4.0000 0.0000 0.0000 0.0000 0.0000 0.0000 0.0000
21.0000 4.0000 0.0000 0.0000 0.0000 0.0000 0.0000 0.0000
22.0000 4.0000 0.0000 0.0000 0.0000 0.0000 0.0000 0.0000
23.0000 4.0000 0.0000 0.0000 0.0000 0.0000 0.0000 0.0000
24.0000 4.0000 0.0000 -0.0000 0.1385 0.0965 0.1175 -0.3526
25.0000 4.0000 0.0000 0.0000 0.0000 0.0000 -0.0000 -0.0000
26.0000 4.0000 0.0000 0.0000 0.0000 -0.0000 -0.0000 0.0000
27.0000 4.0000 -0.0000 0.0000 0.0000 0.0000 0.0000 0.0000
28.0000 4.0000 0.0000 0.0000 0.0000 0.0000 0.0000 0.0000
29.0000 4.0000 -0.0000 0.0000 0.0000 0.0000 0.0000 0.0000
30.0000 4.0000 0.0000 0.0000 0.0000 0.0000 0.0000 0.0000
31.0000 4.0000 0.0000 0.0000 0.0000 0.0000 0.0000 0.0000
0.0000 5.0000 0.0000 -0.0000 -0.0234 0.0255 0.7025 -0.7046
1.0000 5.0000 0.0000 0.0000 -0.4328 0.3844 0.0788 -0.0304
2.0000 5.0000 -0.0000 0.0000 0.0000 0.0000 0.0000 0.0000
3.0000 5.0000 0.0000 0.0000 0.0000 0.0000 0.0000 0.0000
4.0000 5.0000 -0.0000 0.0000 0.0000 -0.0000 0.0000 0.0000
5.0000 5.0000 0.7250 0.0000 0.0000 -0.0000 0.0000 -0.0000
6.0000 5.0000 -0.0000 0.0000 0.0000 0.0000 0.0000 0.0000
7.0000 5.0000 -0.0000 -0.0000 0.3284 -0.2428 -0.0086 -0.0770
8.0000 5.0000 0.0000 0.7071 0.0450 -0.0388 0.7065 0.7015
9.0000 5.0000 0.0000 -0.0000 0.3950 -0.4193 0.0243 -0.0000
10.0000 5.0000 -0.0000 -0.0000 0.0000 -0.0000 0.0000 -0.0000
11.0000 5.0000 0.0000 0.0000 0.0000 -0.0000 -0.0000 0.0000
12.0000 5.0000 -0.0000 0.0000 0.0000 0.0000 -0.0000 0.0000
13.0000 5.0000 -0.0000 0.0000 0.0000 0.0000 0.0000 0.0000
14.0000 5.0000 0.0000 0.0000 0.0000 0.0000 0.0000 0.0000
15.0000 5.0000 0.0000 0.0000 0.0000 0.0000 0.0000 0.0000
16.0000 5.0000 -0.0000 0.0000 0.0000 0.0000 0.0000 0.0000
17.0000 5.0000 0.0177 0.0000 0.0000 0.0000 0.0000 0.0000
18.0000 5.0000 -0.0000 0.0000 0.0000 0.0000 0.0000 0.0000
19.0000 5.0000 -0.0000 0.0000 0.0000 0.0000 0.0000 0.0000
20.0000 5.0000 0.0000 0.0000 0.0000 0.0000 0.0000 0.0000
21.0000 5.0000 0.0000 0.0000 0.0000 0.0000 0.0000 0.0000
22.0000 5.0000 0.0000 0.0000 0.0000 0.0000 0.0000 0.0000
23.0000 5.0000 0.0000 0.0000 0.0000 0.0000 0.0000 0.0000
24.0000 5.0000 -0.0000 0.0000 -0.2793 0.2965 0.0086 -0.0257
25.0000 5.0000 0.0000 -0.0000 -0.0000 0.0000 -0.0000 -0.0000
26.0000 5.0000 0.0000 0.0000 -0.0000 0.0000 0.0000 0.0000
27.0000 5.0000 0.0000 0.0000 0.0000 0.0000 0.0000 0.0000
28.0000 5.0000 -0.0000 0.0000 0.0000 0.0000 0.0000 0.0000
29.0000 5.0000 0.0000 0.0000 0.0000 0.0000 0.0000 0.0000
30.0000 5.0000 -0.0000 0.0000 0.0000 0.0000 0.0000 0.0000
31.0000 5.0000 0.0000 0.0000 0.0000 0.0000 0.0000 0.0000
0.0000 6.0000 0.0000 -0.0000 0.4282 -0.3876 -0.0102 -0.0305
1.0000 6.0000 0.0000 0.0000 -0.4534 -0.4886 0.2355 0.7065
2.0000 6.0000 -0.0000 0.0000 0.0000 0.0000 0.0000 0.0000
3.0000 6.0000 0.0000 0.0000 0.0000 0.0000 0.0000 0.0000
4.0000 6.0000 0.0000 0.0000 0.0000 0.0000 0.0000 0.0000
5.0000 6.0000 -0.0000 0.0000 0.0000 -0.0000 -0.0000 0.0000
6.0000 6.0000 0.7250 0.0000 0.0000 0.0000 0.0000 0.0000
7.0000 6.0000 0.0000 0.0000 -0.1959 -0.1365 0.3324 -0.0000
8.0000 6.0000 0.0000 -0.0000 0.3950 -0.4193 0.0243 -0.0000
9.0000 6.0000 0.0000 0.7071 0.4714 0.4714 -0.2357 0.7071
10.0000 6.0000 0.0000 0.0000 0.0000 0.0000 0.0000 0.0000
11.0000 6.0000 0.0000 0.0000 0.0000 0.0000 0.0000 0.0000
12.0000 6.0000 0.0000 0.0000 0.0000 0.0000 0.0000 0.0000
13.0000 6.0000 0.0000 0.0000 0.0000 0.0000 0.0000 0.0000
14.0000 6.0000 0.0000 0.0000 0.0000 0.0000 0.0000 0.0000
15.0000 6.0000 0.0000 0.0000 0.0000 0.0000 0.0000 0.0000
16.0000 6.0000 0.0000 0.0000 0.0000 0.0000 0.0000 0.0000
17.0000 6.0000 -0.0000 0.0000 0.0000 0.0000 0.0000 0.0000
18.0000 6.0000 0.0177 0.0000 0.0000 0.0000 0.0000 0.0000
19.0000 6.0000 0.0000 0.0000 0.0000 0.0000 0.0000 0.0000
20.0000 6.0000 0.0000 0.0000 0.0000 0.0000 0.0000 0.0000
21.0000 6.0000 0.0000 0.0000 0.0000 0.0000 0.0000 0.0000
22.0000 6.0000 0.0000 0.0000 0.0000 0.0000 0.0000 0.0000
23.0000 6.0000 -0.0000 0.0000 0.0000 0.0000 0.0000 0.0000
24.0000 6.0000 0.0000 -0.0000 0.1667 0.1667 -0.3333 -0.0000
25.0000 6.0000 0.0000 0.0000 0.0000 0.0000 0.0000 0.0000
26.0000 6.0000 0.0000 0.0000 0.0000 0.0000 0.0000 0.0000
27.0000 6.0000 -0.0000 0.0000 0.0000 0.0000 0.0000 0.0000
28.0000 6.0000 0.0000 0.0000 0.0000 0.0000 0.0000 0.0000
29.0000 6.0000 -0.0000 0.0000 0.0000 0.0000 0.0000 0.0000
30.0000 6.0000 0.0000 0.0000 0.0000 0.0000 0.0000 0.0000
31.0000 6.0000 0.0000 0.0000 0.0000 0.0000 0.0000 0.0000
0.0000 7.0000 0.0000 -0.0000 -0.0000 -0.0000 -0.0000 0.0000
1.0000 7.0000 0.0000 -0.0000 0.0000 -0.0000 -0.0000 -0.0000
2.0000 7.0000 -0.0000 0.0000 0.0000 0.0000 0.0000 0.0000
3.0000 7.0000 -0.0000 0.0000 0.0000 0.0000 0.0000 0.0000
4.0000 7.0000 0.0000 -0.0000 -0.0000 -0.0000 -0.0000 0.0000
5.0000 7.0000 -0.0000 -0.0000 -0.0000 -0.0000 -0.0000 0.0000
6.0000 7.0000 0.0000 0.0000 0.0000 0.0000 0.0000 0.0000
7.0000 7.0000 0.4000 0.0000 0.0000 0.0000 0.0000 -0.0000
8.0000 7.0000 -0.0000 -0.0000 -0.0000 -0.0000 -0.0000 0.0000
9.0000 7.0000 0.0000 -0.0000 -0.0000 -0.0000 -0.0000 0.0000
10.0000 7.0000 0.0000 0.7071 0.5442 0.6280 0.5899 -0.3479
11.0000 7.0000 0.0000 0.0000 0.3284 -0.2428 -0.0086 -0.0770
12.0000 7.0000 0.0000 -0.0000 -0.1959 -0.1365 0.3324 -0.0000
13.0000 7.0000 0.4066 0.0000 0.0000 0.0000 0.0000 0.0000
14.0000 7.0000 -0.0000 0.0000 0.0000 0.0000 0.0000 0.0000
15.0000 7.0000 0.0000 0.0000 0.0000 0.0000 0.0000 0.0000
16.0000 7.0000 0.0000 0.0000 0.0000 0.0000 0.0000 0.0000
17.0000 7.0000 0.0000 0.0000 0.0000 0.0000 0.0000 0.0000
18.0000 7.0000 0.0000 0.0000 0.0000 0.0000 0.0000 0.0000
19.0000 7.0000 0.0177 0.0000 0.0000 0.0000 0.0000 0.0000
20.0000 7.0000 0.0000 0.0000 0.0000 0.0000 0.0000 0.0000
21.0000 7.0000 0.0000 0.0000 0.0000 0.0000 0.0000 0.0000
22.0000 7.0000 0.0000 0.0000 0.0000 0.0000 0.0000 0.0000
23.0000 7.0000 0.0000 0.0000 0.0000 0.0000 0.0000 0.0000
24.0000 7.0000 -0.0000 0.0000 0.0000 0.0000 0.0000 0.0000
25.0000 7.0000 0.0000 -0.0000 0.2400 0.1672 0.2036 -0.6107
26.0000 7.0000 -0.0000 0.0000 0.0000 0.0000 -0.0000 -0.0000
27.0000 7.0000 0.0000 0.0000 0.0000 0.0000 0.0000 0.0000
28.0000 7.0000 -0.0000 0.0000 0.0000 0.0000 0.0000 0.0000
29.0000 7.0000 0.0000 0.0000 0.0000 0.0000 0.0000 0.0000
30.0000 7.0000 -0.0000 0.0000 0.0000 0.0000 0.0000 0.0000
31.0000 7.0000 0.0000 0.0000 0.0000 0.0000 0.0000 0.0000
0.0000 8.0000 -0.0000 0.0000 -0.0000 0.0000 0.0000 0.0000
1.0000 8.0000 0.0000 0.0000 -0.0000 0.0000 0.0000 0.0000
2.0000 8.0000 0.0000 0.0000 0.0000 0.0000 0.0000 0.0000
3.0000 8.0000 0.0000 0.0000 0.0000 0.0000 0.0000 0.0000
4.0000 8.0000 0.0000 -0.0000 -0.0000 0.0000 -0.0000 -0.0000
5.0000 8.0000 0.0000 0.0000 -0.0000 0.0000 0.0000 0.0000
6.0000 8.0000 0.0000 0.0000 0.0000 0.0000 0.0000 0.0000
7.0000 8.0000 -0.0000 0.0000 0.0000 -0.0000 0.0000 0.0000
8.0000 8.0000 0.4000 0.0000 0.0000 -0.0000 0.0000 0.0000
9.0000 8.0000 -0.0000 0.0000 0.0000 -0.0000 0.0000 0.0000
10.0000 8.0000 -0.0000 -0.0000 0.3284 -0.2428 -0.0086 -0.0770
11.0000 8.0000 0.0000 0.7071 0.0450 -0.0388 0.7065 0.7015
12.0000 8.0000 0.0000 -0.0000 0.3950 -0.4193 0.0243 -0.0000
13.0000 8.0000 0.0000 0.0000 0.0000 0.0000 0.0000 0.0000
14.0000 8.0000 0.4066 0.0000 0.0000 0.0000 0.0000 0.0000
15.0000 8.0000 -0.0000 0.0000 0.0000 0.0000 0.0000 0.0000
16.0000 8.0000 -0.0000 0.0000 0.0000 0.0000 0.0000 0.0000
17.0000 8.0000 0.0000 0.0000 0.0000 0.0000 0.0000 0.0000
18.0000 8.0000 0.0000 0.0000 0.0000 0.0000 0.0000 0.0000
19.0000 8.0000 -0.0000 0.0000 0.0000 0.0000 0.0000 0.0000
20.0000 8.0000 0.0177 0.0000 0.0000 0.0000 0.0000 0.0000
21.0000 8.0000 -0.0000 0.0000 0.0000 0.0000 0.0000 0.0000
22.0000 8.0000 0.0000 0.0000 0.0000 0.0000 0.0000 0.0000
23.0000 8.0000 0.0000 0.0000 0.0000 0.0000 0.0000 0.0000
24.0000 8.0000 0.0000 0.0000 0.0000 0.0000 0.0000 0.0000
25.0000 8.0000 -0.0000 0.0000 -0.4838 0.5135 0.0149 -0.0446
26.0000 8.0000 -0.0000 -0.0000 -0.0000 0.0000 -0.0000 -0.0000
27.0000 8.0000 0.0000 0.0000 0.0000 0.0000 0.0000 0.0000
28.0000 8.0000 0.0000 0.0000 0.0000 0.0000 0.0000 0.0000
29.0000 8.0000 -0.0000 0.0000 0.0000 0.0000 0.0000 0.0000
30.0000 8.0000 0.0000 0.0000 0.0000 0.0000 0.0000 0.0000
31.0000 8.0000 -0.0000 0.0000 0.0000 0.0000 0.0000 0.0000
0.0000 9.0000 -0.0000 -0.0000 0.0000 -0.0000 0.0000 -0.0000
1.0000 9.0000 0.0000 -0.0000 0.0000 0.0000 -0.0000 -0.0000
2.0000 9.0000 -0.0000 0.0000 0.0000 0.0000 0.0000 0.0000
3.0000 9.0000 0.0000 0.0000 0.0000 0.0000 0.0000 0.0000
4.0000 9.0000 0.0000 -0.0000 -0.0000 0.0000 -0.0000 -0.0000
5.0000 9.0000 0.0000 -0.0000 0.0000 -0.0000 -0.0000 -0.0000
6.0000 9.0000 0.0000 0.0000 0.0000 0.0000 0.0000 0.0000
7.0000 9.0000 0.0000 0.0000 0.0000 0.0000 0.0000 0.0000
8.0000 9.0000 -0.0000 0.0000 0.0000 0.0000 0.0000 0.0000
9.0000 9.0000 0.4000 0.0000 0.0000 0.0000 0.0000 0.0000
10.0000 9.0000 -0.0000 0.0000 -0.1959 -0.1365 0.3324 -0.0000
11.0000 9.0000 0.0000 -0.0000 0.3950 -0.4193 0.0243 -0.0000
12.0000 9.0000 0.0000 0.7071 0.4714 0.4714 -0.2357 0.7071
13.0000 9.0000 0.0000 0.0000 0.0000 0.0000 0.0000 0.0000
14.0000 9.0000 -0.0000 0.0000 0.0000 0.0000 0.0000 0.0000
15.0000 9.0000 0.4066 0.0000 0.0000 0.0000 0.0000 0.0000
16.0000 9.0000 0.0000 0.0000 0.0000 0.0000 0.0000 0.0000
17.0000 9.0000 0.0000 0.0000 0.0000 0.0000 0.0000 0.0000
18.0000 9.0000 0.0000 0.0000 0.0000 0.0000 0.0000 0.0000
19.0000 9.0000 0.0000 0.0000 0.0000 0.0000 0.0000 0.0000
20.0000 9.0000 -0.0000 0.0000 0.0000 0.0000 0.0000 0.0000
21.0000 9.0000 0.0177 0.0000 0.0000 0.0000 0.0000 0.0000
22.0000 9.0000 0.0000 0.0000 0.0000 0.0000 0.0000 0.0000
23.0000 9.0000 0.0000 0.0000 0.0000 0.0000 0.0000 0.0000
24.0000 9.0000 -0.0000 0.0000 0.0000 0.0000 0.0000 0.0000
25.0000 9.0000 -0.0000 -0.0000 0.2887 0.2887 -0.5774 -0.0000
26.0000 9.0000 -0.0000 -0.0000 -0.0000 -0.0000 -0.0000 0.0000
27.0000 9.0000 0.0000 0.0000 0.0000 0.0000 0.0000 0.0000
28.0000 9.0000 -0.0000 0.0000 0.0000 0.0000 0.0000 0.0000
29.0000 9.0000 -0.0000 0.0000 0.0000 0.0000 0.0000 0.0000
30.0000 9.0000 -0.0000 0.0000 0.0000 0.0000 0.0000 0.0000
31.0000 9.0000 -0.0000 0.0000 0.0000 0.0000 0.0000 0.0000
0.0000 10.0000 -0.0000 0.0000 0.0000 0.0000 0.0000 0.0000
1.0000 10.0000 -0.0000 0.0000 0.0000 0.0000 0.0000 0.0000
2.0000 10.0000 0.0000 0.0000 0.0000 0.0000 0.0000 0.0000
3.0000 10.0000 0.0000 0.0000 0.0000 0.0000 0.0000 0.0000
4.0000 10.0000 -0.0000 0.0000 0.0000 0.0000 0.0000 0.0000
5.0000 10.0000 -0.0000 0.0000 0.0000 0.0000 0.0000 0.0000
6.0000 10.0000 0.0000 0.0000 0.0000 0.0000 0.0000 0.0000
7.0000 10.0000 0.0000 -0.0000 0.0000 0.0000 0.0000 -0.0000
8.0000 10.0000 -0.0000 -0.0000 0.0000 0.0000 0.0000 -0.0000
9.0000 10.0000 -0.0000 -0.0000 0.0000 0.0000 0.0000 -0.0000
10.0000 10.0000 0.0750 -0.0000 0.0000 0.0000 0.0000 -0.0000
11.0000 10.0000 -0.0000 0.0000 -0.0000 -0.0000 -0.0000 0.0000
12.0000 10.0000 -0.0000 0.0000 -0.0000 -0.0000 -0.0000 0.0000
13.0000 10.0000 0.0000 0.0000 0.0000 0.0000 0.0000 0.0000
14.0000 10.0000 -0.0000 0.0000 0.0000 0.0000 0.0000 0.0000
15.0000 10.0000 0.0000 0.0000 0.0000 0.0000 0.0000 0.0000
16.0000 10.0000 0.4066 0.0000 0.0000 0.0000 0.0000 0.0000
17.0000 10.0000 -0.0000 0.0000 0.0000 0.0000 0.0000 0.0000
18.0000 10.0000 0.0000 0.0000 0.0000 0.0000 0.0000 0.0000
19.0000 10.0000 -0.0000 0.0000 0.0000 0.0000 0.0000 0.0000
20.0000 10.0000 0.0000 0.0000 0.0000 0.0000 0.0000 0.0000
21.0000 10.0000 -0.0000 0.0000 0.0000 0.0000 0.0000 0.0000
22.0000 10.0000 0.0000 0.0000 0.0000 0.0000 0.0000 0.0000
23.0000 10.0000 0.0000 0.0000 0.0000 0.0000 0.0000 0.0000
24.0000 10.0000 0.0000 0.0000 0.0000 0.0000 0.0000 0.0000
25.0000 10.0000 -0.0000 0.0000 0.0000 0.0000 0.0000 0.0000
26.0000 10.0000 -0.0000 -0.0000 0.3394 0.2365 0.2879 -0.8637
27.0000 10.0000 0.0000 0.0000 0.0000 0.0000 0.0000 0.0000
28.0000 10.0000 0.0000 0.0000 0.0000 0.0000 0.0000 0.0000
29.0000 10.0000 -0.0000 0.0000 0.0000 0.0000 0.0000 0.0000
30.0000 10.0000 0.0000 0.0000 0.0000 0.0000 0.0000 0.0000
31.0000 10.0000 -0.0000 0.0000 0.0000 0.0000 0.0000 0.0000
0.0000 11.0000 0.0000 0.0000 0.0000 0.0000 0.0000 0.0000
1.0000 11.0000 0.0000 0.0000 0.0000 0.0000 0.0000 0.0000
2.0000 11.0000 -0.0000 0.0000 0.0000 0.0000 0.0000 0.0000
3.0000 11.0000 0.0000 0.0000 0.0000 0.0000 0.0000 0.0000
4.0000 11.0000 -0.0000 0.0000 0.0000 0.0000 0.0000 0.0000
5.0000 11.0000 0.0000 0.0000 0.0000 0.0000 0.0000 0.0000
6.0000 11.0000 0.0000 0.0000 0.0000 0.0000 0.0000 0.0000
7.0000 11.0000 0.0000 0.0000 -0.0000 0.0000 0.0000 -0.0000
8.0000 11.0000 0.0000 0.0000 -0.0000 0.0000 0.0000 -0.0000
9.0000 11.0000 0.0000 0.0000 -0.0000 0.0000 0.0000 -0.0000
10.0000 11.0000 0.0000 0.0000 -0.0000 0.0000 0.0000 -0.0000
11.0000 11.0000 0.0750 -0.0000 0.0000 -0.0000 -0.0000 0.0000
12.0000 11.0000 -0.0000 -0.0000 0.0000 -0.0000 -0.0000 0.0000
13.0000 11.0000 0.0000 0.0000 0.0000 0.0000 0.0000 0.0000
14.0000 11.0000 0.0000 0.0000 0.0000 0.0000 0.0000 0.0000
15.0000 11.0000 0.0000 0.0000 0.0000 0.0000 0.0000 0.0000
16.0000 11.0000 0.0000 0.0000 0.0000 0.0000 0.0000 0.0000
17.0000 11.0000 0.4066 0.0000 0.0000 0.0000 0.0000 0.0000
18.0000 11.0000 -0.0000 0.0000 0.0000 0.0000 0.0000 0.0000
19.0000 11.0000 0.0000 0.0000 0.0000 0.0000 0.0000 0.0000
20.0000 11.0000 -0.0000 0.0000 0.0000 0.0000 0.0000 0.0000
21.0000 11.0000 0.0000 0.0000 0.0000 0.0000 0.0000 0.0000
22.0000 11.0000 0.0000 0.0000 0.0000 0.0000 0.0000 0.0000
23.0000 11.0000 0.0000 0.0000 0.0000 0.0000 0.0000 0.0000
24.0000 11.0000 0.0000 0.0000 0.0000 0.0000 0.0000 0.0000
25.0000 11.0000 0.0000 0.0000 0.0000 0.0000 0.0000 0.0000
26.0000 11.0000 0.0000 0.0000 -0.6842 0.7262 0.0210 -0.0630
27.0000 11.0000 0.0000 0.0000 0.0000 0.0000 0.0000 0.0000
28.0000 11.0000 0.0000 0.0000 0.0000 0.0000 0.0000 0.0000
29.0000 11.0000 0.0000 0.0000 0.0000 0.0000 0.0000 0.0000
30.0000 11.0000 -0.0000 0.0000 0.0000 0.0000 0.0000 0.0000
31.0000 11.0000 0.0000 0.0000 0.0000 0.0000 0.0000 0.0000
0.0000 12.0000 -0.0000 0.0000 0.0000 0.0000 0.0000 0.0000
1.0000 12.0000 -0.0000 0.0000 0.0000 0.0000 0.0000 0.0000
2.0000 12.0000 -0.0000 0.0000 0.0000 0.0000 0.0000 0.0000
3.0000 12.0000 0.0000 0.0000 0.0000 0.0000 0.0000 0.0000
4.0000 12.0000 -0.0000 0.0000 0.0000 0.0000 0.0000 0.0000
5.0000 12.0000 -0.0000 0.0000 0.0000 0.0000 0.0000 0.0000
6.0000 12.0000 0.0000 0.0000 0.0000 0.0000 0.0000 0.0000
7.0000 12.0000 0.0000 -0.0000 0.0000 0.0000 -0.0000 -0.0000
8.0000 12.0000 0.0000 -0.0000 0.0000 0.0000 -0.0000 -0.0000
9.0000 12.0000 0.0000 -0.0000 0.0000 0.0000 -0.0000 -0.0000
10.0000 12.0000 0.0000 -0.0000 0.0000 0.0000 -0.0000 -0.0000
11.0000 12.0000 -0.0000 0.0000 -0.0000 -0.0000 0.0000 0.0000
12.0000 12.0000 0.0750 0.0000 -0.0000 -0.0000 0.0000 0.0000
13.0000 12.0000 0.0000 0.0000 0.0000 0.0000 0.0000 0.0000
14.0000 12.0000 0.0000 0.0000 0.0000 0.0000 0.0000 0.0000
15.0000 12.0000 0.0000 0.0000 0.0000 0.0000 0.0000 0.0000
16.0000 12.0000 -0.0000 0.0000 0.0000 0.0000 0.0000 0.0000
17.0000 12.0000 0.0000 0.0000 0.0000 0.0000 0.0000 0.0000
18.0000 12.0000 0.4066 0.0000 0.0000 0.0000 0.0000 0.0000
19.0000 12.0000 -0.0000 0.0000 0.0000 0.0000 0.0000 0.0000
20.0000 12.0000 0.0000 0.0000 0.0000 0.0000 0.0000 0.0000
21.0000 12.0000 0.0000 0.0000 0.0000 0.0000 0.0000 0.0000
22.0000 12.0000 0.0000 0.0000 0.0000 0.0000 0.0000 0.0000
23.0000 12.0000 0.0000 0.0000 0.0000 0.0000 0.0000 0.0000
24.0000 12.0000 0.0000 0.0000 0.0000 0.0000 0.0000 0.0000
25.0000 12.0000 -0.0000 0.0000 0.0000 0.0000 0.0000 0.0000
26.0000 12.0000 0.0000 -0.0000 0.4082 0.4082 -0.8165 -0.0000
27.0000 12.0000 0.0000 0.0000 0.0000 0.0000 0.0000 0.0000
28.0000 12.0000 0.0000 0.0000 0.0000 0.0000 0.0000 0.0000
29.0000 12.0000 -0.0000 0.0000 0.0000 0.0000 0.0000 0.0000
30.0000 12.0000 -0.0000 0.0000 0.0000 0.0000 0.0000 0.0000
31.0000 12.0000 -0.0000 0.0000 0.0000 0.0000 0.0000 0.0000
0.0000 13.0000 0.0000 0.0000 0.0000 0.0000 0.0000 0.0000
1.0000 13.0000 0.0000 0.0000 0.0000 0.0000 0.0000 0.0000
2.0000 13.0000 0.0000 0.0000 -0.5622 0.5909 -0.0800 0.0514
3.0000 13.0000 0.0000 0.0000 -0.3273 -0.3370 0.6621 0.0022
4.0000 13.0000 0.0000 0.0000 0.0000 0.0000 0.0000 0.0000
5.0000 13.0000 -0.0000 0.0000 0.0000 0.0000 0.0000 0.0000
6.0000 13.0000 0.0000 0.0000 0.0000 0.0000 0.0000 0.0000
7.0000 13.0000 0.4066 0.0000 0.0000 0.0000 0.0000 0.0000
8.0000 13.0000 -0.0000 0.0000 0.0000 0.0000 0.0000 0.0000
9.0000 13.0000 0.0000 0.0000 0.0000 0.0000 0.0000 0.0000
10.0000 13.0000 0.0000 0.0000 0.0000 0.0000 0.0000 0.0000
11.0000 13.0000 0.0000 0.0000 0.0000 0.0000 0.0000 0.0000
12.0000 13.0000 0.0000 0.0000 0.0000 0.0000 0.0000 0.0000
13.0000 13.0000 -0.7250 0.0000 0.0000 0.0000 0.0000 -0.0000
14.0000 13.0000 0.0000 -0.0000 -0.0000 -0.0000 0.0000 0.0000
15.0000 13.0000 -0.0000 0.0000 0.0000 0.0000 0.0000 0.0000
16.0000 13.0000 -0.0000 0.7071 0.5442 0.6280 0.5899 -0.3479
17.0000 13.0000 -0.0000 -0.0000 0.3284 -0.2428 -0.0086 -0.0770
18.0000 13.0000 -0.0000 0.0000 -0.1959 -0.1365 0.3324 0.0000
19.0000 13.0000 0.0000 0.0000 0.0000 0.0000 0.0000 -0.0000
20.0000 13.0000 0.0000 0.0000 0.0000 -0.0000 0.0000 0.0000
21.0000 13.0000 0.0000 0.0000 0.0000 0.0000 0.0000 0.0000
22.0000 13.0000 -0.0000 0.0000 0.0000 0.0000 0.0000 0.0000
23.0000 13.0000 0.0000 0.0000 0.0000 0.0000 0.0000 0.0000
24.0000 13.0000 -0.0000 0.0000 0.0000 0.0000 0.0000 0.0000
25.0000 13.0000 0.0000 0.0000 0.0000 0.0000 0.0000 0.0000
26.0000 13.0000 0.0000 0.0000 0.0000 0.0000 0.0000 0.0000
27.0000 13.0000 0.0000 0.0000 0.0000 0.0000 0.0000 0.0000
28.0000 13.0000 0.0000 0.0000 0.0000 0.0000 0.0000 0.0000
29.0000 13.0000 -0.0000 -0.0000 0.1385 0.0965 0.1175 -0.3526
30.0000 13.0000 -0.0000 0.0000 0.0000 0.0000 -0.0000 -0.0000
31.0000 13.0000 0.0000 0.0000 0.0000 -0.0000 -0.0000 0.0000
0.0000 14.0000 -0.0000 0.0000 0.0000 0.0000 0.0000 0.0000
1.0000 14.0000 0.0000 0.0000 0.0000 0.0000 0.0000 0.0000
2.0000 14.0000 -0.0000 -0.0000 -0.0234 0.0255 0.7025 -0.7046
3.0000 14.0000 -0.0000 0.0000 -0.4328 0.3844 0.0788 -0.0304
4.0000 14.0000 0.0000 0.0000 0.0000 0.0000 0.0000 0.0000
5.0000 14.0000 0.0000 0.0000 0.0000 0.0000 0.0000 0.0000
6.0000 14.0000 0.0000 0.0000 0.0000 0.0000 0.0000 0.0000
7.0000 14.0000 -0.0000 0.0000 0.0000 0.0000 0.0000 0.0000
8.0000 14.0000 0.4066 0.0000 0.0000 0.0000 0.0000 0.0000
9.0000 14.0000 -0.0000 0.0000 0.0000 0.0000 0.0000 0.0000
10.0000 14.0000 -0.0000 0.0000 0.0000 0.0000 0.0000 0.0000
11.0000 14.0000 0.0000 0.0000 0.0000 0.0000 0.0000 0.0000
12.0000 14.0000 0.0000 0.0000 0.0000 0.0000 0.0000 0.0000
13.0000 14.0000 0.0000 0.0000 0.0000 -0.0000 0.0000 0.0000
14.0000 14.0000 -0.7250 0.0000 0.0000 -0.0000 0.0000 -0.0000
15.0000 14.0000 0.0000 0.0000 0.0000 0.0000 0.0000 0.0000
16.0000 14.0000 0.0000 -0.0000 0.3284 -0.2428 -0.0086 -0.0770
17.0000 14.0000 -0.0000 0.7071 0.0450 -0.0388 0.7065 0.7015
18.0000 14.0000 -0.0000 -0.0000 0.3950 -0.4193 0.0243 -0.0000
19.0000 14.0000 0.0000 -0.0000 0.0000 -0.0000 0.0000 -0.0000
20.0000 14.0000 -0.0000 0.0000 0.0000 -0.0000 -0.0000 0.0000
21.0000 14.0000 0.0000 0.0000 0.0000 0.0000 -0.0000 0.0000
22.0000 14.0000 0.0000 0.0000 0.0000 0.0000 0.0000 0.0000
23.0000 14.0000 -0.0000 0.0000 0.0000 0.0000 0.0000 0.0000
24.0000 14.0000 0.0000 0.0000 0.0000 0.0000 0.0000 0.0000
25.0000 14.0000 -0.0000 0.0000 0.0000 0.0000 0.0000 0.0000
26.0000 14.0000 0.0000 0.0000 0.0000 0.0000 0.0000 0.0000
27.0000 14.0000 0.0000 0.0000 0.0000 0.0000 0.0000 0.0000
28.0000 14.0000 -0.0000 0.0000 0.0000 0.0000 0.0000 0.0000
29.0000 14.0000 0.0000 0.0000 -0.2793 0.2965 0.0086 -0.0257
30.0000 14.0000 -0.0000 -0.0000 -0.0000 0.0000 -0.0000 -0.0000
31.0000 14.0000 0.0000 0.0000 -0.0000 0.0000 0.0000 0.0000
0.0000 15.0000 -0.0000 0.0000 0.0000 0.0000 0.0000 0.0000
1.0000 15.0000 0.0000 0.0000 0.0000 0.0000 0.0000 0.0000
2.0000 15.0000 -0.0000 -0.0000 0.4282 -0.3876 -0.0102 -0.0305
3.0000 15.0000 -0.0000 0.0000 -0.4534 -0.4886 0.2355 0.7065
4.0000 15.0000 0.0000 0.0000 0.0000 0.0000 0.0000 0.0000
5.0000 15.0000 0.0000 0.0000 0.0000 0.0000 0.0000 0.0000
6.0000 15.0000 0.0000 0.0000 0.0000 0.0000 0.0000 0.0000
7.0000 15.0000 0.0000 0.0000 0.0000 0.0000 0.0000 0.0000
8.0000 15.0000 -0.0000 0.0000 0.0000 0.0000 0.0000 0.0000
9.0000 15.0000 0.4066 0.0000 0.0000 0.0000 0.0000 0.0000
10.0000 15.0000 0.0000 0.0000 0.0000 0.0000 0.0000 0.0000
11.0000 15.0000 0.0000 0.0000 0.0000 0.0000 0.0000 0.0000
12.0000 15.0000 0.0000 0.0000 0.0000 0.0000 0.0000 0.0000
13.0000 15.0000 -0.0000 0.0000 0.0000 0.0000 0.0000 0.0000
14.0000 15.0000 0.0000 0.0000 0.0000 -0.0000 -0.0000 0.0000
15.0000 15.0000 -0.7250 0.0000 0.0000 0.0000 0.0000 0.0000
16.0000 15.0000 0.0000 0.0000 -0.1959 -0.1365 0.3324 -0.0000
17.0000 15.0000 0.0000 -0.0000 0.3950 -0.4193 0.0243 -0.0000
18.0000 15.0000 0.0000 0.7071 0.4714 0.4714 -0.2357 0.7071
19.0000 15.0000 0.0000 0.0000 0.0000 0.0000 0.0000 0.0000
20.0000 15.0000 0.0000 0.0000 0.0000 0.0000 0.0000 0.0000
21.0000 15.0000 0.0000 0.0000 0.0000 0.0000 0.0000 0.0000
22.0000 15.0000 -0.0000 0.0000 0.0000 0.0000 0.0000 0.0000
23.0000 15.0000 0.0000 0.0000 0.0000 0.0000 0.0000 0.0000
24.0000 15.0000 -0.0000 0.0000 0.0000 0.0000 0.0000 0.0000
25.0000 15.0000 0.0000 0.0000 0.0000 0.0000 0.0000 0.0000
26.0000 15.0000 0.0000 0.0000 0.0000 0.0000 0.0000 0.0000
27.0000 15.0000 0.0000 0.0000 0.0000 0.0000 0.0000 0.0000
28.0000 15.0000 0.0000 0.0000 0.0000 0.0000 0.0000 0.0000
29.0000 15.0000 0.0000 -0.0000 0.1667 0.1667 -0.3333 -0.0000
30.0000 15.0000 0.0000 0.0000 0.0000 0.0000 0.0000 0.0000
31.0000 15.0000 0.0000 0.0000 0.0000 0.0000 0.0000 0.0000
0.0000 16.0000 -0.0000 0.0000 0.0000 0.0000 0.0000 0.0000
1.0000 16.0000 -0.0000 0.0000 0.0000 0.0000 0.0000 0.0000
2.0000 16.0000 -0.0000 -0.0000 -0.0000 -0.0000 -0.0000 0.0000
3.0000 16.0000 -0.0000 -0.0000 0.0000 -0.0000 -0.0000 -0.0000
4.0000 16.0000 0.0177 0.0000 0.0000 0.0000 0.0000 0.0000
5.0000 16.0000 -0.0000 0.0000 0.0000 0.0000 0.0000 0.0000
6.0000 16.0000 0.0000 0.0000 0.0000 0.0000 0.0000 0.0000
7.0000 16.0000 0.0000 0.0000 0.0000 0.0000 0.0000 0.0000
8.0000 16.0000 -0.0000 0.0000 0.0000 0.0000 0.0000 0.0000
9.0000 16.0000 0.0000 0.0000 0.0000 0.0000 0.0000 0.0000
10.0000 16.0000 0.4066 0.0000 0.0000 0.0000 0.0000 0.0000
11.0000 16.0000 0.0000 0.0000 0.0000 0.0000 0.0000 0.0000
12.0000 16.0000 -0.0000 0.0000 0.0000 0.0000 0.0000 0.0000
13.0000 16.0000 -0.0000 -0.0000 -0.0000 -0.0000 -0.0000 0.0000
14.0000 16.0000 0.0000 -0.0000 -0.0000 -0.0000 -0.0000 0.0000
15.0000 16.0000 0.0000 0.0000 0.0000 0.0000 0.0000 0.0000
16.0000 16.0000 -0.4000 0.0000 0.0000 0.0000 0.0000 -0.0000
17.0000 16.0000 0.0000 -0.0000 -0.0000 -0.0000 -0.0000 0.0000
18.0000 16.0000 -0.0000 -0.0000 -0.0000 -0.0000 -0.0000 0.0000
19.0000 16.0000 -0.0000 0.7071 0.5442 0.6280 0.5899 -0.3479
20.0000 16.0000 -0.0000 0.0000 0.3284 -0.2428 -0.0086 -0.0770
21.0000 16.0000 -0.0000 -0.0000 -0.1959 -0.1365 0.3324 -0.0000
22.0000 16.0000 0.0000 0.0000 0.0000 0.0000 0.0000 0.0000
23.0000 16.0000 -0.0000 0.0000 0.0000 0.0000 0.0000 0.0000
24.0000 16.0000 0.0000 0.0000 0.0000 0.0000 0.0000 0.0000
25.0000 16.0000 -0.0000 0.0000 0.0000 0.0000 0.0000 0.0000
26.0000 16.0000 0.0000 0.0000 0.0000 0.0000 0.0000 0.0000
27.0000 16.0000 0.0000 0.0000 0.0000 0.0000 0.0000 0.0000
28.0000 16.0000 0.0000 0.0000 0.0000 0.0000 0.0000 0.0000
29.0000 16.0000 0.0000 0.0000 0.0000 0.0000 0.0000 0.0000
30.0000 16.0000 -0.0000 -0.0000 0.2400 0.1672 0.2036 -0.6107
31.0000 16.0000 0.0000 0.0000 0.0000 0.0000 -0.0000 -0.0000
0.0000 17.0000 0.0000 0.0000 0.0000 0.0000 0.0000 0.0000
1.0000 17.0000 0.0000 0.0000 0.0000 0.0000 0.0000 0.0000
2.0000 17.0000 0.0000 0.0000 -0.0000 0.0000 0.0000 0.0000
3.0000 17.0000 -0.0000 0.0000 -0.0000 0.0000 0.0000 0.0000
4.0000 17.0000 -0.0000 0.0000 0.0000 0.0000 0.0000 0.0000
5.0000 17.0000 0.0177 0.0000 0.0000 0.0000 0.0000 0.0000
6.0000 17.0000 -0.0000 0.0000 0.0000 0.0000 0.0000 0.0000
7.0000 17.0000 0.0000 0.0000 0.0000 0.0000 0.0000 0.0000
8.0000 17.0000 0.0000 0.0000 0.0000 0.0000 0.0000 0.0000
9.0000 17.0000 0.0000 0.0000 0.0000 0.0000 0.0000 0.0000
10.0000 17.0000 -0.0000 0.0000 0.0000 0.0000 0.0000 0.0000
11.0000 17.0000 0.4066 0.0000 0.0000 0.0000 0.0000 0.0000
12.0000 17.0000 -0.0000 0.0000 0.0000 0.0000 0.0000 0.0000
13.0000 17.0000 -0.0000 -0.0000 -0.0000 0.0000 -0.0000 -0.0000
14.0000 17.0000 -0.0000 0.0000 -0.0000 0.0000 0.0000 0.0000
15.0000 17.0000 0.0000 0.0000 0.0000 0.0000 0.0000 0.0000
16.0000 17.0000 0.0000 0.0000 0.0000 -0.0000 0.0000 0.0000
17.0000 17.0000 -0.4000 0.0000 0.0000 -0.0000 0.0000 0.0000
18.0000 17.0000 0.0000 0.0000 0.0000 -0.0000 0.0000 0.0000
19.0000 17.0000 0.0000 -0.0000 0.3284 -0.2428 -0.0086 -0.0770
20.0000 17.0000 -0.0000 0.7071 0.0450 -0.0388 0.7065 0.7015
21.0000 17.0000 -0.0000 -0.0000 0.3950 -0.4193 0.0243 -0.0000
22.0000 17.0000 0.0000 0.0000 0.0000 0.0000 0.0000 0.0000
23.0000 17.0000 0.0000 0.0000 0.0000 0.0000 0.0000 0.0000
24.0000 17.0000 -0.0000 0.0000 0.0000 0.0000 0.0000 0.0000
25.0000 17.0000 0.0000 0.0000 0.0000 0.0000 0.0000 0.0000
26.0000 17.0000 -0.0000 0.0000 0.0000 0.0000 0.0000 0.0000
27.0000 17.0000 0.0000 0.0000 0.0000 0.0000 0.0000 0.0000
28.0000 17.0000 0.0000 0.0000 0.0000 0.0000 0.0000 0.0000
29.0000 17.0000 -0.0000 0.0000 0.0000 0.0000 0.0000 0.0000
30.0000 17.0000 0.0000 0.0000 -0.4838 0.5135 0.0149 -0.0446
31.0000 17.0000 0.0000 -0.0000 -0.0000 0.0000 -0.0000 -0.0000
0.0000 18.0000 -0.0000 0.0000 0.0000 0.0000 0.0000 0.0000
1.0000 18.0000 -0.0000 0.0000 0.0000 0.0000 0.0000 0.0000
2.0000 18.0000 0.0000 -0.0000 0.0000 -0.0000 0.0000 -0.0000
3.0000 18.0000 -0.0000 -0.0000 0.0000 0.0000 -0.0000 -0.0000
4.0000 18.0000 -0.0000 0.0000 0.0000 0.0000 0.0000 0.0000
5.0000 18.0000 -0.0000 0.0000 0.0000 0.0000 0.0000 0.0000
6.0000 18.0000 0.0177 0.0000 0.0000 0.0000 0.0000 0.0000
7.0000 18.0000 0.0000 0.0000 0.0000 0.0000 0.0000 0.0000
8.0000 18.0000 0.0000 0.0000 0.0000 0.0000 0.0000 0.0000
9.0000 18.0000 0.0000 0.0000 0.0000 0.0000 0.0000 0.0000
10.0000 18.0000 0.0000 0.0000 0.0000 0.0000 0.0000 0.0000
11.0000 18.0000 -0.0000 0.0000 0.0000 0.0000 0.0000 0.0000
12.0000 18.0000 0.4066 0.0000 0.0000 0.0000 0.0000 0.0000
13.0000 18.0000 -0.0000 -0.0000 -0.0000 0.0000 -0.0000 -0.0000
14.0000 18.0000 -0.0000 -0.0000 0.0000 -0.0000 -0.0000 -0.0000
15.0000 18.0000 0.0000 0.0000 0.0000 0.0000 0.0000 0.0000
16.0000 18.0000 -0.0000 0.0000 0.0000 0.0000 0.0000 0.0000
17.0000 18.0000 0.0000 0.0000 0.0000 0.0000 0.0000 0.0000
18.0000 18.0000 -0.4000 0.0000 0.0000 0.0000 0.0000 0.0000
19.0000 18.0000 0.0000 0.0000 -0.1959 -0.1365 0.3324 -0.0000
20.0000 18.0000 -0.0000 -0.0000 0.3950 -0.4193 0.0243 -0.0000
21.0000 18.0000 -0.0000 0.7071 0.4714 0.4714 -0.2357 0.7071
22.0000 18.0000 0.0000 0.0000 0.0000 0.0000 0.0000 0.0000
23.0000 18.0000 -0.0000 0.0000 0.0000 0.0000 0.0000 0.0000
24.0000 18.0000 -0.0000 0.0000 0.0000 0.0000 0.0000 0.0000
25.0000 18.0000 -0.0000 0.0000 0.0000 0.0000 0.0000 0.0000
26.0000 18.0000 -0.0000 0.0000 0.0000 0.0000 0.0000 0.0000
27.0000 18.0000 0.0000 0.0000 0.0000 0.0000 0.0000 0.0000
28.0000 18.0000 0.0000 0.0000 0.0000 0.0000 0.0000 0.0000
29.0000 18.0000 0.0000 0.0000 0.0000 0.0000 0.0000 0.0000
30.0000 18.0000 0.0000 -0.0000 0.2887 0.2887 -0.5774 -0.0000
31.0000 18.0000 0.0000 -0.0000 -0.0000 -0.0000 -0.0000 0.0000
0.0000 19.0000 0.0000 0.0000 0.0000 0.0000 0.0000 0.0000
1.0000 19.0000 0.0000 0.0000 0.0000 0.0000 0.0000 0.0000
2.0000 19.0000 0.0000 0.0000 0.0000 0.0000 0.0000 0.0000
3.0000 19.0000 0.0000 0.0000 0.0000 0.0000 0.0000 0.0000
4.0000 19.0000 0.0000 0.0000 0.0000 0.0000 0.0000 0.0000
5.0000 19.0000 -0.0000 0.0000 0.0000 0.0000 0.0000 0.0000
6.0000 19.0000 0.0000 0.0000 0.0000 0.0000 0.0000 0.0000
7.0000 19.0000 0.0177 0.0000 0.0000 0.0000 0.0000 0.0000
8.0000 19.0000 -0.0000 0.0000 0.0000 0.0000 0.0000 0.0000
9.0000 19.0000 0.0000 0.0000 0.0000 0.0000 0.0000 0.0000
10.0000 19.0000 -0.0000 0.0000 0.0000 0.0000 0.0000 0.0000
11.0000 19.0000 0.0000 0.0000 0.0000 0.0000 0.0000 0.0000
12.0000 19.0000 -0.0000 0.0000 0.0000 0.0000 0.0000 0.0000
13.0000 19.0000 0.0000 0.0000 0.0000 0.0000 0.0000 0.0000
14.0000 19.0000 0.0000 0.0000 0.0000 0.0000 0.0000 0.0000
15.0000 19.0000 0.0000 0.0000 0.0000 0.0000 0.0000 0.0000
16.0000 19.0000 -0.0000 -0.0000 0.0000 0.0000 0.0000 -0.0000
17.0000 19.0000 0.0000 -0.0000 0.0000 0.0000 0.0000 -0.0000
18.0000 19.0000 0.0000 -0.0000 0.0000 0.0000 0.0000 -0.0000
19.0000 19.0000 -0.0750 -0.0000 0.0000 0.0000 0.0000 -0.0000
20.0000 19.0000 0.0000 0.0000 -0.0000 -0.0000 -0.0000 0.0000
21.0000 19.0000 0.0000 0.0000 -0.0000 -0.0000 -0.0000 0.0000
22.0000 19.0000 0.0000 0.0000 0.0000 0.0000 0.0000 0.0000
23.0000 19.0000 0.0000 0.0000 0.0000 0.0000 0.0000 0.0000
24.0000 19.0000 -0.0000 0.0000 0.0000 0.0000 0.0000 0.0000
25.0000 19.0000 0.0000 0.0000 0.0000 0.0000 0.0000 0.0000
26.0000 19.0000 -0.0000 0.0000 0.0000 0.0000 0.0000 0.0000
27.0000 19.0000 0.0000 0.0000 0.0000 0.0000 0.0000 0.0000
28.0000 19.0000 0.0000 0.0000 0.0000 0.0000 0.0000 0.0000
29.0000 19.0000 0.0000 0.0000 0.0000 0.0000 0.0000 0.0000
30.0000 19.0000 0.0000 0.0000 0.0000 0.0000 0.0000 0.0000
31.0000 19.0000 0.0000 -0.0000 0.3394 0.2365 0.2879 -0.8637
0.0000 20.0000 -0.0000 0.0000 0.0000 0.0000 0.0000 0.0000
1.0000 20.0000 0.0000 0.0000 0.0000 0.0000 0.0000 0.0000
2.0000 20.0000 -0.0000 0.0000 0.0000 0.0000 0.0000 0.0000
3.0000 20.0000 -0.0000 0.0000 0.0000 0.0000 0.0000 0.0000
4.0000 20.0000 0.0000 0.0000 0.0000 0.0000 0.0000 0.0000
5.0000 20.0000 0.0000 0.0000 0.0000 0.0000 0.0000 0.0000
6.0000 20.0000 0.0000 0.0000 0.0000 0.0000 0.0000 0.0000
7.0000 20.0000 0.0000 0.0000 0.0000 0.0000 0.0000 0.0000
8.0000 20.0000 0.0177 0.0000 0.0000 0.0000 0.0000 0.0000
9.0000 20.0000 -0.0000 0.0000 0.0000 0.0000 0.0000 0.0000
10.0000 20.0000 0.0000 0.0000 0.0000 0.0000 0.0000 0.0000
11.0000 20.0000 -0.0000 0.0000 0.0000 0.0000 0.0000 0.0000
12.0000 20.0000 0.0000 0.0000 0.0000 0.0000 0.0000 0.0000
13.0000 20.0000 0.0000 0.0000 0.0000 0.0000 0.0000 0.0000
14.0000 20.0000 -0.0000 0.0000 0.0000 0.0000 0.0000 0.0000
15.0000 20.0000 0.0000 0.0000 0.0000 0.0000 0.0000 0.0000
16.0000 20.0000 -0.0000 0.0000 -0.0000 0.0000 0.0000 -0.0000
17.0000 20.0000 -0.0000 0.0000 -0.0000 0.0000 0.0000 -0.0000
18.0000 20.0000 -0.0000 0.0000 -0.0000 0.0000 0.0000 -0.0000
19.0000 20.0000 -0.0000 0.0000 -0.0000 0.0000 0.0000 -0.0000
20.0000 20.0000 -0.0750 -0.0000 0.0000 -0.0000 -0.0000 0.0000
21.0000 20.0000 0.0000 -0.0000 0.0000 -0.0000 -0.0000 0.0000
22.0000 20.0000 0.0000 0.0000 0.0000 0.0000 0.0000 0.0000
23.0000 20.0000 0.0000 0.0000 0.0000 0.0000 0.0000 0.0000
24.0000 20.0000 0.0000 0.0000 0.0000 0.0000 0.0000 0.0000
25.0000 20.0000 -0.0000 0.0000 0.0000 0.0000 0.0000 0.0000
26.0000 20.0000 0.0000 0.0000 0.0000 0.0000 0.0000 0.0000
27.0000 20.0000 0.0000 0.0000 0.0000 0.0000 0.0000 0.0000
28.0000 20.0000 0.0000 0.0000 0.0000 0.0000 0.0000 0.0000
29.0000 20.0000 0.0000 0.0000 0.0000 0.0000 0.0000 0.0000
30.0000 20.0000 -0.0000 0.0000 0.0000 0.0000 0.0000 0.0000
31.0000 20.0000 -0.0000 0.0000 -0.6842 0.7262 0.0210 -0.0630
0.0000 21.0000 -0.0000 0.0000 0.0000 0.0000 0.0000 0.0000
1.0000 21.0000 0.0000 0.0000 0.0000 0.0000 0.0000 0.0000
2.0000 21.0000 0.0000 0.0000 0.0000 0.0000 0.0000 0.0000
3.0000 21.0000 0.0000 0.0000 0.0000 0.0000 0.0000 0.0000
4.0000 21.0000 0.0000 0.0000 0.0000 0.0000 0.0000 0.0000
5.0000 21.0000 0.0000 0.0000 0.0000 0.0000 0.0000 0.0000
6.0000 21.0000 0.0000 0.0000 0.0000 0.0000 0.0000 0.0000
7.0000 21.0000 -0.0000 0.0000 0.0000 0.0000 0.0000 0.0000
8.0000 21.0000 -0.0000 0.0000 0.0000 0.0000 0.0000 0.0000
9.0000 21.0000 0.0177 0.0000 0.0000 0.0000 0.0000 0.0000
10.0000 21.0000 -0.0000 0.0000 0.0000 0.0000 0.0000 0.0000
11.0000 21.0000 0.0000 0.0000 0.0000 0.0000 0.0000 0.0000
12.0000 21.0000 0.0000 0.0000 0.0000 0.0000 0.0000 0.0000
13.0000 21.0000 0.0000 0.0000 0.0000 0.0000 0.0000 0.0000
14.0000 21.0000 0.0000 0.0000 0.0000 0.0000 0.0000 0.0000
15.0000 21.0000 0.0000 0.0000 0.0000 0.0000 0.0000 0.0000
16.0000 21.0000 -0.0000 -0.0000 0.0000 0.0000 -0.0000 -0.0000
17.0000 21.0000 -0.0000 -0.0000 0.0000 0.0000 -0.0000 -0.0000
18.0000 21.0000 -0.0000 -0.0000 0.0000 0.0000 -0.0000 -0.0000
19.0000 21.0000 -0.0000 -0.0000 0.0000 0.0000 -0.0000 -0.0000
20.0000 21.0000 0.0000 0.0000 -0.0000 -0.0000 0.0000 0.0000
21.0000 21.0000 -0.0750 0.0000 -0.0000 -0.0000 0.0000 0.0000
22.0000 21.0000 0.0000 0.0000 0.0000 0.0000 0.0000 0.0000
23.0000 21.0000 0.0000 0.0000 0.0000 0.0000 0.0000 0.0000
24.0000 21.0000 -0.0000 0.0000 0.0000 0.0000 0.0000 0.0000
25.0000 21.0000 -0.0000 0.0000 0.0000 0.0000 0.0000 0.0000
26.0000 21.0000 -0.0000 0.0000 0.0000 0.0000 0.0000 0.0000
27.0000 21.0000 0.0000 0.0000 0.0000 0.0000 0.0000 0.0000
28.0000 21.0000 0.0000 0.0000 0.0000 0.0000 0.0000 0.0000
29.0000 21.0000 0.0000 0.0000 0.0000 0.0000 0.0000 0.0000
30.0000 21.0000 0.0000 0.0000 0.0000 0.0000 0.0000 0.0000
31.0000 21.0000 -0.0000 -0.0000 0.4082 0.4082 -0.8165 -0.0000
0.0000 22.0000 0.0000 0.0000 0.0000 -0.0000 0.0000 0.0000
1.0000 22.0000 0.0000 0.0000 -0.0000 -0.0000 0.0000 0.0000
2.0000 22.0000 -0.0000 0.0000 0.0000 0.0000 0.0000 0.0000
3.0000 22.0000 0.0000 0.0000 0.0000 0.0000 0.0000 0.0000
4.0000 22.0000 0.0000 -0.0000 -0.3394 -0.2365 -0.2879 0.8637
5.0000 22.0000 0.0000 0.0000 0.6842 -0.7262 -0.0210 0.0630
6.0000 22.0000 0.0000 -0.0000 -0.4082 -0.4082 0.8165 0.0000
7.0000 22.0000 0.0000 0.0000 0.0000 0.0000 0.0000 0.0000
8.0000 22.0000 0.0000 0.0000 0.0000 0.0000 0.0000 0.0000
9.0000 22.0000 0.0000 0.0000 0.0000 0.0000 0.0000 0.0000
10.0000 22.0000 0.0000 0.0000 0.0000 0.0000 0.0000 0.0000
11.0000 22.0000 0.0000 0.0000 0.0000 0.0000 0.0000 0.0000
12.0000 22.0000 0.0000 0.0000 0.0000 0.0000 0.0000 0.0000
13.0000 22.0000 -0.0000 0.0000 0.0000 0.0000 0.0000 0.0000
14.0000 22.0000 0.0000 0.0000 0.0000 0.0000 0.0000 0.0000
15.0000 22.0000 -0.0000 0.0000 0.0000 0.0000 0.0000 0.0000
16.0000 22.0000 0.0000 0.0000 0.0000 0.0000 0.0000 0.0000
17.0000 22.0000 0.0000 0.0000 0.0000 0.0000 0.0000 0.0000
18.0000 22.0000 0.0000 0.0000 0.0000 0.0000 0.0000 0.0000
19.0000 22.0000 0.0000 0.0000 0.0000 0.0000 0.0000 0.0000
20.0000 22.0000 0.0000 0.0000 0.0000 0.0000 0.0000 0.0000
21.0000 22.0000 0.0000 0.0000 0.0000 0.0000 0.0000 0.0000
22.0000 22.0000 1.0500 0.0000 0.0000 0.0000 0.0000 0.0000
23.0000 22.0000 0.0000 1.0000 0.5000 0.5000 0.5000 0.5000
24.0000 22.0000 0.0000 0.0000 0.0000 0.0000 0.0000 0.0000
25.0000 22.0000 0.0000 0.0000 0.0000 0.0000 0.0000 0.0000
26.0000 22.0000 0.0000 0.0000 0.0000 0.0000 0.0000 0.0000
27.0000 22.0000 0.0000 0.0000 0.0000 0.0000 0.0000 0.0000
28.0000 22.0000 0.0250 0.0000 0.0000 0.0000 0.0000 0.0000
29.0000 22.0000 0.0000 0.0000 0.0000 0.0000 0.0000 0.0000
30.0000 22.0000 0.0000 0.0000 0.0000 0.0000 0.0000 0.0000
31.0000 22.0000 0.0000 0.0000 0.0000 0.0000 0.0000 0.0000
0.0000 23.0000 -0.0000 0.0000 0.0000 0.0000 -0.0000 0.0000
1.0000 23.0000 0.0000 0.0000 0.0000 -0.0000 0.0000 0.0000
2.0000 23.0000 0.0000 0.0000 0.0000 0.0000 0.0000 0.0000
3.0000 23.0000 0.0000 0.0000 0.0000 0.0000 0.0000 0.0000
4.0000 23.0000 -0.0000 0.0000 -0.0000 -0.0000 0.0000 0.0000
5.0000 23.0000 0.0000 -0.0000 -0.0000 -0.0000 0.0000 -0.0000
6.0000 23.0000 -0.0000 0.0000 0.0000 0.0000 0.0000 0.0000
7.0000 23.0000 0.0000 -0.0000 -0.2400 -0.1672 -0.2036 0.6107
8.0000 23.0000 0.0000 0.0000 0.4838 -0.5135 -0.0149 0.0446
9.0000 23.0000 0.0000 -0.0000 -0.2887 -0.2887 0.5774 -0.0000
10.0000 23.0000 0.0000 0.0000 0.0000 0.0000 0.0000 0.0000
11.0000 23.0000 0.0000 0.0000 0.0000 0.0000 0.0000 0.0000
12.0000 23.0000 0.0000 0.0000 0.0000 0.0000 0.0000 0.0000
13.0000 23.0000 0.0000 0.0000 0.0000 0.0000 0.0000 0.0000
14.0000 23.0000 -0.0000 0.0000 0.0000 0.0000 0.0000 0.0000
15.0000 23.0000 0.0000 0.0000 0.0000 0.0000 0.0000 0.0000
16.0000 23.0000 -0.0000 0.0000 0.0000 0.0000 0.0000 0.0000
17.0000 23.0000 0.0000 0.0000 0.0000 0.0000 0.0000 0.0000
18.0000 23.0000 -0.0000 0.0000 0.0000 0.0000 0.0000 0.0000
19.0000 23.0000 0.0000 0.0000 0.0000 0.0000 0.0000 0.0000
20.0000 23.0000 0.0000 0.0000 0.0000 0.0000 0.0000 0.0000
21.0000 23.0000 0.0000 0.0000 0.0000 0.0000 0.0000 0.0000
22.0000 23.0000 0.0000 0.0000 0.0000 0.0000 0.0000 0.0000
23.0000 23.0000 0.7250 0.0000 0.0000 0.0000 0.0000 0.0000
24.0000 23.0000 0.0000 1.2247 0.6124 0.6124 0.6124 0.6124
25.0000 23.0000 0.0000 0.0000 0.0000 0.0000 0.0000 0.0000
26.0000 23.0000 0.0000 0.0000 0.0000 0.0000 0.0000 0.0000
27.0000 23.0000 0.5750 0.0000 0.0000 0.0000 0.0000 0.0000
28.0000 23.0000 0.0000 0.0000 0.0000 0.0000 0.0000 0.0000
29.0000 23.0000 0.0306 0.0000 0.0000 0.0000 0.0000 0.0000
30.0000 23.0000 0.0000 0.0000 0.0000 0.0000 0.0000 0.0000
31.0000 23.0000 0.0000 0.0000 0.0000 0.0000 0.0000 0.0000
0.0000 24.0000 -0.0000 -0.0000 0.0000 -0.0000 -0.0000 -0.0000
1.0000 24.0000 0.0000 0.0000 0.0000 0.0000 0.0000 0.0000
2.0000 24.0000 -0.0000 0.0000 0.0000 0.0000 0.0000 0.0000
3.0000 24.0000 0.0000 0.0000 0.0000 0.0000 0.0000 0.0000
4.0000 24.0000 0.0000 0.0000 -0.0000 0.0000 0.0000 -0.0000
5.0000 24.0000 -0.0000 0.0000 0.0000 0.0000 0.0000 -0.0000
6.0000 24.0000 0.0000 0.0000 0.0000 0.0000 0.0000 0.0000
7.0000 24.0000 -0.0000 0.0000 -0.0000 -0.0000 0.0000 0.0000
8.0000 24.0000 0.0000 -0.0000 -0.0000 -0.0000 -0.0000 -0.0000
9.0000 24.0000 -0.0000 -0.0000 -0.0000 -0.0000 -0.0000 -0.0000
10.0000 24.0000 0.0000 -0.0000 -0.1385 -0.0965 -0.1175 0.3526
11.0000 24.0000 0.0000 0.0000 0.2793 -0.2965 -0.0086 0.0257
12.0000 24.0000 0.0000 -0.0000 -0.1667 -0.1667 0.3333 -0.0000
13.0000 24.0000 -0.0000 0.0000 0.0000 0.0000 0.0000 0.0000
14.0000 24.0000 0.0000 0.0000 0.0000 0.0000 0.0000 0.0000
15.0000 24.0000 -0.0000 0.0000 0.0000 0.0000 0.0000 0.0000
16.0000 24.0000 0.0000 0.0000 0.0000 0.0000 0.0000 0.0000
17.0000 24.0000 -0.0000 0.0000 0.0000 0.0000 0.0000 0.0000
18.0000 24.0000 -0.0000 0.0000 0.0000 0.0000 0.0000 0.0000
19.0000 24.0000 -0.0000 0.0000 0.0000 0.0000 0.0000 0.0000
20.0000 24.0000 0.0000 0.0000 0.0000 0.0000 0.0000 0.0000
21.0000 24.0000 -0.0000 0.0000 0.0000 0.0000 0.0000 0.0000
22.0000 24.0000 0.0000 0.0000 0.0000 0.0000 0.0000 0.0000
23.0000 24.0000 0.0000 0.0000 0.0000 0.0000 0.0000 0.0000
24.0000 24.0000 0.4000 0.0000 0.0000 0.0000 0.0000 0.0000
25.0000 24.0000 0.0000 1.2247 0.6124 0.6124 0.6124 0.6124
26.0000 24.0000 0.0000 0.0000 0.0000 0.0000 0.0000 0.0000
27.0000 24.0000 0.0000 0.0000 0.0000 0.0000 0.0000 0.0000
28.0000 24.0000 0.7042 0.0000 0.0000 0.0000 0.0000 0.0000
29.0000 24.0000 0.0000 0.0000 0.0000 0.0000 0.0000 0.0000
30.0000 24.0000 0.0306 0.0000 0.0000 0.0000 0.0000 0.0000
31.0000 24.0000 0.0000 0.0000 0.0000 0.0000 0.0000 0.0000
0.0000 25.0000 -0.0000 0.0000 0.0000 0.0000 0.0000 0.0000
1.0000 25.0000 0.0000 0.0000 0.0000 0.0000 0.0000 0.0000
2.0000 25.0000 0.0000 0.0000 0.0000 0.0000 0.0000 0.0000
3.0000 25.0000 0.0000 0.0000 0.0000 0.0000 0.0000 0.0000
4.0000 25.0000 0.0000 0.0000 0.0000 0.0000 0.0000 0.0000
5.0000 25.0000 0.0000 0.0000 0.0000 0.0000 0.0000 0.0000
6.0000 25.0000 0.0000 0.0000 0.0000 0.0000 0.0000 0.0000
7.0000 25.0000 0.0000 0.0000 0.0000 0.0000 0.0000 0.0000
8.0000 25.0000 -0.0000 0.0000 0.0000 0.0000 0.0000 0.0000
9.0000 25.0000 -0.0000 0.0000 0.0000 0.0000 0.0000 0.0000
10.0000 25.0000 -0.0000 0.0000 0.0000 0.0000 0.0000 0.0000
11.0000 25.0000 0.0000 -0.0000 -0.0000 -0.0000 -0.0000 -0.0000
12.0000 25.0000 -0.0000 -0.0000 -0.0000 -0.0000 -0.0000 -0.0000
13.0000 25.0000 0.0000 0.0000 0.0000 0.0000 0.0000 0.0000
14.0000 25.0000 -0.0000 0.0000 0.0000 0.0000 0.0000 0.0000
15.0000 25.0000 0.0000 0.0000 0.0000 0.0000 0.0000 0.0000
16.0000 25.0000 -0.0000 0.0000 0.0000 0.0000 0.0000 0.0000
17.0000 25.0000 0.0000 0.0000 0.0000 0.0000 0.0000 0.0000
18.0000 25.0000 -0.0000 0.0000 0.0000 0.0000 0.0000 0.0000
19.0000 25.0000 0.0000 0.0000 0.0000 0.0000 0.0000 0.0000
20.0000 25.0000 -0.0000 0.0000 0.0000 0.0000 0.0000 0.0000
21.0000 25.0000 -0.0000 0.0000 0.0000 0.0000 0.0000 0.0000
22.0000 25.0000 0.0000 0.0000 0.0000 0.0000 0.0000 0.0000
23.0000 25.0000 0.0000 0.0000 0.0000 0.0000 0.0000 0.0000
24.0000 25.0000 0.0000 0.0000 0.0000 0.0000 0.0000 0.0000
25.0000 25.0000 0.0750 0.0000 0.0000 0.0000 0.0000 0.0000
26.0000 25.0000 0.0000 1.0000 0.5000 0.5000 0.5000 0.5000
27.0000 25.0000 0.0000 0.0000 0.0000 0.0000 0.0000 0.0000
28.0000 25.0000 0.0000 0.0000 0.0000 0.0000 0.0000 0.0000
29.0000 25.0000 0.7042 0.0000 0.0000 0.0000 0.0000 0.0000
30.0000 25.0000 0.0000 0.0000 0.0000 0.0000 0.0000 0.0000
31.0000 25.0000 0.0250 0.0000 0.0000 0.0000 0.0000 0.0000
0.0000 26.0000 0.0000 0.0000 0.0000 0.0000 0.0000 0.0000
1.0000 26.0000 0.0000 0.0000 0.0000 0.0000 0.0000 0.0000
2.0000 26.0000 -0.0000 0.0000 0.0000 0.0000 0.0000 0.0000
3.0000 26.0000 0.0000 0.0000 0.0000 0.0000 0.0000 0.0000
4.0000 26.0000 0.0000 0.0000 0.0000 0.0000 0.0000 0.0000
5.0000 26.0000 0.0000 0.0000 0.0000 0.0000 0.0000 0.0000
6.0000 26.0000 0.0000 0.0000 0.0000 0.0000 0.0000 0.0000
7.0000 26.0000 -0.0000 0.0000 0.0000 0.0000 0.0000 0.0000
8.0000 26.0000 -0.0000 0.0000 0.0000 0.0000 0.0000 0.0000
9.0000 26.0000 -0.0000 0.0000 0.0000 0.0000 0.0000 0.0000
10.0000 26.0000 -0.0000 0.0000 0.0000 0.0000 0.0000 0.0000
11.0000 26.0000 0.0000 0.0000 0.0000 0.0000 0.0000 0.0000
12.0000 26.0000 0.0000 0.0000 0.0000 0.0000 0.0000 0.0000
13.0000 26.0000 0.0000 0.0000 0.0000 0.0000 0.0000 0.0000
14.0000 26.0000 0.0000 0.0000 0.0000 0.0000 0.0000 0.0000
15.0000 26.0000 0.0000 0.0000 0.0000 0.0000 0.0000 0.0000
16.0000 26.0000 0.0000 0.0000 0.0000 0.0000 0.0000 0.0000
17.0000 26.0000 -0.0000 0.0000 0.0000 0.0000 0.0000 0.0000
18.0000 26.0000 -0.0000 0.0000 0.0000 0.0000 0.0000 0.0000
19.0000 26.0000 -0.0000 0.0000 0.0000 0.0000 0.0000 0.0000
20.0000 26.0000 0.0000 0.0000 0.0000 0.0000 0.0000 0.0000
21.0000 26.0000 -0.0000 0.0000 0.0000 0.0000 0.0000 0.0000
22.0000 26.0000 0.0000 0.0000 0.0000 0.0000 0.0000 0.0000
23.0000 26.0000 0.0000 0.0000 0.0000 0.0000 0.0000 0.0000
24.0000 26.0000 0.0000 0.0000 0.0000 0.0000 0.0000 0.0000
25.0000 26.0000 0.0000 0.0000 0.0000 0.0000 0.0000 0.0000
26.0000 26.0000 -0.2500 0.0000 0.0000 0.0000 0.0000 0.0000
27.0000 26.0000 0.0000 0.0000 0.0000 0.0000 0.0000 0.0000
28.0000 26.0000 0.0000 0.0000 0.0000 0.0000 0.0000 0.0000
29.0000 26.0000 0.0000 0.0000 0.0000 0.0000 0.0000 0.0000
30.0000 26.0000 0.5750 0.0000 0.0000 0.0000 0.0000 0.0000
31.0000 26.0000 0.0000 0.0000 0.0000 0.0000 0.0000 0.0000
0.0000 27.0000 -0.0000 0.0000 0.0000 0.0000 0.0000 0.0000
1.0000 27.0000 0.0000 0.0000 0.0000 0.0000 0.0000 0.0000
2.0000 27.0000 0.0000 0.0000 0.0000 -0.0000 0.0000 0.0000
3.0000 27.0000 0.0000 0.0000 -0.0000 -0.0000 0.0000 0.0000
4.0000 27.0000 -0.0000 0.0000 0.0000 0.0000 0.0000 0.0000
5.0000 27.0000 0.0000 0.0000 0.0000 0.0000 0.0000 0.0000
6.0000 27.0000 -0.0000 0.0000 0.0000 0.0000 0.0000 0.0000
7.0000 27.0000 0.0000 0.0000 0.0000 0.0000 0.0000 0.0000
8.0000 27.0000 0.0000 0.0000 0.0000 0.0000 0.0000 0.0000
9.0000 27.0000 0.0000 0.0000 0.0000 0.0000 0.0000 0.0000
10.0000 27.0000 0.0000 0.0000 0.0000 0.0000 0.0000 0.0000
11.0000 27.0000 0.0000 0.0000 0.0000 0.0000 0.0000 0.0000
12.0000 27.0000 0.0000 0.0000 0.0000 0.0000 0.0000 0.0000
13.0000 27.0000 0.0000 -0.0000 -0.3394 -0.2365 -0.2879 0.8637
14.0000 27.0000 0.0000 0.0000 0.6842 -0.7262 -0.0210 0.0630
15.0000 27.0000 0.0000 -0.0000 -0.4082 -0.4082 0.8165 0.0000
16.0000 27.0000 0.0000 0.0000 0.0000 0.0000 0.0000 0.0000
17.0000 27.0000 0.0000 0.0000 0.0000 0.0000 0.0000 0.0000
18.0000 27.0000 0.0000 0.0000 0.0000 0.0000 0.0000 0.0000
19.0000 27.0000 0.0000 0.0000 0.0000 0.0000 0.0000 0.0000
20.0000 27.0000 0.0000 0.0000 0.0000 0.0000 0.0000 0.0000
21.0000 27.0000 0.0000 0.0000 0.0000 0.0000 0.0000 0.0000
22.0000 27.0000 0.0000 0.0000 0.0000 0.0000 0.0000 0.0000
23.0000 27.0000 0.5750 0.0000 0.0000 0.0000 0.0000 0.0000
24.0000 27.0000 0.0000 0.0000 0.0000 0.0000 0.0000 0.0000
25.0000 27.0000 0.0000 0.0000 0.0000 0.0000 0.0000 0.0000
26.0000 27.0000 0.0000 0.0000 0.0000 0.0000 0.0000 0.0000
27.0000 27.0000 -1.0500 0.0000 0.0000 0.0000 0.0000 0.0000
28.0000 27.0000 0.0000 1.0000 0.5000 0.5000 0.5000 0.5000
29.0000 27.0000 0.0000 0.0000 0.0000 0.0000 0.0000 0.0000
30.0000 27.0000 0.0000 0.0000 0.0000 0.0000 0.0000 0.0000
31.0000 27.0000 0.0000 0.0000 0.0000 0.0000 0.0000 0.0000
0.0000 28.0000 0.0000 0.0000 0.0000 0.0000 0.0000 0.0000
1.0000 28.0000 0.0000 0.0000 0.0000 0.0000 0.0000 0.0000
2.0000 28.0000 0.0000 0.0000 0.0000 0.0000 -0.0000 0.0000
3.0000 28.0000 -0.0000 0.0000 0.0000 -0.0000 0.0000 0.0000
4.0000 28.0000 0.0000 0.0000 0.0000 0.0000 0.0000 0.0000
5.0000 28.0000 -0.0000 0.0000 0.0000 0.0000 0.0000 0.0000
6.0000 28.0000 0.0000 0.0000 0.0000 0.0000 0.0000 0.0000
7.0000 28.0000 -0.0000 0.0000 0.0000 0.0000 0.0000 0.0000
8.0000 28.0000 0.0000 0.0000 0.0000 0.0000 0.0000 0.0000
9.0000 28.0000 -0.0000 0.0000 0.0000 0.0000 0.0000 0.0000
10.0000 28.0000 0.0000 0.0000 0.0000 0.0000 0.0000 0.0000
11.0000 28.0000 0.0000 0.0000 0.0000 0.0000 0.0000 0.0000
12.0000 28.0000 0.0000 0.0000 0.0000 0.0000 0.0000 0.0000
13.0000 28.0000 0.0000 0.0000 -0.0000 -0.0000 0.0000 0.0000
14.0000 28.0000 -0.0000 -0.0000 -0.0000 -0.0000 0.0000 -0.0000
15.0000 28.0000 0.0000 0.0000 0.0000 0.0000 0.0000 0.0000
16.0000 28.0000 0.0000 -0.0000 -0.2400 -0.1672 -0.2036 0.6107
17.0000 28.0000 0.0000 0.0000 0.4838 -0.5135 -0.0149 0.0446
18.0000 28.0000 0.0000 -0.0000 -0.2887 -0.2887 0.5774 -0.0000
19.0000 28.0000 0.0000 0.0000 0.0000 0.0000 0.0000 0.0000
20.0000 28.0000 0.0000 0.0000 0.0000 0.0000 0.0000 0.0000
21.0000 28.0000 0.0000 0.0000 0.0000 0.0000 0.0000 0.0000
22.0000 28.0000 0.0250 0.0000 0.0000 0.0000 0.0000 0.0000
23.0000 28.0000 0.0000 0.0000 0.0000 0.0000 0.0000 0.0000
24.0000 28.0000 0.7042 0.0000 0.0000 0.0000 0.0000 0.0000
25.0000 28.0000 0.0000 0.0000 0.0000 0.0000 0.0000 0.0000
26.0000 28.0000 0.0000 0.0000 0.0000 0.0000 0.0000 0.0000
27.0000 28.0000 0.0000 0.0000 0.0000 0.0000 0.0000 0.0000
28.0000 28.0000 -0.7250 0.0000 0.0000 0.0000 0.0000 0.0000
29.0000 28.0000 0.0000 1.2247 0.6124 0.6124 0.6124 0.6124
30.0000 28.0000 0.0000 0.0000 0.0000 0.0000 0.0000 0.0000
31.0000 28.0000 0.0000 0.0000 0.0000 0.0000 0.0000 0.0000
0.0000 29.0000 -0.0000 0.0000 0.0000 0.0000 0.0000 0.0000
1.0000 29.0000 0.0000 0.0000 0.0000 0.0000 0.0000 0.0000
2.0000 29.0000 0.0000 -0.0000 0.0000 -0.0000 -0.0000 -0.0000
3.0000 29.0000 -0.0000 0.0000 0.0000 0.0000 0.0000 0.0000
4.0000 29.0000 -0.0000 0.0000 0.0000 0.0000 0.0000 0.0000
5.0000 29.0000 0.0000 0.0000 0.0000 0.0000 0.0000 0.0000
6.0000 29.0000 -0.0000 0.0000 0.0000 0.0000 0.0000 0.0000
7.0000 29.0000 0.0000 0.0000 0.0000 0.0000 0.0000 0.0000
8.0000 29.0000 -0.0000 0.0000 0.0000 0.0000 0.0000 0.0000
9.0000 29.0000 -0.0000 0.0000 0.0000 0.0000 0.0000 0.0000
10.0000 29.0000 -0.0000 0.0000 0.0000 0.0000 0.0000 0.0000
11.0000 29.0000 0.0000 0.0000 0.0000 0.0000 0.0000 0.0000
12.0000 29.0000 -0.0000 0.0000 0.0000 0.0000 0.0000 0.0000
13.0000 29.0000 -0.0000 0.0000 -0.0000 0.0000 0.0000 -0.0000
14.0000 29.0000 0.0000 0.0000 0.0000 0.0000 0.0000 -0.0000
15.0000 29.0000 0.0000 0.0000 0.0000 0.0000 0.0000 0.0000
16.0000 29.0000 0.0000 0.0000 -0.0000 -0.0000 0.0000 0.0000
17.0000 29.0000 -0.0000 -0.0000 -0.0000 -0.0000 -0.0000 -0.0000
18.0000 29.0000 0.0000 -0.0000 -0.0000 -0.0000 -0.0000 -0.0000
19.0000 29.0000 0.0000 -0.0000 -0.1385 -0.0965 -0.1175 0.3526
20.0000 29.0000 0.0000 0.0000 0.2793 -0.2965 -0.0086 0.0257
21.0000 29.0000 0.0000 -0.0000 -0.1667 -0.1667 0.3333 -0.0000
22.0000 29.0000 0.0000 0.0000 0.0000 0.0000 0.0000 0.0000
23.0000 29.0000 0.0306 0.0000 0.0000 0.0000 0.0000 0.0000
24.0000 29.0000 0.0000 0.0000 0.0000 0.0000 0.0000 0.0000
25.0000 29.0000 0.7042 0.0000 0.0000 0.0000 0.0000 0.0000
26.0000 29.0000 0.0000 0.0000 0.0000 0.0000 0.0000 0.0000
27.0000 29.0000 0.0000 0.0000 0.0000 0.0000 0.0000 0.0000
28.0000 29.0000 0.0000 0.0000 0.0000 0.0000 0.0000 0.0000
29.0000 29.0000 -0.4000 0.0000 0.0000 0.0000 0.0000 0.0000
30.0000 29.0000 0.0000 1.2247 0.6124 0.6124 0.6124 0.6124
31.0000 29.0000 0.0000 0.0000 0.0000 0.0000 0.0000 0.0000
0.0000 30.0000 0.0000 0.0000 0.0000 0.0000 0.0000 0.0000
1.0000 30.0000 0.0000 0.0000 0.0000 0.0000 0.0000 0.0000
2.0000 30.0000 0.0000 0.0000 0.0000 0.0000 0.0000 0.0000
3.0000 30.0000 -0.0000 0.0000 0.0000 0.0000 0.0000 0.0000
4.0000 30.0000 0.0000 0.0000 0.0000 0.0000 0.0000 0.0000
5.0000 30.0000 -0.0000 0.0000 0.0000 0.0000 0.0000 0.0000
6.0000 30.0000 0.0000 0.0000 0.0000 0.0000 0.0000 0.0000
7.0000 30.0000 -0.0000 0.0000 0.0000 0.0000 0.0000 0.0000
8.0000 30.0000 0.0000 0.0000 0.0000 0.0000 0.0000 0.0000
9.0000 30.0000 -0.0000 0.0000 0.0000 0.0000 0.0000 0.0000
10.0000 30.0000 0.0000 0.0000 0.0000 0.0000 0.0000 0.0000
11.0000 30.0000 -0.0000 0.0000 0.0000 0.0000 0.0000 0.0000
12.0000 30.0000 -0.0000 0.0000 0.0000 0.0000 0.0000 0.0000
13.0000 30.0000 -0.0000 0.0000 0.0000 0.0000 0.0000 0.0000
14.0000 30.0000 -0.0000 0.0000 0.0000 0.0000 0.0000 0.0000
15.0000 30.0000 0.0000 0.0000 0.0000 0.0000 0.0000 0.0000
16.0000 30.0000 -0.0000 0.0000 0.0000 0.0000 0.0000 0.0000
17.0000 30.0000 0.0000 0.0000 0.0000 0.0000 0.0000 0.0000
18.0000 30.0000 0.0000 0.0000 0.0000 0.0000 0.0000 0.0000
19.0000 30.0000 0.0000 0.0000 0.0000 0.0000 0.0000 0.0000
20.0000 30.0000 -0.0000 -0.0000 -0.0000 -0.0000 -0.0000 -0.0000
21.0000 30.0000 0.0000 -0.0000 -0.0000 -0.0000 -0.0000 -0.0000
22.0000 30.0000 0.0000 0.0000 0.0000 0.0000 0.0000 0.0000
23.0000 30.0000 0.0000 0.0000 0.0000 0.0000 0.0000 0.0000
24.0000 30.0000 0.0306 0.0000 0.0000 0.0000 0.0000 0.0000
25.0000 30.0000 0.0000 0.0000 0.0000 0.0000 0.0000 0.0000
26.0000 30.0000 0.5750 0.0000 0.0000 0.0000 0.0000 0.0000
27.0000 30.0000 0.0000 0.0000 0.0000 0.0000 0.0000 0.0000
28.0000 30.0000 0.0000 0.0000 0.0000 0.0000 0.0000 0.0000
29.0000 30.0000 0.0000 0.0000 0.0000 0.0000 0.0000 0.0000
30.0000 30.0000 -0.0750 0.0000 0.0000 0.0000 0.0000 0.0000
31.0000 30.0000 0.0000 1.0000 0.5000 0.5000 0.5000 0.5000
0.0000 31.0000 -0.0000 0.0000 0.0000 0.0000 0.0000 0.0000
1.0000 31.0000 0.0000 0.0000 0.0000 0.0000 0.0000 0.0000
2.0000 31.0000 0.0000 0.0000 0.0000 0.0000 0.0000 0.0000
3.0000 31.0000 0.0000 0.0000 0.0000 0.0000 0.0000 0.0000
4.0000 31.0000 0.0000 0.0000 0.0000 0.0000 0.0000 0.0000
5.0000 31.0000 0.0000 0.0000 0.0000 0.0000 0.0000 0.0000
6.0000 31.0000 0.0000 0.0000 0.0000 0.0000 0.0000 0.0000
7.0000 31.0000 0.0000 0.0000 0.0000 0.0000 0.0000 0.0000
8.0000 31.0000 -0.0000 0.0000 0.0000 0.0000 0.0000 0.0000
9.0000 31.0000 -0.0000 0.0000 0.0000 0.0000 0.0000 0.0000
10.0000 31.0000 -0.0000 0.0000 0.0000 0.0000 0.0000 0.0000
11.0000 31.0000 0.0000 0.0000 0.0000 0.0000 0.0000 0.0000
12.0000 31.0000 -0.0000 0.0000 0.0000 0.0000 0.0000 0.0000
13.0000 31.0000 0.0000 0.0000 0.0000 0.0000 0.0000 0.0000
14.0000 31.0000 0.0000 0.0000 0.0000 0.0000 0.0000 0.0000
15.0000 31.0000 0.0000 0.0000 0.0000 0.0000 0.0000 0.0000
16.0000 31.0000 0.0000 0.0000 0.0000 0.0000 0.0000 0.0000
17.0000 31.0000 0.0000 0.0000 0.0000 0.0000 0.0000 0.0000
18.0000 31.0000 0.0000 0.0000 0.0000 0.0000 0.0000 0.0000
19.0000 31.0000 0.0000 0.0000 0.0000 0.0000 0.0000 0.0000
20.0000 31.0000 -0.0000 0.0000 0.0000 0.0000 0.0000 0.0000
21.0000 31.0000 -0.0000 0.0000 0.0000 0.0000 0.0000 0.0000
22.0000 31.0000 0.0000 0.0000 0.0000 0.0000 0.0000 0.0000
23.0000 31.0000 0.0000 0.0000 0.0000 0.0000 0.0000 0.0000
24.0000 31.0000 0.0000 0.0000 0.0000 0.0000 0.0000 0.0000
25.0000 31.0000 0.0250 0.0000 0.0000 0.0000 0.0000 0.0000
26.0000 31.0000 0.0000 0.0000 0.0000 0.0000 0.0000 0.0000
27.0000 31.0000 0.0000 0.0000 0.0000 0.0000 0.0000 0.0000
28.0000 31.0000 0.0000 0.0000 0.0000 0.0000 0.0000 0.0000
29.0000 31.0000 0.0000 0.0000 0.0000 0.0000 0.0000 0.0000
30.0000 31.0000 0.0000 0.0000 0.0000 0.0000 0.0000 0.0000
31.0000 31.0000 0.2500 0.0000 0.0000 0.0000 0.0000 0.0000
