 t	 x	 y	 z	 w
0.0000 1.0000 1.0000 1.0000 1.0000
0.0100 0.9989 0.9997 0.9998 0.9998
0.0200 0.9958 0.9990 0.9990 0.9991
0.0300 0.9906 0.9977 0.9979 0.9979
0.0400 0.9833 0.9960 0.9962 0.9962
0.0500 0.9739 0.9937 0.9940 0.9941
0.0600 0.9627 0.9910 0.9914 0.9915
0.0700 0.9495 0.9877 0.9883 0.9885
0.0800 0.9344 0.9840 0.9848 0.9850
0.0900 0.9176 0.9798 0.9808 0.9810
0.1000 0.8991 0.9751 0.9763 0.9766
0.1100 0.8790 0.9699 0.9713 0.9717
0.1200 0.8574 0.9642 0.9659 0.9664
0.1300 0.8345 0.9581 0.9601 0.9606
0.1400 0.8102 0.9515 0.9538 0.9544
0.1500 0.7848 0.9444 0.9471 0.9478
0.1600 0.7584 0.9369 0.9399 0.9407
0.1700 0.7310 0.9289 0.9323 0.9331
0.1800 0.7029 0.9205 0.9242 0.9252
0.1900 0.6741 0.9116 0.9158 0.9168
0.2000 0.6448 0.9023 0.9069 0.9080
0.2100 0.6151 0.8926 0.8976 0.8988
0.2200 0.5851 0.8825 0.8878 0.8892
0.2300 0.5549 0.8719 0.8777 0.8792
0.2400 0.5247 0.8610 0.8672 0.8688
0.2500 0.4946 0.8496 0.8563 0.8579
0.2600 0.4648 0.8379 0.8449 0.8467
0.2700 0.4352 0.8257 0.8332 0.8351
0.2800 0.4060 0.8132 0.8212 0.8231
0.2900 0.3774 0.8004 0.8087 0.8107
0.3000 0.3494 0.7871 0.7959 0.7979
0.3100 0.3220 0.7735 0.7827 0.7848
0.3200 0.2955 0.7596 0.7691 0.7713
0.3300 0.2698 0.7453 0.7552 0.7575
0.3400 0.2449 0.7307 0.7410 0.7432
0.3500 0.2211 0.7158 0.7264 0.7287
0.3600 0.1982 0.7005 0.7114 0.7138
0.3700 0.1764 0.6849 0.6961 0.6985
0.3800 0.1556 0.6690 0.6805 0.6830
0.3900 0.1359 0.6528 0.6646 0.6671
0.4000 0.1174 0.6363 0.6484 0.6509
0.4100 0.0999 0.6196 0.6318 0.6344
0.4200 0.0835 0.6025 0.6150 0.6176
0.4300 0.0683 0.5852 0.5979 0.6005
0.4400 0.0541 0.5676 0.5805 0.5832
0.4500 0.0409 0.5497 0.5628 0.5655
0.4600 0.0289 0.5316 0.5448 0.5477
0.4700 0.0178 0.5132 0.5266 0.5295
0.4800 0.0077 0.4946 0.5081 0.5112
0.4900 -0.0015 0.4758 0.4894 0.4926
0.5000 -0.0098 0.4567 0.4705 0.4738
0.5100 -0.0173 0.4374 0.4513 0.4547
0.5200 -0.0240 0.4179 0.4320 0.4355
0.5300 -0.0299 0.3982 0.4124 0.4161
0.5400 -0.0352 0.3783 0.3926 0.3964
0.5500 -0.0398 0.3582 0.3727 0.3766
0.5600 -0.0438 0.3379 0.3526 0.3567
0.5700 -0.0473 0.3174 0.3323 0.3366
0.5800 -0.0503 0.2967 0.3119 0.3163
0.5900 -0.0528 0.2759 0.2913 0.2959
0.6000 -0.0550 0.2550 0.2706 0.2753
0.6100 -0.0568 0.2339 0.2498 0.2547
0.6200 -0.0583 0.2127 0.2289 0.2339
0.6300 -0.0595 0.1913 0.2079 0.2130
0.6400 -0.0606 0.1698 0.1868 0.1920
0.6500 -0.0614 0.1482 0.1656 0.1709
0.6600 -0.0620 0.1266 0.1444 0.1498
0.6700 -0.0625 0.1048 0.1231 0.1286
0.6800 -0.0629 0.0830 0.1017 0.1073
0.6900 -0.0632 0.0611 0.0804 0.0860
0.7000 -0.0634 0.0391 0.0590 0.0646
0.7100 -0.0636 0.0171 0.0376 0.0433
0.7200 -0.0637 -0.0049 0.0161 0.0219
0.7300 -0.0637 -0.0269 -0.0053 0.0005
0.7400 -0.0637 -0.0490 -0.0267 -0.0209
0.7500 -0.0637 -0.0710 -0.0480 -0.0423
0.7600 -0.0637 -0.0930 -0.0694 -0.0636
0.7700 -0.0636 -0.1150 -0.0906 -0.0849
0.7800 -0.0635 -0.1369 -0.1119 -0.1062
0.7900 -0.0633 -0.1588 -0.1331 -0.1274
0.8000 -0.0631 -0.1806 -0.1542 -0.1485
0.8100 -0.0629 -0.2023 -0.1752 -0.1696
0.8200 -0.0627 -0.2239 -0.1961 -0.1905
0.8300 -0.0624 -0.2454 -0.2170 -0.2114
0.8400 -0.0621 -0.2668 -0.2377 -0.2321
0.8500 -0.0618 -0.2880 -0.2583 -0.2527
0.8600 -0.0614 -0.3090 -0.2788 -0.2732
0.8700 -0.0611 -0.3299 -0.2992 -0.2935
0.8800 -0.0607 -0.3507 -0.3194 -0.3137
0.8900 -0.0603 -0.3712 -0.3395 -0.3338
0.9000 -0.0600 -0.3915 -0.3594 -0.3536
0.9100 -0.0597 -0.4116 -0.3791 -0.3733
0.9200 -0.0594 -0.4314 -0.3986 -0.3928
0.9300 -0.0593 -0.4511 -0.4180 -0.4121
0.9400 -0.0592 -0.4704 -0.4372 -0.4312
0.9500 -0.0593 -0.4895 -0.4561 -0.4501
0.9600 -0.0595 -0.5083 -0.4748 -0.4688
0.9700 -0.0600 -0.5269 -0.4933 -0.4872
0.9800 -0.0606 -0.5451 -0.5116 -0.5054
0.9900 -0.0616 -0.5630 -0.5296 -0.5234
1.0000 -0.0628 -0.5806 -0.5474 -0.5411
1.0100 -0.0645 -0.5978 -0.5649 -0.5585
1.0200 -0.0665 -0.6148 -0.5821 -0.5757
1.0300 -0.0689 -0.6314 -0.5990 -0.5926
1.0400 -0.0718 -0.6476 -0.6157 -0.6092
1.0500 -0.0752 -0.6634 -0.6320 -0.6256
1.0600 -0.0792 -0.6789 -0.6480 -0.6416
1.0700 -0.0838 -0.6941 -0.6637 -0.6573
1.0800 -0.0890 -0.7088 -0.6791 -0.6727
1.0900 -0.0949 -0.7231 -0.6941 -0.6878
1.1000 -0.1015 -0.7371 -0.7088 -0.7025
1.1100 -0.1089 -0.7507 -0.7231 -0.7169
1.1200 -0.1170 -0.7638 -0.7371 -0.7310
1.1300 -0.1259 -0.7766 -0.7507 -0.7446
1.1400 -0.1356 -0.7889 -0.7640 -0.7580
1.1500 -0.1461 -0.8008 -0.7768 -0.7709
1.1600 -0.1574 -0.8124 -0.7893 -0.7835
1.1700 -0.1696 -0.8235 -0.8014 -0.7957
1.1800 -0.1826 -0.8341 -0.8131 -0.8075
1.1900 -0.1964 -0.8444 -0.8244 -0.8190
1.2000 -0.2109 -0.8542 -0.8352 -0.8300
1.2100 -0.2263 -0.8636 -0.8457 -0.8406
1.2200 -0.2424 -0.8726 -0.8558 -0.8508
1.2300 -0.2593 -0.8811 -0.8654 -0.8606
1.2400 -0.2768 -0.8893 -0.8747 -0.8700
1.2500 -0.2949 -0.8969 -0.8835 -0.8790
1.2600 -0.3136 -0.9042 -0.8918 -0.8875
1.2700 -0.3329 -0.9110 -0.8998 -0.8956
1.2800 -0.3525 -0.9174 -0.9073 -0.9033
1.2900 -0.3726 -0.9234 -0.9144 -0.9106
1.3000 -0.3929 -0.9289 -0.9210 -0.9174
1.3100 -0.4135 -0.9340 -0.9272 -0.9237
1.3200 -0.4342 -0.9386 -0.9330 -0.9297
1.3300 -0.4550 -0.9428 -0.9383 -0.9351
1.3400 -0.4758 -0.9466 -0.9432 -0.9402
1.3500 -0.4964 -0.9499 -0.9476 -0.9447
1.3600 -0.5168 -0.9528 -0.9515 -0.9489
1.3700 -0.5370 -0.9553 -0.9550 -0.9525
1.3800 -0.5567 -0.9573 -0.9581 -0.9558
1.3900 -0.5759 -0.9589 -0.9607 -0.9585
1.4000 -0.5946 -0.9600 -0.9628 -0.9608
1.4100 -0.6126 -0.9607 -0.9645 -0.9626
1.4200 -0.6298 -0.9609 -0.9657 -0.9640
1.4300 -0.6463 -0.9607 -0.9664 -0.9649
1.4400 -0.6618 -0.9601 -0.9667 -0.9654
1.4500 -0.6763 -0.9590 -0.9665 -0.9653
1.4600 -0.6897 -0.9574 -0.9659 -0.9648
1.4700 -0.7021 -0.9554 -0.9648 -0.9639
1.4800 -0.7132 -0.9530 -0.9632 -0.9624
1.4900 -0.7232 -0.9501 -0.9611 -0.9606
1.5000 -0.7318 -0.9467 -0.9586 -0.9582
1.5100 -0.7392 -0.9429 -0.9556 -0.9554
1.5200 -0.7452 -0.9386 -0.9521 -0.9521
1.5300 -0.7499 -0.9339 -0.9482 -0.9484
1.5400 -0.7532 -0.9287 -0.9438 -0.9442
1.5500 -0.7552 -0.9230 -0.9390 -0.9395
1.5600 -0.7558 -0.9169 -0.9336 -0.9344
1.5700 -0.7550 -0.9104 -0.9279 -0.9289
1.5800 -0.7529 -0.9033 -0.9217 -0.9228
1.5900 -0.7495 -0.8959 -0.9150 -0.9164
1.6000 -0.7448 -0.8879 -0.9079 -0.9095
1.6100 -0.7389 -0.8795 -0.9003 -0.9022
1.6200 -0.7319 -0.8707 -0.8923 -0.8944
1.6300 -0.7237 -0.8614 -0.8838 -0.8863
1.6400 -0.7145 -0.8516 -0.8750 -0.8776
1.6500 -0.7042 -0.8414 -0.8657 -0.8686
1.6600 -0.6931 -0.8308 -0.8559 -0.8592
1.6700 -0.6811 -0.8197 -0.8458 -0.8493
1.6800 -0.6684 -0.8081 -0.8353 -0.8390
1.6900 -0.6550 -0.7962 -0.8243 -0.8284
1.7000 -0.6410 -0.7838 -0.8130 -0.8173
1.7100 -0.6265 -0.7709 -0.8012 -0.8058
1.7200 -0.6116 -0.7577 -0.7891 -0.7940
1.7300 -0.5964 -0.7440 -0.7766 -0.7817
1.7400 -0.5810 -0.7300 -0.7637 -0.7691
1.7500 -0.5654 -0.7155 -0.7505 -0.7561
1.7600 -0.5498 -0.7007 -0.7369 -0.7427
1.7700 -0.5342 -0.6854 -0.7229 -0.7290
1.7800 -0.5188 -0.6698 -0.7086 -0.7150
1.7900 -0.5035 -0.6538 -0.6940 -0.7005
1.8000 -0.4885 -0.6375 -0.6790 -0.6858
1.8100 -0.4739 -0.6208 -0.6637 -0.6707
1.8200 -0.4596 -0.6038 -0.6481 -0.6552
1.8300 -0.4458 -0.5864 -0.6322 -0.6395
1.8400 -0.4326 -0.5688 -0.6160 -0.6234
1.8500 -0.4199 -0.5508 -0.5994 -0.6070
1.8600 -0.4079 -0.5325 -0.5826 -0.5904
1.8700 -0.3964 -0.5140 -0.5655 -0.5734
1.8800 -0.3857 -0.4952 -0.5482 -0.5562
1.8900 -0.3757 -0.4761 -0.5305 -0.5387
1.9000 -0.3664 -0.4568 -0.5126 -0.5209
1.9100 -0.3578 -0.4372 -0.4945 -0.5029
1.9200 -0.3500 -0.4174 -0.4761 -0.4847
1.9300 -0.3429 -0.3974 -0.4574 -0.4662
1.9400 -0.3365 -0.3772 -0.4385 -0.4475
1.9500 -0.3309 -0.3568 -0.4194 -0.4285
1.9600 -0.3259 -0.3363 -0.4001 -0.4094
1.9700 -0.3216 -0.3156 -0.3806 -0.3900
1.9800 -0.3180 -0.2947 -0.3609 -0.3705
1.9900 -0.3150 -0.2737 -0.3410 -0.3508
2.0000 -0.3126 -0.2526 -0.3209 -0.3309
2.0100 -0.3107 -0.2313 -0.3007 -0.3109
2.0200 -0.3093 -0.2100 -0.2803 -0.2907
2.0300 -0.3084 -0.1886 -0.2597 -0.2703
2.0400 -0.3079 -0.1671 -0.2390 -0.2499
2.0500 -0.3078 -0.1455 -0.2182 -0.2293
2.0600 -0.3080 -0.1239 -0.1973 -0.2085
2.0700 -0.3086 -0.1023 -0.1762 -0.1877
2.0800 -0.3093 -0.0806 -0.1551 -0.1668
2.0900 -0.3103 -0.0589 -0.1339 -0.1458
2.1000 -0.3114 -0.0372 -0.1126 -0.1246
2.1100 -0.3126 -0.0155 -0.0912 -0.1035
2.1200 -0.3138 0.0062 -0.0698 -0.0822
2.1300 -0.3152 0.0279 -0.0484 -0.0609
2.1400 -0.3165 0.0495 -0.0269 -0.0396
2.1500 -0.3177 0.0711 -0.0054 -0.0183
2.1600 -0.3190 0.0927 0.0161 0.0031
2.1700 -0.3201 0.1142 0.0376 0.0245
2.1800 -0.3211 0.1356 0.0591 0.0459
2.1900 -0.3219 0.1570 0.0805 0.0673
2.2000 -0.3227 0.1782 0.1020 0.0887
2.2100 -0.3232 0.1994 0.1233 0.1100
2.2200 -0.3236 0.2205 0.1446 0.1313
2.2300 -0.3237 0.2415 0.1659 0.1525
2.2400 -0.3237 0.2623 0.1870 0.1737
2.2500 -0.3235 0.2830 0.2081 0.1948
2.2600 -0.3230 0.3036 0.2291 0.2158
2.2700 -0.3224 0.3241 0.2499 0.2367
2.2800 -0.3215 0.3444 0.2707 0.2575
2.2900 -0.3204 0.3646 0.2913 0.2782
2.3000 -0.3191 0.3846 0.3118 0.2987
2.3100 -0.3177 0.4044 0.3321 0.3191
2.3200 -0.3160 0.4240 0.3523 0.3394
2.3300 -0.3141 0.4435 0.3723 0.3595
2.3400 -0.3120 0.4628 0.3921 0.3794
2.3500 -0.3097 0.4818 0.4118 0.3992
2.3600 -0.3072 0.5007 0.4313 0.4188
2.3700 -0.3045 0.5193 0.4506 0.4382
2.3800 -0.3016 0.5377 0.4696 0.4574
2.3900 -0.2984 0.5559 0.4885 0.4763
2.4000 -0.2951 0.5738 0.5072 0.4951
2.4100 -0.2914 0.5915 0.5256 0.5136
2.4200 -0.2876 0.6089 0.5438 0.5319
2.4300 -0.2834 0.6261 0.5617 0.5500
2.4400 -0.2790 0.6430 0.5794 0.5678
2.4500 -0.2742 0.6596 0.5968 0.5854
2.4600 -0.2691 0.6759 0.6140 0.6027
2.4700 -0.2636 0.6919 0.6308 0.6197
2.4800 -0.2576 0.7075 0.6474 0.6364
2.4900 -0.2513 0.7229 0.6637 0.6529
2.5000 -0.2444 0.7379 0.6797 0.6690
2.5100 -0.2371 0.7526 0.6954 0.6849
2.5200 -0.2291 0.7669 0.7108 0.7004
2.5300 -0.2206 0.7809 0.7258 0.7156
2.5400 -0.2114 0.7945 0.7405 0.7305
2.5500 -0.2015 0.8078 0.7549 0.7450
2.5600 -0.1909 0.8206 0.7689 0.7592
2.5700 -0.1795 0.8331 0.7826 0.7731
2.5800 -0.1673 0.8451 0.7959 0.7866
2.5900 -0.1543 0.8568 0.8088 0.7997
2.6000 -0.1403 0.8680 0.8213 0.8124
2.6100 -0.1255 0.8788 0.8335 0.8248
2.6200 -0.1097 0.8892 0.8452 0.8368
2.6300 -0.0929 0.8991 0.8566 0.8484
2.6400 -0.0751 0.9086 0.8675 0.8596
2.6500 -0.0563 0.9176 0.8781 0.8704
2.6600 -0.0365 0.9262 0.8882 0.8808
2.6700 -0.0157 0.9343 0.8979 0.8907
2.6800 0.0062 0.9419 0.9071 0.9003
2.6900 0.0291 0.9491 0.9160 0.9094
2.7000 0.0530 0.9558 0.9244 0.9181
2.7100 0.0778 0.9619 0.9323 0.9264
2.7200 0.1037 0.9676 0.9399 0.9343
2.7300 0.1304 0.9728 0.9469 0.9417
2.7400 0.1580 0.9776 0.9536 0.9487
2.7500 0.1864 0.9818 0.9597 0.9553
2.7600 0.2156 0.9855 0.9655 0.9614
2.7700 0.2454 0.9887 0.9708 0.9670
2.7800 0.2759 0.9914 0.9756 0.9723
2.7900 0.3069 0.9936 0.9799 0.9771
2.8000 0.3383 0.9953 0.9838 0.9814
2.8100 0.3701 0.9965 0.9873 0.9853
2.8200 0.4021 0.9972 0.9903 0.9887
2.8300 0.4342 0.9973 0.9928 0.9916
2.8400 0.4664 0.9970 0.9949 0.9942
2.8500 0.4985 0.9962 0.9965 0.9962
2.8600 0.5303 0.9949 0.9977 0.9978
2.8700 0.5619 0.9931 0.9984 0.9989
2.8800 0.5930 0.9908 0.9986 0.9996
2.8900 0.6235 0.9880 0.9984 0.9998
2.9000 0.6533 0.9848 0.9977 0.9995
2.9100 0.6823 0.9810 0.9966 0.9988
2.9200 0.7104 0.9768 0.9950 0.9976
2.9300 0.7374 0.9721 0.9929 0.9959
2.9400 0.7632 0.9670 0.9904 0.9937
2.9500 0.7877 0.9614 0.9874 0.9911
2.9600 0.8108 0.9553 0.9840 0.9880
2.9700 0.8324 0.9488 0.9801 0.9845
2.9800 0.8523 0.9418 0.9758 0.9805
2.9900 0.8706 0.9344 0.9710 0.9760
3.0000 0.8871 0.9265 0.9658 0.9711
3.0100 0.9018 0.9183 0.9601 0.9657
3.0200 0.9146 0.9096 0.9540 0.9599
3.0300 0.9254 0.9004 0.9474 0.9536
3.0400 0.9341 0.8909 0.9404 0.9469
3.0500 0.9408 0.8810 0.9329 0.9397
3.0600 0.9455 0.8706 0.9250 0.9321
3.0700 0.9480 0.8599 0.9166 0.9240
3.0800 0.9485 0.8488 0.9079 0.9156
3.0900 0.9469 0.8372 0.8986 0.9067
3.1000 0.9432 0.8253 0.8890 0.8974
3.1100 0.9375 0.8131 0.8789 0.8877
3.1200 0.9298 0.8004 0.8684 0.8775
3.1300 0.9201 0.7874 0.8575 0.8670
3.1400 0.9086 0.7741 0.8462 0.8561
3.1500 0.8953 0.7604 0.8345 0.8448
3.1600 0.8802 0.7463 0.8224 0.8331
3.1700 0.8634 0.7319 0.8099 0.8210
3.1800 0.8452 0.7172 0.7970 0.8086
3.1900 0.8254 0.7021 0.7837 0.7958
3.2000 0.8043 0.6867 0.7701 0.7826
3.2100 0.7820 0.6710 0.7561 0.7690
3.2200 0.7586 0.6549 0.7417 0.7552
3.2300 0.7342 0.6386 0.7270 0.7409
3.2400 0.7090 0.6219 0.7120 0.7263
3.2500 0.6830 0.6050 0.6966 0.7114
3.2600 0.6565 0.5877 0.6809 0.6962
3.2700 0.6295 0.5702 0.6649 0.6806
3.2800 0.6021 0.5524 0.6485 0.6647
3.2900 0.5745 0.5343 0.6319 0.6485
3.3000 0.5469 0.5160 0.6150 0.6320
3.3100 0.5193 0.4974 0.5978 0.6152
3.3200 0.4920 0.4785 0.5804 0.5981
3.3300 0.4648 0.4594 0.5626 0.5807
3.3400 0.4381 0.4401 0.5447 0.5631
3.3500 0.4120 0.4205 0.5264 0.5452
3.3600 0.3864 0.4007 0.5080 0.5271
3.3700 0.3615 0.3807 0.4893 0.5087
3.3800 0.3374 0.3604 0.4704 0.4900
3.3900 0.3142 0.3400 0.4513 0.4712
3.4000 0.2920 0.3194 0.4320 0.4521
3.4100 0.2707 0.2986 0.4125 0.4328
3.4200 0.2505 0.2777 0.3928 0.4133
3.4300 0.2314 0.2565 0.3730 0.3936
3.4400 0.2134 0.2353 0.3530 0.3738
3.4500 0.1966 0.2139 0.3328 0.3538
3.4600 0.1810 0.1924 0.3125 0.3336
3.4700 0.1667 0.1707 0.2920 0.3133
3.4800 0.1535 0.1490 0.2714 0.2929
3.4900 0.1415 0.1272 0.2507 0.2723
3.5000 0.1307 0.1053 0.2298 0.2516
3.5100 0.1210 0.0833 0.2089 0.2308
3.5200 0.1125 0.0613 0.1879 0.2099
3.5300 0.1052 0.0392 0.1667 0.1889
3.5400 0.0989 0.0171 0.1455 0.1678
3.5500 0.0936 -0.0050 0.1243 0.1467
3.5600 0.0893 -0.0271 0.1030 0.1255
3.5700 0.0860 -0.0492 0.0816 0.1043
3.5800 0.0836 -0.0713 0.0602 0.0830
3.5900 0.0820 -0.0933 0.0387 0.0616
3.6000 0.0811 -0.1152 0.0173 0.0403
3.6100 0.0810 -0.1371 -0.0042 0.0189
3.6200 0.0815 -0.1590 -0.0256 -0.0024
3.6300 0.0827 -0.1807 -0.0471 -0.0238
3.6400 0.0843 -0.2023 -0.0685 -0.0451
3.6500 0.0865 -0.2238 -0.0899 -0.0664
3.6600 0.0890 -0.2452 -0.1112 -0.0877
3.6700 0.0920 -0.2664 -0.1325 -0.1089
3.6800 0.0952 -0.2875 -0.1537 -0.1301
3.6900 0.0987 -0.3084 -0.1748 -0.1512
3.7000 0.1024 -0.3291 -0.1959 -0.1722
3.7100 0.1063 -0.3496 -0.2168 -0.1932
3.7200 0.1103 -0.3699 -0.2376 -0.2140
3.7300 0.1144 -0.3900 -0.2583 -0.2347
3.7400 0.1186 -0.4098 -0.2789 -0.2554
3.7500 0.1228 -0.4295 -0.2993 -0.2758
3.7600 0.1270 -0.4488 -0.3196 -0.2962
3.7700 0.1311 -0.4680 -0.3397 -0.3164
3.7800 0.1352 -0.4868 -0.3596 -0.3364
3.7900 0.1393 -0.5054 -0.3793 -0.3562
3.8000 0.1433 -0.5237 -0.3988 -0.3759
3.8100 0.1472 -0.5417 -0.4182 -0.3954
3.8200 0.1510 -0.5594 -0.4373 -0.4147
3.8300 0.1546 -0.5768 -0.4562 -0.4338
3.8400 0.1582 -0.5938 -0.4749 -0.4527
3.8500 0.1617 -0.6106 -0.4933 -0.4713
3.8600 0.1651 -0.6270 -0.5115 -0.4897
3.8700 0.1683 -0.6431 -0.5294 -0.5079
3.8800 0.1715 -0.6589 -0.5471 -0.5258
3.8900 0.1745 -0.6743 -0.5645 -0.5435
3.9000 0.1775 -0.6893 -0.5816 -0.5609
3.9100 0.1803 -0.7040 -0.5984 -0.5780
3.9200 0.1830 -0.7184 -0.6149 -0.5948
3.9300 0.1856 -0.7324 -0.6312 -0.6114
3.9400 0.1881 -0.7460 -0.6471 -0.6276
3.9500 0.1904 -0.7592 -0.6627 -0.6436
3.9600 0.1926 -0.7721 -0.6780 -0.6593
3.9700 0.1947 -0.7846 -0.6930 -0.6746
3.9800 0.1966 -0.7967 -0.7077 -0.6896
3.9900 0.1983 -0.8084 -0.7220 -0.7043
4.0000 0.1999 -0.8197 -0.7359 -0.7186
4.0100 0.2012 -0.8307 -0.7495 -0.7326
4.0200 0.2023 -0.8412 -0.7628 -0.7463
4.0300 0.2031 -0.8514 -0.7757 -0.7595
4.0400 0.2036 -0.8612 -0.7882 -0.7725
4.0500 0.2038 -0.8705 -0.8003 -0.7850
4.0600 0.2036 -0.8794 -0.8121 -0.7972
4.0700 0.2030 -0.8880 -0.8234 -0.8089
4.0800 0.2020 -0.8961 -0.8344 -0.8203
4.0900 0.2005 -0.9038 -0.8450 -0.8313
4.1000 0.1985 -0.9111 -0.8552 -0.8419
4.1100 0.1959 -0.9179 -0.8649 -0.8521
4.1200 0.1927 -0.9244 -0.8742 -0.8618
4.1300 0.1889 -0.9304 -0.8832 -0.8712
4.1400 0.1844 -0.9360 -0.8916 -0.8801
4.1500 0.1792 -0.9411 -0.8997 -0.8886
4.1600 0.1732 -0.9458 -0.9073 -0.8967
4.1700 0.1665 -0.9501 -0.9145 -0.9043
4.1800 0.1589 -0.9539 -0.9212 -0.9115
4.1900 0.1505 -0.9572 -0.9275 -0.9182
4.2000 0.1412 -0.9602 -0.9333 -0.9245
4.2100 0.1310 -0.9626 -0.9386 -0.9304
4.2200 0.1199 -0.9646 -0.9435 -0.9358
4.2300 0.1079 -0.9661 -0.9480 -0.9407
4.2400 0.0950 -0.9672 -0.9519 -0.9452
4.2500 0.0812 -0.9678 -0.9554 -0.9493
4.2600 0.0664 -0.9679 -0.9585 -0.9529
4.2700 0.0507 -0.9675 -0.9610 -0.9560
4.2800 0.0341 -0.9667 -0.9631 -0.9587
4.2900 0.0167 -0.9654 -0.9647 -0.9609
4.3000 -0.0016 -0.9635 -0.9659 -0.9627
4.3100 -0.0206 -0.9612 -0.9666 -0.9640
4.3200 -0.0404 -0.9585 -0.9668 -0.9648
4.3300 -0.0610 -0.9552 -0.9665 -0.9652
4.3400 -0.0822 -0.9514 -0.9658 -0.9651
4.3500 -0.1039 -0.9472 -0.9645 -0.9645
4.3600 -0.1263 -0.9424 -0.9629 -0.9635
4.3700 -0.1490 -0.9372 -0.9607 -0.9620
4.3800 -0.1722 -0.9314 -0.9581 -0.9601
4.3900 -0.1956 -0.9252 -0.9551 -0.9577
4.4000 -0.2193 -0.9185 -0.9516 -0.9548
4.4100 -0.2431 -0.9113 -0.9476 -0.9515
4.4200 -0.2669 -0.9036 -0.9431 -0.9477
4.4300 -0.2907 -0.8954 -0.9383 -0.9434
4.4400 -0.3144 -0.8868 -0.9329 -0.9387
4.4500 -0.3378 -0.8776 -0.9272 -0.9336
4.4600 -0.3609 -0.8680 -0.9209 -0.9279
4.4700 -0.3836 -0.8580 -0.9143 -0.9219
4.4800 -0.4058 -0.8474 -0.9072 -0.9154
4.4900 -0.4274 -0.8364 -0.8997 -0.9084
4.5000 -0.4483 -0.8250 -0.8917 -0.9010
4.5100 -0.4685 -0.8131 -0.8833 -0.8932
4.5200 -0.4878 -0.8008 -0.8745 -0.8849
4.5300 -0.5062 -0.7880 -0.8653 -0.8763
4.5400 -0.5236 -0.7748 -0.8557 -0.8671
4.5500 -0.5400 -0.7612 -0.8456 -0.8576
4.5600 -0.5553 -0.7472 -0.8352 -0.8477
4.5700 -0.5695 -0.7328 -0.8243 -0.8373
4.5800 -0.5824 -0.7180 -0.8131 -0.8266
4.5900 -0.5942 -0.7028 -0.8014 -0.8154
4.6000 -0.6047 -0.6873 -0.7894 -0.8039
4.6100 -0.6139 -0.6714 -0.7769 -0.7920
4.6200 -0.6219 -0.6552 -0.7641 -0.7797
4.6300 -0.6286 -0.6386 -0.7509 -0.7670
4.6400 -0.6340 -0.6217 -0.7374 -0.7540
4.6500 -0.6381 -0.6045 -0.7235 -0.7406
4.6600 -0.6410 -0.5870 -0.7092 -0.7268
4.6700 -0.6426 -0.5692 -0.6946 -0.7127
4.6800 -0.6431 -0.5512 -0.6796 -0.6982
4.6900 -0.6425 -0.5328 -0.6643 -0.6834
4.7000 -0.6408 -0.5142 -0.6486 -0.6683
4.7100 -0.6380 -0.4954 -0.6327 -0.6528
4.7200 -0.6343 -0.4763 -0.6164 -0.6371
4.7300 -0.6296 -0.4571 -0.5998 -0.6210
4.7400 -0.6242 -0.4376 -0.5830 -0.6046
4.7500 -0.6179 -0.4179 -0.5658 -0.5879
4.7600 -0.6110 -0.3980 -0.5484 -0.5709
4.7700 -0.6035 -0.3780 -0.5306 -0.5537
4.7800 -0.5955 -0.3578 -0.5127 -0.5362
4.7900 -0.5871 -0.3374 -0.4945 -0.5184
4.8000 -0.5783 -0.3169 -0.4760 -0.5003
4.8100 -0.5693 -0.2963 -0.4573 -0.4820
4.8200 -0.5601 -0.2756 -0.4384 -0.4635
4.8300 -0.5508 -0.2547 -0.4192 -0.4448
4.8400 -0.5416 -0.2338 -0.3999 -0.4258
4.8500 -0.5324 -0.2127 -0.3804 -0.4066
4.8600 -0.5233 -0.1916 -0.3607 -0.3872
4.8700 -0.5145 -0.1704 -0.3408 -0.3676
4.8800 -0.5060 -0.1492 -0.3207 -0.3479
4.8900 -0.4979 -0.1279 -0.3005 -0.3280
4.9000 -0.4902 -0.1065 -0.2802 -0.3079
4.9100 -0.4829 -0.0852 -0.2597 -0.2877
4.9200 -0.4762 -0.0637 -0.2391 -0.2673
4.9300 -0.4700 -0.0423 -0.2184 -0.2468
4.9400 -0.4645 -0.0209 -0.1975 -0.2262
4.9500 -0.4596 0.0005 -0.1766 -0.2054
4.9600 -0.4553 0.0220 -0.1556 -0.1846
4.9700 -0.4517 0.0434 -0.1345 -0.1637
4.9800 -0.4488 0.0648 -0.1133 -0.1427
4.9900 -0.4466 0.0861 -0.0921 -0.1216
5.0000 -0.4451 0.1075 -0.0708 -0.1004
5.0100 -0.4442 0.1287 -0.0495 -0.0792
5.0200 -0.4440 0.1500 -0.0282 -0.0579
5.0300 -0.4445 0.1711 -0.0068 -0.0366
5.0400 -0.4455 0.1922 0.0146 -0.0153
5.0500 -0.4472 0.2133 0.0360 0.0060
5.0600 -0.4493 0.2342 0.0574 0.0274
5.0700 -0.4521 0.2550 0.0787 0.0487
5.0800 -0.4552 0.2758 0.1001 0.0701
5.0900 -0.4589 0.2964 0.1214 0.0914
5.1000 -0.4629 0.3169 0.1427 0.1127
5.1100 -0.4672 0.3373 0.1639 0.1340
5.1200 -0.4718 0.3576 0.1851 0.1552
5.1300 -0.4767 0.3777 0.2062 0.1763
5.1400 -0.4817 0.3977 0.2272 0.1974
5.1500 -0.4869 0.4175 0.2481 0.2184
5.1600 -0.4922 0.4372 0.2689 0.2393
5.1700 -0.4975 0.4566 0.2896 0.2600
5.1800 -0.5027 0.4759 0.3102 0.2807
5.1900 -0.5080 0.4950 0.3306 0.3013
5.2000 -0.5131 0.5138 0.3509 0.3217
5.2100 -0.5181 0.5325 0.3711 0.3419
5.2200 -0.5229 0.5509 0.3911 0.3620
5.2300 -0.5275 0.5691 0.4109 0.3820
5.2400 -0.5318 0.5870 0.4305 0.4017
5.2500 -0.5358 0.6047 0.4499 0.4213
5.2600 -0.5396 0.6221 0.4691 0.4407
5.2700 -0.5430 0.6393 0.4881 0.4599
5.2800 -0.5461 0.6561 0.5069 0.4788
5.2900 -0.5488 0.6726 0.5254 0.4976
5.3000 -0.5511 0.6889 0.5437 0.5161
5.3100 -0.5530 0.7048 0.5617 0.5343
5.3200 -0.5545 0.7204 0.5795 0.5523
5.3300 -0.5557 0.7356 0.5969 0.5701
5.3400 -0.5564 0.7505 0.6141 0.5876
5.3500 -0.5567 0.7650 0.6310 0.6048
5.3600 -0.5566 0.7792 0.6476 0.6217
5.3700 -0.5561 0.7930 0.6639 0.6384
5.3800 -0.5552 0.8063 0.6799 0.6548
5.3900 -0.5539 0.8193 0.6955 0.6708
5.4000 -0.5522 0.8319 0.7108 0.6866
5.4100 -0.5502 0.8441 0.7258 0.7020
5.4200 -0.5477 0.8559 0.7404 0.7172
5.4300 -0.5448 0.8672 0.7547 0.7320
5.4400 -0.5416 0.8781 0.7686 0.7465
5.4500 -0.5380 0.8885 0.7822 0.7606
5.4600 -0.5340 0.8985 0.7954 0.7744
5.4700 -0.5296 0.9081 0.8082 0.7878
5.4800 -0.5248 0.9171 0.8207 0.8009
5.4900 -0.5196 0.9257 0.8327 0.8136
5.5000 -0.5140 0.9339 0.8444 0.8259
5.5100 -0.5080 0.9416 0.8557 0.8379
5.5200 -0.5015 0.9488 0.8666 0.8494
5.5300 -0.4946 0.9555 0.8771 0.8606
5.5400 -0.4872 0.9617 0.8872 0.8714
5.5500 -0.4793 0.9674 0.8969 0.8817
5.5600 -0.4709 0.9727 0.9061 0.8917
5.5700 -0.4619 0.9775 0.9150 0.9012
5.5800 -0.4524 0.9817 0.9234 0.9103
5.5900 -0.4422 0.9855 0.9314 0.9190
5.6000 -0.4314 0.9888 0.9390 0.9273
5.6100 -0.4199 0.9916 0.9461 0.9351
5.6200 -0.4077 0.9939 0.9529 0.9425
5.6300 -0.3948 0.9957 0.9591 0.9494
5.6400 -0.3810 0.9970 0.9650 0.9559
5.6500 -0.3665 0.9979 0.9703 0.9620
5.6600 -0.3512 0.9982 0.9753 0.9676
5.6700 -0.3350 0.9981 0.9797 0.9727
5.6800 -0.3179 0.9975 0.9837 0.9774
5.6900 -0.2999 0.9963 0.9873 0.9817
5.7000 -0.2809 0.9948 0.9904 0.9855
5.7100 -0.2610 0.9927 0.9930 0.9888
5.7200 -0.2402 0.9902 0.9952 0.9917
5.7300 -0.2184 0.9872 0.9969 0.9941
5.7400 -0.1956 0.9837 0.9981 0.9960
5.7500 -0.1719 0.9798 0.9988 0.9975
5.7600 -0.1472 0.9754 0.9991 0.9985
5.7700 -0.1216 0.9706 0.9989 0.9991
5.7800 -0.0951 0.9653 0.9982 0.9992
5.7900 -0.0677 0.9595 0.9971 0.9989
5.8000 -0.0395 0.9534 0.9954 0.9981
5.8100 -0.0105 0.9467 0.9933 0.9968
5.8200 0.0193 0.9397 0.9908 0.9951
5.8300 0.0497 0.9322 0.9877 0.9929
5.8400 0.0807 0.9242 0.9842 0.9902
5.8500 0.1123 0.9159 0.9802 0.9871
5.8600 0.1444 0.9071 0.9758 0.9835
5.8700 0.1768 0.8979 0.9709 0.9795
5.8800 0.2095 0.8883 0.9655 0.9750
5.8900 0.2424 0.8783 0.9597 0.9700
5.9000 0.2754 0.8678 0.9535 0.9646
5.9100 0.3083 0.8570 0.9467 0.9588
5.9200 0.3412 0.8458 0.9396 0.9525
5.9300 0.3737 0.8341 0.9320 0.9457
5.9400 0.4059 0.8221 0.9240 0.9385
5.9500 0.4376 0.8097 0.9155 0.9308
5.9600 0.4688 0.7969 0.9067 0.9228
5.9700 0.4992 0.7837 0.8974 0.9143
5.9800 0.5287 0.7702 0.8877 0.9053
5.9900 0.5573 0.7563 0.8776 0.8960
6.0000 0.5848 0.7420 0.8671 0.8862
6.0100 0.6111 0.7273 0.8562 0.8760
6.0200 0.6362 0.7123 0.8449 0.8654
6.0300 0.6598 0.6970 0.8332 0.8544
6.0400 0.6819 0.6813 0.8211 0.8430
6.0500 0.7025 0.6652 0.8087 0.8312
6.0600 0.7213 0.6489 0.7959 0.8191
6.0700 0.7384 0.6322 0.7827 0.8065
6.0800 0.7537 0.6152 0.7692 0.7936
6.0900 0.7671 0.5978 0.7553 0.7804
6.1000 0.7785 0.5802 0.7411 0.7668
6.1100 0.7880 0.5623 0.7266 0.7528
6.1200 0.7954 0.5440 0.7117 0.7385
6.1300 0.8008 0.5255 0.6964 0.7238
6.1400 0.8042 0.5068 0.6809 0.7089
6.1500 0.8055 0.4877 0.6650 0.6936
6.1600 0.8047 0.4684 0.6489 0.6780
6.1700 0.8020 0.4489 0.6324 0.6620
6.1800 0.7973 0.4291 0.6156 0.6458
6.1900 0.7906 0.4091 0.5986 0.6293
6.2000 0.7820 0.3888 0.5812 0.6125
6.2100 0.7716 0.3684 0.5636 0.5954
6.2200 0.7595 0.3478 0.5457 0.5780
6.2300 0.7456 0.3270 0.5276 0.5604
6.2400 0.7302 0.3060 0.5092 0.5425
6.2500 0.7133 0.2849 0.4905 0.5244
6.2600 0.6950 0.2636 0.4716 0.5060
6.2700 0.6755 0.2422 0.4525 0.4874
6.2800 0.6548 0.2207 0.4332 0.4685
6.2900 0.6330 0.1991 0.4137 0.4494
6.3000 0.6104 0.1773 0.3940 0.4301
6.3100 0.5870 0.1555 0.3741 0.4106
6.3200 0.5629 0.1336 0.3540 0.3910
6.3300 0.5383 0.1117 0.3338 0.3711
6.3400 0.5134 0.0897 0.3134 0.3511
6.3500 0.4882 0.0678 0.2928 0.3309
6.3600 0.4629 0.0457 0.2721 0.3106
6.3700 0.4377 0.0237 0.2513 0.2901
6.3800 0.4125 0.0017 0.2304 0.2695
6.3900 0.3877 -0.0202 0.2094 0.2488
6.4000 0.3633 -0.0422 0.1883 0.2279
6.4100 0.3393 -0.0641 0.1671 0.2070
6.4200 0.3160 -0.0859 0.1459 0.1860
6.4300 0.2934 -0.1076 0.1246 0.1649
6.4400 0.2717 -0.1293 0.1032 0.1437
6.4500 0.2508 -0.1508 0.0818 0.1225
6.4600 0.2310 -0.1723 0.0604 0.1013
6.4700 0.2121 -0.1936 0.0390 0.0800
6.4800 0.1945 -0.2148 0.0176 0.0587
6.4900 0.1779 -0.2358 -0.0039 0.0373
6.5000 0.1627 -0.2567 -0.0253 0.0160
6.5100 0.1486 -0.2774 -0.0467 -0.0054
6.5200 0.1359 -0.2979 -0.0680 -0.0267
6.5300 0.1245 -0.3183 -0.0893 -0.0480
6.5400 0.1143 -0.3385 -0.1105 -0.0693
6.5500 0.1056 -0.3584 -0.1317 -0.0905
6.5600 0.0981 -0.3781 -0.1528 -0.1117
6.5700 0.0919 -0.3977 -0.1738 -0.1328
6.5800 0.0870 -0.4170 -0.1948 -0.1538
6.5900 0.0833 -0.4360 -0.2156 -0.1748
6.6000 0.0809 -0.4548 -0.2363 -0.1957
6.6100 0.0796 -0.4734 -0.2569 -0.2165
6.6200 0.0794 -0.4917 -0.2774 -0.2372
6.6300 0.0804 -0.5098 -0.2977 -0.2577
6.6400 0.0823 -0.5275 -0.3179 -0.2781
6.6500 0.0852 -0.5450 -0.3380 -0.2984
6.6600 0.0890 -0.5623 -0.3578 -0.3186
6.6700 0.0936 -0.5792 -0.3775 -0.3386
6.6800 0.0990 -0.5958 -0.3970 -0.3584
6.6900 0.1051 -0.6122 -0.4164 -0.3781
6.7000 0.1118 -0.6282 -0.4355 -0.3975
6.7100 0.1191 -0.6440 -0.4544 -0.4168
6.7200 0.1269 -0.6594 -0.4731 -0.4358
6.7300 0.1352 -0.6745 -0.4916 -0.4547
6.7400 0.1437 -0.6893 -0.5098 -0.4733
6.7500 0.1526 -0.7038 -0.5278 -0.4917
6.7600 0.1618 -0.7179 -0.5456 -0.5098
6.7700 0.1711 -0.7317 -0.5631 -0.5277
6.7800 0.1806 -0.7452 -0.5803 -0.5453
6.7900 0.1902 -0.7583 -0.5972 -0.5627
6.8000 0.1999 -0.7711 -0.6138 -0.5798
6.8100 0.2095 -0.7835 -0.6302 -0.5966
6.8200 0.2191 -0.7956 -0.6462 -0.6131
6.8300 0.2287 -0.8073 -0.6619 -0.6293
6.8400 0.2382 -0.8186 -0.6773 -0.6452
6.8500 0.2475 -0.8296 -0.6924 -0.6608
6.8600 0.2567 -0.8402 -0.7071 -0.6761
6.8700 0.2658 -0.8504 -0.7214 -0.6910
6.8800 0.2747 -0.8602 -0.7354 -0.7056
6.8900 0.2834 -0.8696 -0.7491 -0.7199
6.9000 0.2919 -0.8786 -0.7624 -0.7338
6.9100 0.3003 -0.8872 -0.7753 -0.7474
6.9200 0.3084 -0.8954 -0.7878 -0.7606
6.9300 0.3163 -0.9032 -0.7999 -0.7734
6.9400 0.3240 -0.9105 -0.8116 -0.7859
6.9500 0.3316 -0.9175 -0.8230 -0.7980
6.9600 0.3389 -0.9239 -0.8339 -0.8097
6.9700 0.3460 -0.9300 -0.8444 -0.8210
6.9800 0.3529 -0.9356 -0.8545 -0.8319
6.9900 0.3596 -0.9407 -0.8642 -0.8425
7.0000 0.3662 -0.9454 -0.8735 -0.8526
7.0100 0.3725 -0.9497 -0.8823 -0.8623
7.0200 0.3786 -0.9534 -0.8907 -0.8716
7.0300 0.3845 -0.9567 -0.8987 -0.8805
7.0400 0.3902 -0.9595 -0.9062 -0.8889
7.0500 0.3956 -0.9618 -0.9133 -0.8969
7.0600 0.4008 -0.9637 -0.9200 -0.9045
7.0700 0.4057 -0.9650 -0.9262 -0.9117
7.0800 0.4104 -0.9658 -0.9320 -0.9184
7.0900 0.4148 -0.9662 -0.9373 -0.9246
7.1000 0.4188 -0.9660 -0.9422 -0.9304
7.1100 0.4225 -0.9654 -0.9466 -0.9358
7.1200 0.4258 -0.9642 -0.9506 -0.9407
7.1300 0.4287 -0.9625 -0.9541 -0.9451
7.1400 0.4311 -0.9603 -0.9572 -0.9491
7.1500 0.4331 -0.9577 -0.9598 -0.9527
7.1600 0.4346 -0.9544 -0.9620 -0.9557
7.1700 0.4355 -0.9507 -0.9636 -0.9583
7.1800 0.4358 -0.9465 -0.9649 -0.9605
7.1900 0.4355 -0.9418 -0.9656 -0.9622
7.2000 0.4344 -0.9365 -0.9659 -0.9634
7.2100 0.4327 -0.9308 -0.9658 -0.9642
7.2200 0.4302 -0.9245 -0.9652 -0.9645
7.2300 0.4270 -0.9177 -0.9641 -0.9643
7.2400 0.4229 -0.9105 -0.9625 -0.9637
7.2500 0.4179 -0.9027 -0.9605 -0.9626
7.2600 0.4121 -0.8945 -0.9580 -0.9611
7.2700 0.4053 -0.8858 -0.9551 -0.9590
7.2800 0.3975 -0.8766 -0.9516 -0.9566
7.2900 0.3888 -0.8669 -0.9477 -0.9537
7.3000 0.3791 -0.8568 -0.9434 -0.9503
7.3100 0.3685 -0.8462 -0.9386 -0.9464
7.3200 0.3568 -0.8352 -0.9333 -0.9421
7.3300 0.3441 -0.8237 -0.9276 -0.9374
7.3400 0.3304 -0.8118 -0.9214 -0.9322
7.3500 0.3157 -0.7995 -0.9148 -0.9265
7.3600 0.3001 -0.7868 -0.9077 -0.9204
7.3700 0.2835 -0.7736 -0.9002 -0.9139
7.3800 0.2660 -0.7601 -0.8922 -0.9069
7.3900 0.2476 -0.7462 -0.8838 -0.8995
7.4000 0.2284 -0.7319 -0.8749 -0.8916
7.4100 0.2083 -0.7172 -0.8656 -0.8833
7.4200 0.1876 -0.7022 -0.8559 -0.8746
7.4300 0.1661 -0.6868 -0.8458 -0.8654
7.4400 0.1441 -0.6711 -0.8353 -0.8559
7.4500 0.1214 -0.6550 -0.8243 -0.8459
7.4600 0.0984 -0.6387 -0.8130 -0.8355
7.4700 0.0749 -0.6220 -0.8012 -0.8247
7.4800 0.0511 -0.6051 -0.7891 -0.8135
7.4900 0.0271 -0.5879 -0.7766 -0.8019
7.5000 0.0029 -0.5704 -0.7637 -0.7899
7.5100 -0.0213 -0.5526 -0.7505 -0.7775
7.5200 -0.0455 -0.5346 -0.7368 -0.7648
7.5300 -0.0696 -0.5163 -0.7229 -0.7517
7.5400 -0.0935 -0.4978 -0.7086 -0.7382
7.5500 -0.1171 -0.4791 -0.6939 -0.7244
7.5600 -0.1402 -0.4602 -0.6789 -0.7103
7.5700 -0.1629 -0.4411 -0.6636 -0.6957
7.5800 -0.1851 -0.4218 -0.6480 -0.6809
7.5900 -0.2066 -0.4023 -0.6321 -0.6657
7.6000 -0.2274 -0.3826 -0.6158 -0.6502
7.6100 -0.2475 -0.3628 -0.5993 -0.6344
7.6200 -0.2667 -0.3428 -0.5825 -0.6183
7.6300 -0.2850 -0.3226 -0.5654 -0.6019
7.6400 -0.3023 -0.3024 -0.5480 -0.5852
7.6500 -0.3187 -0.2819 -0.5304 -0.5682
7.6600 -0.3340 -0.2614 -0.5125 -0.5510
7.6700 -0.3482 -0.2408 -0.4944 -0.5335
7.6800 -0.3613 -0.2200 -0.4760 -0.5157
7.6900 -0.3734 -0.1991 -0.4574 -0.4976
7.7000 -0.3843 -0.1782 -0.4386 -0.4793
7.7100 -0.3941 -0.1572 -0.4195 -0.4608
7.7200 -0.4027 -0.1361 -0.4003 -0.4420
7.7300 -0.4103 -0.1149 -0.3808 -0.4231
7.7400 -0.4168 -0.0937 -0.3612 -0.4039
7.7500 -0.4222 -0.0724 -0.3414 -0.3845
7.7600 -0.4266 -0.0510 -0.3214 -0.3649
7.7700 -0.4301 -0.0297 -0.3012 -0.3452
7.7800 -0.4326 -0.0083 -0.2809 -0.3252
7.7900 -0.4343 0.0131 -0.2604 -0.3051
7.8000 -0.4352 0.0345 -0.2398 -0.2849
7.8100 -0.4353 0.0560 -0.2191 -0.2645
7.8200 -0.4347 0.0774 -0.1982 -0.2439
7.8300 -0.4336 0.0988 -0.1772 -0.2233
7.8400 -0.4319 0.1202 -0.1562 -0.2025
7.8500 -0.4298 0.1415 -0.1350 -0.1817
7.8600 -0.4273 0.1628 -0.1138 -0.1607
7.8700 -0.4246 0.1841 -0.0925 -0.1397
7.8800 -0.4217 0.2053 -0.0712 -0.1186
7.8900 -0.4186 0.2264 -0.0498 -0.0974
7.9000 -0.4155 0.2475 -0.0284 -0.0762
7.9100 -0.4125 0.2685 -0.0070 -0.0549
7.9200 -0.4095 0.2893 0.0145 -0.0336
7.9300 -0.4068 0.3101 0.0359 -0.0123
7.9400 -0.4044 0.3307 0.0573 0.0090
7.9500 -0.4022 0.3512 0.0788 0.0303
7.9600 -0.4005 0.3716 0.1001 0.0517
7.9700 -0.3992 0.3918 0.1215 0.0730
7.9800 -0.3985 0.4119 0.1427 0.0942
7.9900 -0.3982 0.4318 0.1639 0.1155
8.0000 -0.3986 0.4515 0.1851 0.1367
8.0100 -0.3996 0.4709 0.2061 0.1578
8.0200 -0.4012 0.4902 0.2270 0.1789
8.0300 -0.4035 0.5093 0.2479 0.1999
8.0400 -0.4065 0.5281 0.2686 0.2209
8.0500 -0.4102 0.5467 0.2892 0.2417
8.0600 -0.4146 0.5651 0.3096 0.2624
8.0700 -0.4196 0.5831 0.3300 0.2831
8.0800 -0.4254 0.6009 0.3501 0.3036
8.0900 -0.4318 0.6184 0.3701 0.3239
8.1000 -0.4388 0.6356 0.3899 0.3441
8.1100 -0.4464 0.6525 0.4096 0.3642
8.1200 -0.4546 0.6691 0.4290 0.3841
8.1300 -0.4634 0.6854 0.4483 0.4039
8.1400 -0.4726 0.7013 0.4674 0.4234
8.1500 -0.4822 0.7169 0.4862 0.4428
8.1600 -0.4923 0.7321 0.5048 0.4619
8.1700 -0.5027 0.7469 0.5232 0.4809
8.1800 -0.5134 0.7614 0.5414 0.4996
8.1900 -0.5243 0.7754 0.5593 0.5181
8.2000 -0.5354 0.7891 0.5770 0.5363
8.2100 -0.5466 0.8024 0.5944 0.5543
8.2200 -0.5579 0.8153 0.6116 0.5721
8.2300 -0.5692 0.8278 0.6284 0.5895
8.2400 -0.5804 0.8398 0.6450 0.6067
8.2500 -0.5915 0.8514 0.6613 0.6236
8.2600 -0.6024 0.8626 0.6773 0.6402
8.2700 -0.6131 0.8734 0.6930 0.6566
8.2800 -0.6236 0.8837 0.7084 0.6726
8.2900 -0.6337 0.8935 0.7235 0.6883
8.3000 -0.6435 0.9029 0.7382 0.7037
8.3100 -0.6529 0.9119 0.7526 0.7187
8.3200 -0.6619 0.9204 0.7667 0.7334
8.3300 -0.6704 0.9284 0.7804 0.7478
8.3400 -0.6784 0.9360 0.7937 0.7619
8.3500 -0.6859 0.9431 0.8067 0.7756
8.3600 -0.6928 0.9498 0.8193 0.7889
8.3700 -0.6992 0.9560 0.8315 0.8019
8.3800 -0.7050 0.9617 0.8434 0.8145
8.3900 -0.7103 0.9669 0.8548 0.8267
8.4000 -0.7149 0.9717 0.8659 0.8386
8.4100 -0.7189 0.9760 0.8765 0.8501
8.4200 -0.7223 0.9799 0.8867 0.8612
8.4300 -0.7251 0.9832 0.8965 0.8719
8.4400 -0.7274 0.9861 0.9058 0.8822
8.4500 -0.7290 0.9886 0.9148 0.8921
8.4600 -0.7300 0.9905 0.9233 0.9016
8.4700 -0.7304 0.9920 0.9313 0.9107
8.4800 -0.7302 0.9930 0.9389 0.9193
8.4900 -0.7295 0.9936 0.9461 0.9276
8.5000 -0.7282 0.9937 0.9528 0.9354
8.5100 -0.7263 0.9934 0.9591 0.9427
8.5200 -0.7239 0.9925 0.9649 0.9497
8.5300 -0.7209 0.9913 0.9702 0.9561
8.5400 -0.7173 0.9895 0.9751 0.9622
8.5500 -0.7132 0.9873 0.9795 0.9678
8.5600 -0.7086 0.9847 0.9835 0.9729
8.5700 -0.7033 0.9816 0.9870 0.9775
8.5800 -0.6976 0.9780 0.9900 0.9818
8.5900 -0.6912 0.9740 0.9926 0.9855
8.6000 -0.6843 0.9696 0.9947 0.9888
8.6100 -0.6768 0.9647 0.9963 0.9916
8.6200 -0.6687 0.9593 0.9975 0.9940
8.6300 -0.6600 0.9535 0.9982 0.9959
8.6400 -0.6507 0.9473 0.9984 0.9973
8.6500 -0.6407 0.9406 0.9982 0.9982
8.6600 -0.6301 0.9335 0.9975 0.9987
8.6700 -0.6187 0.9259 0.9964 0.9988
8.6800 -0.6067 0.9179 0.9948 0.9983
8.6900 -0.5939 0.9095 0.9927 0.9974
8.7000 -0.5803 0.9006 0.9902 0.9961
8.7100 -0.5660 0.8914 0.9872 0.9943
8.7200 -0.5509 0.8816 0.9838 0.9920
8.7300 -0.5349 0.8715 0.9799 0.9893
8.7400 -0.5181 0.8609 0.9755 0.9861
8.7500 -0.5004 0.8499 0.9707 0.9824
8.7600 -0.4819 0.8385 0.9655 0.9783
8.7700 -0.4624 0.8267 0.9598 0.9738
8.7800 -0.4421 0.8145 0.9537 0.9688
8.7900 -0.4208 0.8018 0.9471 0.9634
8.8000 -0.3987 0.7888 0.9401 0.9575
8.8100 -0.3756 0.7753 0.9326 0.9511
8.8200 -0.3517 0.7615 0.9247 0.9444
8.8300 -0.3268 0.7473 0.9164 0.9371
8.8400 -0.3011 0.7327 0.9077 0.9295
8.8500 -0.2746 0.7177 0.8985 0.9214
8.8600 -0.2472 0.7024 0.8889 0.9129
8.8700 -0.2191 0.6866 0.8788 0.9040
8.8800 -0.1903 0.6706 0.8684 0.8946
8.8900 -0.1608 0.6541 0.8575 0.8848
8.9000 -0.1307 0.6374 0.8463 0.8746
8.9100 -0.1000 0.6203 0.8346 0.8640
8.9200 -0.0688 0.6029 0.8225 0.8530
8.9300 -0.0373 0.5851 0.8101 0.8416
8.9400 -0.0054 0.5671 0.7972 0.8298
8.9500 0.0267 0.5487 0.7840 0.8176
8.9600 0.0589 0.5301 0.7704 0.8051
8.9700 0.0912 0.5112 0.7565 0.7921
8.9800 0.1234 0.4920 0.7421 0.7788
8.9900 0.1554 0.4726 0.7275 0.7651
9.0000 0.1871 0.4529 0.7125 0.7511
9.0100 0.2185 0.4330 0.6971 0.7368
9.0200 0.2493 0.4128 0.6815 0.7220
9.0300 0.2796 0.3925 0.6655 0.7070
9.0400 0.3090 0.3720 0.6492 0.6917
9.0500 0.3377 0.3512 0.6326 0.6760
9.0600 0.3654 0.3304 0.6157 0.6600
9.0700 0.3920 0.3093 0.5986 0.6437
9.0800 0.4174 0.2881 0.5811 0.6272
9.0900 0.4416 0.2668 0.5635 0.6103
9.1000 0.4643 0.2454 0.5455 0.5932
9.1100 0.4856 0.2238 0.5273 0.5758
9.1200 0.5053 0.2022 0.5089 0.5582
9.1300 0.5234 0.1804 0.4902 0.5403
9.1400 0.5397 0.1587 0.4714 0.5221
9.1500 0.5543 0.1368 0.4523 0.5037
9.1600 0.5670 0.1150 0.4330 0.4851
9.1700 0.5778 0.0931 0.4135 0.4663
9.1800 0.5866 0.0711 0.3939 0.4472
9.1900 0.5936 0.0492 0.3741 0.4279
9.2000 0.5985 0.0273 0.3541 0.4085
9.2100 0.6014 0.0054 0.3340 0.3888
9.2200 0.6024 -0.0164 0.3137 0.3690
9.2300 0.6013 -0.0382 0.2933 0.3490
9.2400 0.5983 -0.0600 0.2727 0.3288
9.2500 0.5934 -0.0817 0.2521 0.3085
9.2600 0.5867 -0.1033 0.2313 0.2880
9.2700 0.5781 -0.1248 0.2104 0.2675
9.2800 0.5677 -0.1462 0.1895 0.2467
9.2900 0.5557 -0.1675 0.1684 0.2259
9.3000 0.5420 -0.1887 0.1473 0.2050
9.3100 0.5269 -0.2098 0.1261 0.1840
9.3200 0.5103 -0.2307 0.1049 0.1629
9.3300 0.4925 -0.2515 0.0836 0.1417
9.3400 0.4734 -0.2721 0.0623 0.1205
9.3500 0.4533 -0.2926 0.0409 0.0992
9.3600 0.4323 -0.3129 0.0195 0.0779
9.3700 0.4104 -0.3330 -0.0019 0.0566
9.3800 0.3879 -0.3530 -0.0232 0.0352
9.3900 0.3648 -0.3727 -0.0446 0.0139
9.4000 0.3413 -0.3923 -0.0660 -0.0075
9.4100 0.3175 -0.4116 -0.0873 -0.0288
9.4200 0.2936 -0.4307 -0.1086 -0.0501
9.4300 0.2697 -0.4496 -0.1298 -0.0714
9.4400 0.2459 -0.4683 -0.1509 -0.0926
9.4500 0.2224 -0.4868 -0.1720 -0.1138
9.4600 0.1992 -0.5050 -0.1930 -0.1349
9.4700 0.1766 -0.5230 -0.2139 -0.1559
9.4800 0.1546 -0.5407 -0.2347 -0.1768
9.4900 0.1333 -0.5582 -0.2554 -0.1977
9.5000 0.1129 -0.5754 -0.2759 -0.2184
9.5100 0.0934 -0.5923 -0.2963 -0.2391
9.5200 0.0750 -0.6090 -0.3166 -0.2596
9.5300 0.0577 -0.6254 -0.3367 -0.2799
9.5400 0.0415 -0.6414 -0.3566 -0.3002
9.5500 0.0266 -0.6572 -0.3763 -0.3203
9.5600 0.0130 -0.6727 -0.3959 -0.3402
9.5700 0.0008 -0.6879 -0.4152 -0.3600
9.5800 -0.0101 -0.7028 -0.4343 -0.3796
9.5900 -0.0196 -0.7174 -0.4533 -0.3990
9.6000 -0.0276 -0.7316 -0.4719 -0.4182
9.6100 -0.0341 -0.7455 -0.4904 -0.4372
9.6200 -0.0393 -0.7591 -0.5086 -0.4560
9.6300 -0.0430 -0.7723 -0.5265 -0.4746
9.6400 -0.0452 -0.7851 -0.5442 -0.4929
9.6500 -0.0461 -0.7976 -0.5616 -0.5110
9.6600 -0.0456 -0.8097 -0.5787 -0.5289
9.6700 -0.0438 -0.8215 -0.5956 -0.5465
9.6800 -0.0407 -0.8328 -0.6121 -0.5638
9.6900 -0.0364 -0.8438 -0.6283 -0.5809
9.7000 -0.0309 -0.8543 -0.6443 -0.5976
9.7100 -0.0243 -0.8645 -0.6599 -0.6141
9.7200 -0.0167 -0.8742 -0.6752 -0.6303
9.7300 -0.0081 -0.8836 -0.6902 -0.6462
9.7400 0.0015 -0.8925 -0.7048 -0.6617
9.7500 0.0118 -0.9009 -0.7191 -0.6769
9.7600 0.0230 -0.9089 -0.7331 -0.6918
9.7700 0.0348 -0.9165 -0.7467 -0.7064
9.7800 0.0472 -0.9236 -0.7599 -0.7206
9.7900 0.0602 -0.9302 -0.7728 -0.7345
9.8000 0.0737 -0.9364 -0.7853 -0.7480
9.8100 0.0876 -0.9421 -0.7974 -0.7612
9.8200 0.1018 -0.9473 -0.8092 -0.7739
9.8300 0.1162 -0.9520 -0.8205 -0.7863
9.8400 0.1309 -0.9563 -0.8315 -0.7984
9.8500 0.1457 -0.9600 -0.8421 -0.8100
9.8600 0.1607 -0.9632 -0.8523 -0.8213
9.8700 0.1756 -0.9660 -0.8620 -0.8321
9.8800 0.1906 -0.9682 -0.8714 -0.8426
9.8900 0.2055 -0.9699 -0.8803 -0.8526
9.9000 0.2204 -0.9711 -0.8888 -0.8623
9.9100 0.2351 -0.9718 -0.8969 -0.8715
9.9200 0.2497 -0.9720 -0.9046 -0.8803
9.9300 0.2641 -0.9717 -0.9118 -0.8887
9.9400 0.2783 -0.9708 -0.9186 -0.8967
9.9500 0.2923 -0.9694 -0.9249 -0.9042
9.9600 0.3061 -0.9675 -0.9308 -0.9113
9.9700 0.3197 -0.9651 -0.9362 -0.9179
9.9800 0.3330 -0.9622 -0.9412 -0.9242
9.9900 0.3461 -0.9588 -0.9457 -0.9299
10.0000 0.3589 -0.9549 -0.9497 -0.9353
