 t	 x	 y	 z
0.0000 1.0000 1.0000 1.0000
0.0100 0.9988 0.9999 1.0000
0.0200 0.9952 0.9997 0.9999
0.0300 0.9892 0.9993 0.9998
0.0400 0.9809 0.9987 0.9996
0.0500 0.9703 0.9980 0.9994
0.0600 0.9575 0.9971 0.9992
0.0700 0.9425 0.9961 0.9989
0.0800 0.9255 0.9949 0.9985
0.0900 0.9066 0.9936 0.9981
0.1000 0.8858 0.9921 0.9977
0.1100 0.8634 0.9905 0.9972
0.1200 0.8394 0.9887 0.9967
0.1300 0.8140 0.9868 0.9962
0.1400 0.7873 0.9848 0.9956
0.1500 0.7595 0.9826 0.9950
0.1600 0.7308 0.9804 0.9944
0.1700 0.7013 0.9779 0.9937
0.1800 0.6711 0.9754 0.9930
0.1900 0.6405 0.9728 0.9923
0.2000 0.6096 0.9700 0.9916
0.2100 0.5785 0.9672 0.9908
0.2200 0.5475 0.9642 0.9901
0.2300 0.5166 0.9612 0.9893
0.2400 0.4859 0.9581 0.9885
0.2500 0.4557 0.9549 0.9877
0.2600 0.4260 0.9516 0.9868
0.2700 0.3970 0.9483 0.9860
0.2800 0.3688 0.9449 0.9852
0.2900 0.3414 0.9414 0.9844
0.3000 0.3150 0.9379 0.9836
0.3100 0.2895 0.9344 0.9827
0.3200 0.2652 0.9308 0.9819
0.3300 0.2420 0.9272 0.9811
0.3400 0.2199 0.9235 0.9803
0.3500 0.1991 0.9199 0.9796
0.3600 0.1795 0.9162 0.9788
0.3700 0.1611 0.9125 0.9781
0.3800 0.1439 0.9088 0.9773
0.3900 0.1279 0.9051 0.9766
0.4000 0.1131 0.9015 0.9759
0.4100 0.0995 0.8978 0.9753
0.4200 0.0871 0.8942 0.9746
0.4300 0.0757 0.8905 0.9740
0.4400 0.0653 0.8870 0.9734
0.4500 0.0560 0.8834 0.9728
0.4600 0.0476 0.8799 0.9723
0.4700 0.0401 0.8764 0.9717
0.4800 0.0334 0.8730 0.9712
0.4900 0.0275 0.8696 0.9708
0.5000 0.0223 0.8663 0.9703
0.5100 0.0177 0.8630 0.9699
0.5200 0.0137 0.8598 0.9695
0.5300 0.0103 0.8567 0.9691
0.5400 0.0073 0.8536 0.9688
0.5500 0.0047 0.8506 0.9684
0.5600 0.0025 0.8477 0.9681
0.5700 0.0006 0.8448 0.9678
0.5800 -0.0011 0.8420 0.9676
0.5900 -0.0025 0.8393 0.9673
0.6000 -0.0037 0.8366 0.9671
0.6100 -0.0047 0.8340 0.9668
0.6200 -0.0056 0.8315 0.9666
0.6300 -0.0065 0.8291 0.9664
0.6400 -0.0072 0.8267 0.9662
0.6500 -0.0079 0.8244 0.9661
0.6600 -0.0085 0.8222 0.9659
0.6700 -0.0092 0.8200 0.9657
0.6800 -0.0098 0.8179 0.9655
0.6900 -0.0103 0.8159 0.9654
0.7000 -0.0109 0.8139 0.9652
0.7100 -0.0115 0.8119 0.9650
0.7200 -0.0121 0.8100 0.9649
0.7300 -0.0127 0.8082 0.9647
0.7400 -0.0133 0.8064 0.9645
0.7500 -0.0139 0.8046 0.9643
0.7600 -0.0145 0.8028 0.9641
0.7700 -0.0151 0.8011 0.9638
0.7800 -0.0157 0.7994 0.9636
0.7900 -0.0163 0.7977 0.9633
0.8000 -0.0170 0.7961 0.9630
0.8100 -0.0176 0.7944 0.9627
0.8200 -0.0182 0.7927 0.9624
0.8300 -0.0188 0.7910 0.9621
0.8400 -0.0195 0.7893 0.9617
0.8500 -0.0201 0.7875 0.9613
0.8600 -0.0207 0.7858 0.9609
0.8700 -0.0213 0.7840 0.9605
0.8800 -0.0219 0.7821 0.9600
0.8900 -0.0225 0.7802 0.9596
0.9000 -0.0231 0.7783 0.9591
0.9100 -0.0237 0.7762 0.9585
0.9200 -0.0242 0.7741 0.9580
0.9300 -0.0247 0.7720 0.9574
0.9400 -0.0251 0.7697 0.9568
0.9500 -0.0254 0.7673 0.9562
0.9600 -0.0256 0.7649 0.9556
0.9700 -0.0258 0.7623 0.9549
0.9800 -0.0258 0.7596 0.9543
0.9900 -0.0256 0.7568 0.9536
1.0000 -0.0252 0.7539 0.9529
1.0100 -0.0246 0.7508 0.9522
1.0200 -0.0238 0.7476 0.9515
1.0300 -0.0226 0.7443 0.9507
1.0400 -0.0211 0.7408 0.9500
1.0500 -0.0192 0.7371 0.9492
1.0600 -0.0169 0.7333 0.9485
1.0700 -0.0141 0.7293 0.9478
1.0800 -0.0108 0.7252 0.9470
1.0900 -0.0070 0.7208 0.9463
1.1000 -0.0025 0.7163 0.9456
1.1100 0.0026 0.7116 0.9449
1.1200 0.0084 0.7067 0.9441
1.1300 0.0149 0.7017 0.9435
1.1400 0.0222 0.6964 0.9428
1.1500 0.0303 0.6909 0.9421
1.1600 0.0392 0.6852 0.9415
1.1700 0.0489 0.6793 0.9409
1.1800 0.0595 0.6733 0.9404
1.1900 0.0710 0.6670 0.9398
1.2000 0.0834 0.6605 0.9393
1.2100 0.0967 0.6538 0.9389
1.2200 0.1108 0.6469 0.9384
1.2300 0.1258 0.6398 0.9380
1.2400 0.1416 0.6324 0.9377
1.2500 0.1582 0.6249 0.9374
1.2600 0.1756 0.6172 0.9371
1.2700 0.1937 0.6093 0.9369
1.2800 0.2124 0.6012 0.9368
1.2900 0.2318 0.5929 0.9367
1.3000 0.2516 0.5844 0.9366
1.3100 0.2719 0.5757 0.9367
1.3200 0.2925 0.5669 0.9367
1.3300 0.3134 0.5578 0.9368
1.3400 0.3345 0.5486 0.9370
1.3500 0.3556 0.5393 0.9372
1.3600 0.3767 0.5298 0.9375
1.3700 0.3976 0.5201 0.9379
1.3800 0.4183 0.5103 0.9383
1.3900 0.4385 0.5004 0.9388
1.4000 0.4583 0.4903 0.9393
1.4100 0.4775 0.4802 0.9398
1.4200 0.4960 0.4699 0.9405
1.4300 0.5136 0.4595 0.9412
1.4400 0.5304 0.4490 0.9419
1.4500 0.5461 0.4385 0.9427
1.4600 0.5607 0.4279 0.9435
1.4700 0.5741 0.4172 0.9444
1.4800 0.5863 0.4065 0.9454
1.4900 0.5971 0.3957 0.9464
1.5000 0.6065 0.3849 0.9474
1.5100 0.6145 0.3741 0.9484
1.5200 0.6210 0.3633 0.9496
1.5300 0.6260 0.3525 0.9507
1.5400 0.6295 0.3417 0.9519
1.5500 0.6314 0.3309 0.9531
1.5600 0.6317 0.3202 0.9543
1.5700 0.6306 0.3095 0.9556
1.5800 0.6280 0.2988 0.9568
1.5900 0.6239 0.2883 0.9581
1.6000 0.6183 0.2778 0.9595
1.6100 0.6115 0.2674 0.9608
1.6200 0.6033 0.2571 0.9621
1.6300 0.5939 0.2469 0.9635
1.6400 0.5834 0.2369 0.9648
1.6500 0.5718 0.2269 0.9662
1.6600 0.5593 0.2172 0.9675
1.6700 0.5459 0.2075 0.9689
1.6800 0.5318 0.1981 0.9702
1.6900 0.5170 0.1888 0.9715
1.7000 0.5017 0.1796 0.9728
1.7100 0.4860 0.1707 0.9741
1.7200 0.4699 0.1620 0.9754
1.7300 0.4536 0.1535 0.9767
1.7400 0.4373 0.1452 0.9779
1.7500 0.4209 0.1371 0.9791
1.7600 0.4046 0.1292 0.9803
1.7700 0.3885 0.1216 0.9814
1.7800 0.3727 0.1142 0.9826
1.7900 0.3573 0.1071 0.9836
1.8000 0.3423 0.1003 0.9847
1.8100 0.3278 0.0937 0.9857
1.8200 0.3139 0.0873 0.9867
1.8300 0.3007 0.0813 0.9876
1.8400 0.2881 0.0755 0.9885
1.8500 0.2763 0.0700 0.9894
1.8600 0.2652 0.0647 0.9902
1.8700 0.2549 0.0598 0.9909
1.8800 0.2454 0.0551 0.9917
1.8900 0.2367 0.0508 0.9923
1.9000 0.2288 0.0467 0.9930
1.9100 0.2217 0.0429 0.9936
1.9200 0.2155 0.0394 0.9942
1.9300 0.2100 0.0362 0.9947
1.9400 0.2052 0.0333 0.9951
1.9500 0.2012 0.0307 0.9956
1.9600 0.1979 0.0283 0.9960
1.9700 0.1952 0.0263 0.9963
1.9800 0.1932 0.0245 0.9967
1.9900 0.1917 0.0230 0.9969
2.0000 0.1908 0.0218 0.9972
2.0100 0.1904 0.0208 0.9974
2.0200 0.1905 0.0201 0.9976
2.0300 0.1910 0.0196 0.9978
2.0400 0.1919 0.0194 0.9979
2.0500 0.1931 0.0194 0.9980
2.0600 0.1946 0.0197 0.9981
2.0700 0.1964 0.0202 0.9981
2.0800 0.1985 0.0208 0.9981
2.0900 0.2007 0.0217 0.9982
2.1000 0.2032 0.0228 0.9981
2.1100 0.2058 0.0241 0.9981
2.1200 0.2085 0.0256 0.9981
2.1300 0.2113 0.0272 0.9980
2.1400 0.2143 0.0290 0.9980
2.1500 0.2173 0.0310 0.9979
2.1600 0.2204 0.0331 0.9978
2.1700 0.2236 0.0353 0.9977
2.1800 0.2269 0.0376 0.9976
2.1900 0.2302 0.0400 0.9975
2.2000 0.2335 0.0425 0.9974
2.2100 0.2369 0.0451 0.9973
2.2200 0.2404 0.0478 0.9972
2.2300 0.2439 0.0505 0.9971
2.2400 0.2474 0.0533 0.9970
2.2500 0.2511 0.0561 0.9968
2.2600 0.2547 0.0589 0.9967
2.2700 0.2585 0.0618 0.9966
2.2800 0.2623 0.0646 0.9965
2.2900 0.2661 0.0675 0.9964
2.3000 0.2700 0.0703 0.9963
2.3100 0.2740 0.0731 0.9962
2.3200 0.2780 0.0758 0.9961
2.3300 0.2820 0.0785 0.9960
2.3400 0.2861 0.0811 0.9960
2.3500 0.2903 0.0837 0.9959
2.3600 0.2945 0.0862 0.9958
2.3700 0.2987 0.0885 0.9957
2.3800 0.3029 0.0908 0.9956
2.3900 0.3071 0.0930 0.9955
2.4000 0.3114 0.0950 0.9954
2.4100 0.3157 0.0969 0.9953
2.4200 0.3200 0.0987 0.9952
2.4300 0.3243 0.1003 0.9951
2.4400 0.3286 0.1017 0.9949
2.4500 0.3329 0.1030 0.9948
2.4600 0.3372 0.1042 0.9946
2.4700 0.3416 0.1051 0.9945
2.4800 0.3460 0.1059 0.9943
2.4900 0.3504 0.1065 0.9941
2.5000 0.3549 0.1069 0.9939
2.5100 0.3595 0.1071 0.9937
2.5200 0.3642 0.1070 0.9934
2.5300 0.3691 0.1068 0.9931
2.5400 0.3740 0.1064 0.9928
2.5500 0.3792 0.1058 0.9925
2.5600 0.3846 0.1049 0.9921
2.5700 0.3903 0.1039 0.9918
2.5800 0.3963 0.1026 0.9913
2.5900 0.4026 0.1011 0.9909
2.6000 0.4092 0.0994 0.9904
2.6100 0.4163 0.0975 0.9899
2.6200 0.4239 0.0954 0.9893
2.6300 0.4320 0.0930 0.9887
2.6400 0.4405 0.0905 0.9881
2.6500 0.4497 0.0877 0.9875
2.6600 0.4595 0.0848 0.9868
2.6700 0.4698 0.0816 0.9860
2.6800 0.4809 0.0783 0.9852
2.6900 0.4926 0.0748 0.9844
2.7000 0.5050 0.0711 0.9836
2.7100 0.5181 0.0672 0.9827
2.7200 0.5319 0.0631 0.9818
2.7300 0.5463 0.0589 0.9808
2.7400 0.5614 0.0546 0.9798
2.7500 0.5772 0.0501 0.9788
2.7600 0.5936 0.0455 0.9777
2.7700 0.6105 0.0407 0.9766
2.7800 0.6279 0.0359 0.9754
2.7900 0.6458 0.0309 0.9743
2.8000 0.6640 0.0259 0.9731
2.8100 0.6826 0.0207 0.9719
2.8200 0.7013 0.0155 0.9706
2.8300 0.7201 0.0103 0.9694
2.8400 0.7390 0.0050 0.9681
2.8500 0.7577 -0.0004 0.9668
2.8600 0.7762 -0.0057 0.9654
2.8700 0.7943 -0.0111 0.9641
2.8800 0.8120 -0.0165 0.9628
2.8900 0.8290 -0.0219 0.9614
2.9000 0.8453 -0.0272 0.9601
2.9100 0.8607 -0.0325 0.9587
2.9200 0.8750 -0.0378 0.9573
2.9300 0.8882 -0.0430 0.9560
2.9400 0.9001 -0.0481 0.9547
2.9500 0.9106 -0.0531 0.9533
2.9600 0.9195 -0.0581 0.9520
2.9700 0.9268 -0.0629 0.9507
2.9800 0.9323 -0.0676 0.9494
2.9900 0.9359 -0.0722 0.9482
3.0000 0.9375 -0.0767 0.9469
3.0100 0.9371 -0.0809 0.9457
3.0200 0.9346 -0.0851 0.9446
3.0300 0.9299 -0.0890 0.9434
3.0400 0.9229 -0.0928 0.9423
3.0500 0.9137 -0.0963 0.9413
3.0600 0.9023 -0.0997 0.9402
3.0700 0.8886 -0.1028 0.9393
3.0800 0.8726 -0.1057 0.9383
3.0900 0.8545 -0.1084 0.9375
3.1000 0.8341 -0.1108 0.9367
3.1100 0.8116 -0.1129 0.9359
3.1200 0.7871 -0.1148 0.9352
3.1300 0.7607 -0.1165 0.9345
3.1400 0.7323 -0.1178 0.9339
3.1500 0.7023 -0.1189 0.9334
3.1600 0.6706 -0.1197 0.9329
3.1700 0.6375 -0.1202 0.9325
3.1800 0.6030 -0.1204 0.9321
3.1900 0.5674 -0.1202 0.9318
3.2000 0.5307 -0.1198 0.9316
3.2100 0.4932 -0.1190 0.9314
3.2200 0.4550 -0.1180 0.9313
3.2300 0.4163 -0.1166 0.9313
3.2400 0.3773 -0.1149 0.9313
3.2500 0.3382 -0.1128 0.9314
3.2600 0.2991 -0.1104 0.9316
3.2700 0.2601 -0.1077 0.9318
3.2800 0.2216 -0.1047 0.9321
3.2900 0.1835 -0.1013 0.9324
3.3000 0.1462 -0.0977 0.9328
3.3100 0.1097 -0.0936 0.9332
3.3200 0.0741 -0.0893 0.9337
3.3300 0.0397 -0.0847 0.9342
3.3400 0.0065 -0.0797 0.9348
3.3500 -0.0254 -0.0744 0.9355
3.3600 -0.0558 -0.0688 0.9362
3.3700 -0.0847 -0.0629 0.9369
3.3800 -0.1121 -0.0567 0.9377
3.3900 -0.1378 -0.0502 0.9385
3.4000 -0.1618 -0.0435 0.9393
3.4100 -0.1840 -0.0364 0.9402
3.4200 -0.2045 -0.0291 0.9411
3.4300 -0.2233 -0.0216 0.9420
3.4400 -0.2403 -0.0137 0.9429
3.4500 -0.2556 -0.0057 0.9439
3.4600 -0.2692 0.0026 0.9449
3.4700 -0.2810 0.0112 0.9459
3.4800 -0.2913 0.0199 0.9469
3.4900 -0.3000 0.0288 0.9479
3.5000 -0.3071 0.0380 0.9489
3.5100 -0.3128 0.0473 0.9500
3.5200 -0.3172 0.0568 0.9510
3.5300 -0.3202 0.0664 0.9520
3.5400 -0.3221 0.0762 0.9530
3.5500 -0.3228 0.0862 0.9541
3.5600 -0.3224 0.0962 0.9551
3.5700 -0.3211 0.1064 0.9561
3.5800 -0.3190 0.1167 0.9570
3.5900 -0.3161 0.1271 0.9580
3.6000 -0.3125 0.1375 0.9590
3.6100 -0.3083 0.1480 0.9599
3.6200 -0.3036 0.1586 0.9608
3.6300 -0.2984 0.1692 0.9617
3.6400 -0.2929 0.1799 0.9625
3.6500 -0.2871 0.1905 0.9634
3.6600 -0.2811 0.2012 0.9642
3.6700 -0.2749 0.2119 0.9650
3.6800 -0.2686 0.2225 0.9658
3.6900 -0.2622 0.2332 0.9665
3.7000 -0.2558 0.2438 0.9672
3.7100 -0.2495 0.2543 0.9679
3.7200 -0.2432 0.2648 0.9685
3.7300 -0.2371 0.2752 0.9691
3.7400 -0.2310 0.2856 0.9697
3.7500 -0.2252 0.2958 0.9703
3.7600 -0.2195 0.3060 0.9708
3.7700 -0.2140 0.3160 0.9714
3.7800 -0.2087 0.3260 0.9719
3.7900 -0.2036 0.3358 0.9723
3.8000 -0.1987 0.3455 0.9728
3.8100 -0.1940 0.3550 0.9732
3.8200 -0.1896 0.3644 0.9736
3.8300 -0.1854 0.3736 0.9740
3.8400 -0.1814 0.3827 0.9743
3.8500 -0.1777 0.3915 0.9747
3.8600 -0.1741 0.4003 0.9750
3.8700 -0.1708 0.4088 0.9753
3.8800 -0.1677 0.4171 0.9756
3.8900 -0.1648 0.4253 0.9759
3.9000 -0.1621 0.4332 0.9762
3.9100 -0.1596 0.4410 0.9765
3.9200 -0.1572 0.4486 0.9768
3.9300 -0.1551 0.4559 0.9771
3.9400 -0.1530 0.4630 0.9773
3.9500 -0.1512 0.4700 0.9776
3.9600 -0.1495 0.4767 0.9779
3.9700 -0.1479 0.4832 0.9782
3.9800 -0.1464 0.4895 0.9785
3.9900 -0.1450 0.4955 0.9788
4.0000 -0.1436 0.5014 0.9791
4.0100 -0.1424 0.5070 0.9794
4.0200 -0.1411 0.5125 0.9797
4.0300 -0.1399 0.5177 0.9800
4.0400 -0.1386 0.5227 0.9804
4.0500 -0.1373 0.5276 0.9807
4.0600 -0.1358 0.5322 0.9811
4.0700 -0.1343 0.5366 0.9815
4.0800 -0.1326 0.5408 0.9819
4.0900 -0.1306 0.5449 0.9823
4.1000 -0.1285 0.5488 0.9827
4.1100 -0.1260 0.5525 0.9831
4.1200 -0.1232 0.5560 0.9836
4.1300 -0.1200 0.5594 0.9841
4.1400 -0.1163 0.5626 0.9845
4.1500 -0.1122 0.5656 0.9850
4.1600 -0.1075 0.5686 0.9856
4.1700 -0.1022 0.5713 0.9861
4.1800 -0.0962 0.5740 0.9866
4.1900 -0.0896 0.5765 0.9872
4.2000 -0.0822 0.5790 0.9877
4.2100 -0.0741 0.5813 0.9883
4.2200 -0.0651 0.5835 0.9888
4.2300 -0.0552 0.5856 0.9894
4.2400 -0.0445 0.5877 0.9900
4.2500 -0.0328 0.5897 0.9906
4.2600 -0.0202 0.5916 0.9911
4.2700 -0.0066 0.5934 0.9917
4.2800 0.0079 0.5953 0.9923
4.2900 0.0234 0.5970 0.9928
4.3000 0.0399 0.5988 0.9934
4.3100 0.0573 0.6005 0.9939
4.3200 0.0756 0.6022 0.9945
4.3300 0.0948 0.6039 0.9950
4.3400 0.1148 0.6056 0.9955
4.3500 0.1356 0.6073 0.9960
4.3600 0.1572 0.6090 0.9964
4.3700 0.1795 0.6108 0.9969
4.3800 0.2023 0.6126 0.9973
4.3900 0.2257 0.6144 0.9977
4.4000 0.2495 0.6163 0.9980
4.4100 0.2736 0.6182 0.9983
4.4200 0.2980 0.6201 0.9986
4.4300 0.3225 0.6222 0.9989
4.4400 0.3471 0.6243 0.9991
4.4500 0.3716 0.6265 0.9993
4.4600 0.3959 0.6287 0.9994
4.4700 0.4198 0.6311 0.9996
4.4800 0.4434 0.6335 0.9996
4.4900 0.4664 0.6361 0.9996
4.5000 0.4888 0.6387 0.9996
4.5100 0.5104 0.6415 0.9995
4.5200 0.5312 0.6443 0.9994
4.5300 0.5510 0.6473 0.9993
4.5400 0.5697 0.6504 0.9991
4.5500 0.5873 0.6536 0.9988
4.5600 0.6037 0.6569 0.9985
4.5700 0.6188 0.6603 0.9982
4.5800 0.6326 0.6639 0.9978
4.5900 0.6449 0.6675 0.9973
4.6000 0.6558 0.6713 0.9969
4.6100 0.6652 0.6753 0.9963
4.6200 0.6731 0.6793 0.9958
4.6300 0.6794 0.6835 0.9952
4.6400 0.6843 0.6877 0.9945
4.6500 0.6877 0.6922 0.9938
4.6600 0.6896 0.6967 0.9931
4.6700 0.6900 0.7013 0.9923
4.6800 0.6890 0.7061 0.9915
4.6900 0.6867 0.7109 0.9907
4.7000 0.6831 0.7159 0.9899
4.7100 0.6783 0.7210 0.9890
4.7200 0.6723 0.7261 0.9881
4.7300 0.6652 0.7314 0.9871
4.7400 0.6572 0.7368 0.9862
4.7500 0.6484 0.7422 0.9852
4.7600 0.6387 0.7477 0.9842
4.7700 0.6284 0.7533 0.9832
4.7800 0.6176 0.7590 0.9822
4.7900 0.6062 0.7647 0.9811
4.8000 0.5946 0.7705 0.9801
4.8100 0.5826 0.7763 0.9791
4.8200 0.5706 0.7822 0.9780
4.8300 0.5585 0.7881 0.9770
4.8400 0.5464 0.7941 0.9760
4.8500 0.5345 0.8000 0.9749
4.8600 0.5229 0.8060 0.9739
4.8700 0.5116 0.8120 0.9729
4.8800 0.5006 0.8180 0.9719
4.8900 0.4901 0.8240 0.9710
4.9000 0.4802 0.8300 0.9700
4.9100 0.4708 0.8359 0.9691
4.9200 0.4621 0.8419 0.9682
4.9300 0.4540 0.8478 0.9673
4.9400 0.4466 0.8536 0.9665
4.9500 0.4399 0.8594 0.9656
4.9600 0.4340 0.8652 0.9648
4.9700 0.4288 0.8709 0.9641
4.9800 0.4244 0.8765 0.9633
4.9900 0.4206 0.8821 0.9626
5.0000 0.4177 0.8876 0.9620
5.0100 0.4154 0.8930 0.9613
5.0200 0.4138 0.8983 0.9607
5.0300 0.4128 0.9035 0.9602
5.0400 0.4125 0.9085 0.9597
5.0500 0.4128 0.9135 0.9592
5.0600 0.4136 0.9184 0.9587
5.0700 0.4149 0.9231 0.9583
5.0800 0.4167 0.9278 0.9579
5.0900 0.4190 0.9322 0.9576
5.1000 0.4216 0.9366 0.9573
5.1100 0.4246 0.9408 0.9570
5.1200 0.4279 0.9449 0.9568
5.1300 0.4315 0.9488 0.9566
5.1400 0.4353 0.9526 0.9564
5.1500 0.4394 0.9562 0.9562
5.1600 0.4436 0.9597 0.9561
5.1700 0.4479 0.9630 0.9560
5.1800 0.4524 0.9662 0.9560
5.1900 0.4570 0.9691 0.9559
5.2000 0.4616 0.9720 0.9559
5.2100 0.4663 0.9746 0.9559
5.2200 0.4711 0.9771 0.9559
5.2300 0.4759 0.9795 0.9559
5.2400 0.4807 0.9817 0.9559
5.2500 0.4855 0.9837 0.9560
5.2600 0.4903 0.9855 0.9560
5.2700 0.4952 0.9872 0.9561
5.2800 0.5000 0.9887 0.9562
5.2900 0.5049 0.9901 0.9562
5.3000 0.5097 0.9913 0.9563
5.3100 0.5146 0.9923 0.9564
5.3200 0.5194 0.9932 0.9564
5.3300 0.5243 0.9939 0.9565
5.3400 0.5292 0.9945 0.9566
5.3500 0.5341 0.9950 0.9566
5.3600 0.5390 0.9953 0.9566
5.3700 0.5439 0.9954 0.9566
5.3800 0.5487 0.9955 0.9566
5.3900 0.5536 0.9954 0.9566
5.4000 0.5585 0.9951 0.9566
5.4100 0.5633 0.9948 0.9566
5.4200 0.5682 0.9943 0.9565
5.4300 0.5729 0.9937 0.9564
5.4400 0.5777 0.9931 0.9563
5.4500 0.5824 0.9923 0.9562
5.4600 0.5870 0.9914 0.9561
5.4700 0.5915 0.9904 0.9559
5.4800 0.5959 0.9894 0.9557
5.4900 0.6002 0.9882 0.9555
5.5000 0.6044 0.9870 0.9553
5.5100 0.6084 0.9858 0.9551
5.5200 0.6124 0.9844 0.9548
5.5300 0.6161 0.9830 0.9545
5.5400 0.6197 0.9816 0.9542
5.5500 0.6232 0.9801 0.9539
5.5600 0.6265 0.9785 0.9536
5.5700 0.6296 0.9770 0.9532
5.5800 0.6326 0.9754 0.9528
5.5900 0.6354 0.9737 0.9525
5.6000 0.6381 0.9721 0.9521
5.6100 0.6406 0.9704 0.9517
5.6200 0.6431 0.9687 0.9513
5.6300 0.6454 0.9671 0.9509
5.6400 0.6477 0.9654 0.9505
5.6500 0.6499 0.9637 0.9501
5.6600 0.6521 0.9620 0.9497
5.6700 0.6543 0.9603 0.9493
5.6800 0.6566 0.9587 0.9489
5.6900 0.6589 0.9570 0.9485
5.7000 0.6613 0.9554 0.9481
5.7100 0.6638 0.9538 0.9477
5.7200 0.6664 0.9522 0.9474
5.7300 0.6693 0.9507 0.9471
5.7400 0.6724 0.9492 0.9468
5.7500 0.6756 0.9477 0.9465
5.7600 0.6792 0.9462 0.9462
5.7700 0.6830 0.9448 0.9460
5.7800 0.6870 0.9434 0.9458
5.7900 0.6914 0.9420 0.9456
5.8000 0.6960 0.9407 0.9455
5.8100 0.7009 0.9394 0.9454
5.8200 0.7060 0.9382 0.9453
5.8300 0.7114 0.9370 0.9453
5.8400 0.7170 0.9358 0.9453
5.8500 0.7228 0.9347 0.9454
5.8600 0.7287 0.9336 0.9455
5.8700 0.7346 0.9325 0.9456
5.8800 0.7406 0.9314 0.9458
5.8900 0.7466 0.9304 0.9460
5.9000 0.7524 0.9294 0.9463
5.9100 0.7580 0.9284 0.9467
5.9200 0.7634 0.9274 0.9470
5.9300 0.7684 0.9264 0.9475
5.9400 0.7729 0.9255 0.9479
5.9500 0.7768 0.9245 0.9485
5.9600 0.7800 0.9236 0.9490
5.9700 0.7825 0.9226 0.9496
5.9800 0.7841 0.9216 0.9503
5.9900 0.7846 0.9207 0.9510
6.0000 0.7841 0.9196 0.9518
6.0100 0.7824 0.9186 0.9526
6.0200 0.7793 0.9176 0.9534
6.0300 0.7749 0.9165 0.9543
6.0400 0.7689 0.9153 0.9552
6.0500 0.7614 0.9141 0.9562
6.0600 0.7522 0.9129 0.9571
6.0700 0.7413 0.9116 0.9582
6.0800 0.7286 0.9102 0.9592
6.0900 0.7140 0.9088 0.9603
6.1000 0.6976 0.9072 0.9614
6.1100 0.6793 0.9056 0.9625
6.1200 0.6591 0.9039 0.9637
6.1300 0.6370 0.9021 0.9649
6.1400 0.6131 0.9002 0.9661
6.1500 0.5873 0.8982 0.9673
6.1600 0.5596 0.8961 0.9685
6.1700 0.5303 0.8938 0.9697
6.1800 0.4992 0.8914 0.9709
6.1900 0.4666 0.8889 0.9721
6.2000 0.4325 0.8863 0.9734
6.2100 0.3970 0.8835 0.9746
6.2200 0.3603 0.8806 0.9758
6.2300 0.3224 0.8775 0.9770
6.2400 0.2836 0.8742 0.9782
6.2500 0.2440 0.8708 0.9794
6.2600 0.2036 0.8673 0.9805
6.2700 0.1628 0.8635 0.9817
6.2800 0.1217 0.8596 0.9828
6.2900 0.0805 0.8555 0.9839
6.3000 0.0392 0.8513 0.9849
6.3100 -0.0018 0.8468 0.9860
6.3200 -0.0424 0.8422 0.9870
6.3300 -0.0825 0.8374 0.9879
6.3400 -0.1219 0.8324 0.9889
6.3500 -0.1603 0.8272 0.9898
6.3600 -0.1977 0.8218 0.9906
6.3700 -0.2339 0.8162 0.9915
6.3800 -0.2687 0.8105 0.9922
6.3900 -0.3020 0.8045 0.9930
6.4000 -0.3337 0.7984 0.9937
6.4100 -0.3636 0.7920 0.9943
6.4200 -0.3917 0.7855 0.9949
6.4300 -0.4179 0.7788 0.9955
6.4400 -0.4421 0.7719 0.9960
6.4500 -0.4643 0.7648 0.9965
6.4600 -0.4843 0.7576 0.9969
6.4700 -0.5022 0.7501 0.9973
6.4800 -0.5179 0.7425 0.9977
6.4900 -0.5315 0.7347 0.9980
6.5000 -0.5430 0.7268 0.9982
6.5100 -0.5523 0.7186 0.9985
6.5200 -0.5595 0.7104 0.9986
6.5300 -0.5647 0.7019 0.9988
6.5400 -0.5679 0.6934 0.9989
6.5500 -0.5692 0.6847 0.9989
6.5600 -0.5686 0.6758 0.9990
6.5700 -0.5663 0.6668 0.9990
6.5800 -0.5624 0.6577 0.9989
6.5900 -0.5569 0.6485 0.9988
6.6000 -0.5499 0.6392 0.9987
6.6100 -0.5416 0.6298 0.9986
6.6200 -0.5321 0.6203 0.9985
6.6300 -0.5215 0.6108 0.9983
6.6400 -0.5099 0.6011 0.9981
6.6500 -0.4974 0.5914 0.9979
6.6600 -0.4842 0.5816 0.9976
6.6700 -0.4703 0.5718 0.9974
6.6800 -0.4559 0.5620 0.9971
6.6900 -0.4411 0.5521 0.9968
6.7000 -0.4260 0.5423 0.9965
6.7100 -0.4107 0.5324 0.9962
6.7200 -0.3952 0.5225 0.9959
6.7300 -0.3798 0.5127 0.9956
6.7400 -0.3644 0.5028 0.9953
6.7500 -0.3491 0.4930 0.9950
6.7600 -0.3341 0.4833 0.9947
6.7700 -0.3193 0.4736 0.9943
6.7800 -0.3048 0.4639 0.9940
6.7900 -0.2908 0.4544 0.9937
6.8000 -0.2771 0.4449 0.9934
6.8100 -0.2639 0.4355 0.9931
6.8200 -0.2512 0.4262 0.9928
6.8300 -0.2391 0.4171 0.9925
6.8400 -0.2275 0.4080 0.9922
6.8500 -0.2164 0.3991 0.9919
6.8600 -0.2059 0.3903 0.9916
6.8700 -0.1960 0.3817 0.9913
6.8800 -0.1866 0.3732 0.9911
6.8900 -0.1778 0.3649 0.9908
6.9000 -0.1696 0.3568 0.9905
6.9100 -0.1620 0.3488 0.9903
6.9200 -0.1549 0.3410 0.9900
6.9300 -0.1484 0.3334 0.9898
6.9400 -0.1424 0.3260 0.9895
6.9500 -0.1369 0.3188 0.9893
6.9600 -0.1319 0.3117 0.9891
6.9700 -0.1273 0.3049 0.9888
6.9800 -0.1233 0.2984 0.9886
6.9900 -0.1196 0.2920 0.9884
7.0000 -0.1164 0.2859 0.9881
7.0100 -0.1136 0.2799 0.9879
7.0200 -0.1111 0.2742 0.9876
7.0300 -0.1090 0.2688 0.9874
7.0400 -0.1071 0.2635 0.9871
7.0500 -0.1056 0.2585 0.9868
7.0600 -0.1043 0.2538 0.9865
7.0700 -0.1033 0.2493 0.9862
7.0800 -0.1024 0.2450 0.9859
7.0900 -0.1017 0.2409 0.9856
7.1000 -0.1011 0.2371 0.9852
7.1100 -0.1006 0.2335 0.9849
7.1200 -0.1001 0.2301 0.9845
7.1300 -0.0996 0.2270 0.9840
7.1400 -0.0991 0.2241 0.9836
7.1500 -0.0985 0.2214 0.9831
7.1600 -0.0977 0.2190 0.9826
7.1700 -0.0968 0.2167 0.9821
7.1800 -0.0955 0.2147 0.9816
7.1900 -0.0940 0.2129 0.9810
7.2000 -0.0921 0.2112 0.9804
7.2100 -0.0898 0.2098 0.9797
7.2200 -0.0870 0.2086 0.9791
7.2300 -0.0837 0.2075 0.9784
7.2400 -0.0798 0.2066 0.9776
7.2500 -0.0752 0.2059 0.9769
7.2600 -0.0700 0.2053 0.9761
7.2700 -0.0640 0.2049 0.9752
7.2800 -0.0571 0.2047 0.9743
7.2900 -0.0494 0.2045 0.9734
7.3000 -0.0409 0.2045 0.9725
7.3100 -0.0313 0.2046 0.9715
7.3200 -0.0208 0.2048 0.9706
7.3300 -0.0093 0.2051 0.9695
7.3400 0.0032 0.2055 0.9685
7.3500 0.0167 0.2060 0.9674
7.3600 0.0313 0.2065 0.9663
7.3700 0.0470 0.2071 0.9652
7.3800 0.0637 0.2077 0.9640
7.3900 0.0814 0.2083 0.9629
7.4000 0.1001 0.2090 0.9617
7.4100 0.1197 0.2096 0.9605
7.4200 0.1403 0.2103 0.9593
7.4300 0.1618 0.2110 0.9581
7.4400 0.1841 0.2116 0.9568
7.4500 0.2071 0.2122 0.9556
7.4600 0.2308 0.2127 0.9544
7.4700 0.2551 0.2132 0.9532
7.4800 0.2799 0.2137 0.9519
7.4900 0.3051 0.2140 0.9507
7.5000 0.3307 0.2143 0.9495
7.5100 0.3564 0.2145 0.9483
7.5200 0.3822 0.2145 0.9471
7.5300 0.4080 0.2145 0.9459
7.5400 0.4336 0.2143 0.9448
7.5500 0.4590 0.2140 0.9437
7.5600 0.4840 0.2136 0.9426
7.5700 0.5086 0.2130 0.9415
7.5800 0.5325 0.2123 0.9405
7.5900 0.5558 0.2114 0.9395
7.6000 0.5782 0.2103 0.9385
7.6100 0.5997 0.2091 0.9376
7.6200 0.6201 0.2077 0.9367
7.6300 0.6395 0.2061 0.9359
7.6400 0.6577 0.2043 0.9351
7.6500 0.6746 0.2023 0.9343
7.6600 0.6902 0.2002 0.9337
7.6700 0.7044 0.1978 0.9330
7.6800 0.7171 0.1952 0.9325
7.6900 0.7284 0.1924 0.9320
7.7000 0.7383 0.1895 0.9315
7.7100 0.7466 0.1863 0.9311
7.7200 0.7534 0.1829 0.9308
7.7300 0.7587 0.1792 0.9305
7.7400 0.7625 0.1754 0.9303
7.7500 0.7649 0.1714 0.9302
7.7600 0.7659 0.1671 0.9301
7.7700 0.7656 0.1627 0.9301
7.7800 0.7639 0.1580 0.9301
7.7900 0.7611 0.1531 0.9303
7.8000 0.7571 0.1481 0.9304
7.8100 0.7520 0.1428 0.9307
7.8200 0.7459 0.1374 0.9310
7.8300 0.7390 0.1317 0.9314
7.8400 0.7313 0.1259 0.9318
7.8500 0.7228 0.1199 0.9323
7.8600 0.7139 0.1137 0.9328
7.8700 0.7044 0.1073 0.9334
7.8800 0.6946 0.1008 0.9341
7.8900 0.6845 0.0942 0.9348
7.9000 0.6742 0.0874 0.9356
7.9100 0.6639 0.0804 0.9364
7.9200 0.6535 0.0734 0.9372
7.9300 0.6434 0.0662 0.9381
7.9400 0.6334 0.0589 0.9391
7.9500 0.6237 0.0515 0.9400
7.9600 0.6144 0.0440 0.9411
7.9700 0.6055 0.0365 0.9421
7.9800 0.5971 0.0289 0.9432
7.9900 0.5892 0.0212 0.9443
8.0000 0.5819 0.0135 0.9454
8.0100 0.5752 0.0058 0.9466
8.0200 0.5692 -0.0019 0.9478
8.0300 0.5639 -0.0097 0.9489
8.0400 0.5592 -0.0174 0.9501
8.0500 0.5553 -0.0251 0.9513
8.0600 0.5520 -0.0328 0.9526
8.0700 0.5495 -0.0404 0.9538
8.0800 0.5476 -0.0480 0.9550
8.0900 0.5463 -0.0555 0.9562
8.1000 0.5457 -0.0629 0.9574
8.1100 0.5457 -0.0702 0.9586
8.1200 0.5463 -0.0774 0.9598
8.1300 0.5474 -0.0845 0.9610
8.1400 0.5490 -0.0914 0.9622
8.1500 0.5511 -0.0982 0.9634
8.1600 0.5536 -0.1048 0.9645
8.1700 0.5564 -0.1113 0.9656
8.1800 0.5596 -0.1175 0.9667
8.1900 0.5632 -0.1236 0.9678
8.2000 0.5669 -0.1295 0.9688
8.2100 0.5709 -0.1351 0.9698
8.2200 0.5751 -0.1405 0.9708
8.2300 0.5795 -0.1457 0.9718
8.2400 0.5839 -0.1507 0.9727
8.2500 0.5885 -0.1553 0.9736
8.2600 0.5931 -0.1597 0.9745
8.2700 0.5977 -0.1639 0.9753
8.2800 0.6024 -0.1677 0.9761
8.2900 0.6071 -0.1713 0.9769
8.3000 0.6118 -0.1746 0.9776
8.3100 0.6164 -0.1776 0.9783
8.3200 0.6210 -0.1802 0.9790
8.3300 0.6256 -0.1826 0.9796
8.3400 0.6302 -0.1846 0.9802
8.3500 0.6347 -0.1863 0.9808
8.3600 0.6391 -0.1877 0.9814
8.3700 0.6435 -0.1887 0.9819
8.3800 0.6479 -0.1894 0.9824
8.3900 0.6522 -0.1898 0.9828
8.4000 0.6564 -0.1898 0.9833
8.4100 0.6606 -0.1895 0.9837
8.4200 0.6647 -0.1889 0.9841
8.4300 0.6688 -0.1879 0.9845
8.4400 0.6729 -0.1865 0.9848
8.4500 0.6768 -0.1848 0.9851
8.4600 0.6807 -0.1828 0.9855
8.4700 0.6845 -0.1804 0.9858
8.4800 0.6883 -0.1777 0.9861
8.4900 0.6919 -0.1747 0.9863
8.5000 0.6954 -0.1713 0.9866
8.5100 0.6988 -0.1676 0.9869
8.5200 0.7021 -0.1636 0.9871
8.5300 0.7052 -0.1592 0.9874
8.5400 0.7081 -0.1546 0.9876
8.5500 0.7109 -0.1496 0.9878
8.5600 0.7134 -0.1443 0.9881
8.5700 0.7158 -0.1388 0.9883
8.5800 0.7178 -0.1329 0.9885
8.5900 0.7196 -0.1268 0.9888
8.6000 0.7212 -0.1204 0.9890
8.6100 0.7224 -0.1137 0.9893
8.6200 0.7234 -0.1068 0.9895
8.6300 0.7240 -0.0996 0.9898
8.6400 0.7243 -0.0922 0.9900
8.6500 0.7243 -0.0846 0.9903
8.6600 0.7239 -0.0768 0.9906
8.6700 0.7232 -0.0687 0.9909
8.6800 0.7222 -0.0605 0.9911
8.6900 0.7209 -0.0521 0.9914
8.7000 0.7192 -0.0436 0.9917
8.7100 0.7172 -0.0349 0.9920
8.7200 0.7150 -0.0260 0.9923
8.7300 0.7125 -0.0170 0.9927
8.7400 0.7097 -0.0079 0.9930
8.7500 0.7067 0.0013 0.9933
8.7600 0.7035 0.0106 0.9936
8.7700 0.7001 0.0199 0.9940
8.7800 0.6966 0.0293 0.9943
8.7900 0.6930 0.0388 0.9946
8.8000 0.6892 0.0483 0.9949
8.8100 0.6854 0.0579 0.9953
8.8200 0.6816 0.0674 0.9956
8.8300 0.6777 0.0770 0.9959
8.8400 0.6739 0.0865 0.9962
8.8500 0.6701 0.0961 0.9965
8.8600 0.6663 0.1055 0.9968
8.8700 0.6626 0.1150 0.9970
8.8800 0.6590 0.1244 0.9973
8.8900 0.6554 0.1337 0.9975
8.9000 0.6519 0.1429 0.9977
8.9100 0.6484 0.1521 0.9979
8.9200 0.6449 0.1611 0.9981
8.9300 0.6415 0.1701 0.9982
8.9400 0.6381 0.1789 0.9983
8.9500 0.6346 0.1876 0.9984
8.9600 0.6310 0.1962 0.9985
8.9700 0.6273 0.2046 0.9985
8.9800 0.6234 0.2129 0.9985
8.9900 0.6192 0.2210 0.9985
9.0000 0.6147 0.2289 0.9984
9.0100 0.6098 0.2367 0.9983
9.0200 0.6044 0.2443 0.9981
9.0300 0.5986 0.2518 0.9979
9.0400 0.5920 0.2590 0.9977
9.0500 0.5848 0.2660 0.9974
9.0600 0.5768 0.2729 0.9971
9.0700 0.5680 0.2795 0.9967
9.0800 0.5582 0.2860 0.9963
9.0900 0.5473 0.2922 0.9959
9.1000 0.5354 0.2982 0.9954
9.1100 0.5223 0.3040 0.9949
9.1200 0.5080 0.3097 0.9943
9.1300 0.4924 0.3150 0.9937
9.1400 0.4754 0.3202 0.9930
9.1500 0.4571 0.3252 0.9923
9.1600 0.4373 0.3300 0.9916
9.1700 0.4161 0.3345 0.9908
9.1800 0.3935 0.3388 0.9899
9.1900 0.3694 0.3430 0.9891
9.2000 0.3439 0.3469 0.9882
9.2100 0.3169 0.3506 0.9873
9.2200 0.2886 0.3542 0.9863
9.2300 0.2590 0.3575 0.9853
9.2400 0.2281 0.3607 0.9843
9.2500 0.1960 0.3636 0.9832
9.2600 0.1628 0.3664 0.9821
9.2700 0.1286 0.3690 0.9810
9.2800 0.0935 0.3715 0.9799
9.2900 0.0576 0.3737 0.9788
9.3000 0.0211 0.3759 0.9776
9.3100 -0.0159 0.3779 0.9765
9.3200 -0.0533 0.3797 0.9753
9.3300 -0.0909 0.3814 0.9741
9.3400 -0.1285 0.3830 0.9729
9.3500 -0.1660 0.3845 0.9717
9.3600 -0.2032 0.3859 0.9705
9.3700 -0.2399 0.3872 0.9693
9.3800 -0.2760 0.3884 0.9682
9.3900 -0.3114 0.3895 0.9670
9.4000 -0.3457 0.3906 0.9658
9.4100 -0.3790 0.3916 0.9647
9.4200 -0.4109 0.3925 0.9636
9.4300 -0.4415 0.3934 0.9625
9.4400 -0.4705 0.3943 0.9614
9.4500 -0.4977 0.3952 0.9603
9.4600 -0.5232 0.3961 0.9593
9.4700 -0.5467 0.3969 0.9583
9.4800 -0.5682 0.3978 0.9573
9.4900 -0.5875 0.3987 0.9564
9.5000 -0.6047 0.3996 0.9555
9.5100 -0.6196 0.4006 0.9546
9.5200 -0.6323 0.4016 0.9538
9.5300 -0.6426 0.4026 0.9530
9.5400 -0.6505 0.4038 0.9523
9.5500 -0.6561 0.4050 0.9516
9.5600 -0.6594 0.4063 0.9509
9.5700 -0.6604 0.4077 0.9503
9.5800 -0.6592 0.4091 0.9497
9.5900 -0.6557 0.4107 0.9492
9.6000 -0.6501 0.4124 0.9488
9.6100 -0.6425 0.4142 0.9483
9.6200 -0.6329 0.4162 0.9480
9.6300 -0.6214 0.4183 0.9476
9.6400 -0.6082 0.4205 0.9473
9.6500 -0.5934 0.4228 0.9471
9.6600 -0.5771 0.4253 0.9469
9.6700 -0.5594 0.4280 0.9468
9.6800 -0.5404 0.4308 0.9466
9.6900 -0.5203 0.4338 0.9466
9.7000 -0.4993 0.4369 0.9466
9.7100 -0.4775 0.4402 0.9466
9.7200 -0.4550 0.4437 0.9466
9.7300 -0.4319 0.4473 0.9467
9.7400 -0.4084 0.4512 0.9468
9.7500 -0.3847 0.4552 0.9470
9.7600 -0.3608 0.4593 0.9472
9.7700 -0.3369 0.4637 0.9474
9.7800 -0.3131 0.4682 0.9476
9.7900 -0.2895 0.4729 0.9479
9.8000 -0.2663 0.4778 0.9482
9.8100 -0.2434 0.4829 0.9485
9.8200 -0.2211 0.4882 0.9488
9.8300 -0.1993 0.4936 0.9491
9.8400 -0.1782 0.4992 0.9495
9.8500 -0.1579 0.5049 0.9499
9.8600 -0.1383 0.5109 0.9502
9.8700 -0.1195 0.5169 0.9506
9.8800 -0.1016 0.5232 0.9510
9.8900 -0.0847 0.5296 0.9514
9.9000 -0.0686 0.5362 0.9518
9.9100 -0.0535 0.5429 0.9521
9.9200 -0.0394 0.5497 0.9525
9.9300 -0.0263 0.5567 0.9529
9.9400 -0.0141 0.5638 0.9532
9.9500 -0.0028 0.5710 0.9536
9.9600 0.0075 0.5784 0.9539
9.9700 0.0168 0.5858 0.9543
9.9800 0.0252 0.5934 0.9546
9.9900 0.0328 0.6011 0.9549
10.0000 0.0395 0.6088 0.9551
