 t	 x	 y	 z	 w
0.0000 -0.0000 0.0000 -0.0000 -0.0000
0.0100 0.0212 0.0029 0.0022 0.0017
0.0200 0.0670 0.0098 0.0074 0.0059
0.0300 0.1264 0.0198 0.0149 0.0120
0.0400 0.1929 0.0321 0.0243 0.0195
0.0500 0.2620 0.0465 0.0353 0.0284
0.0600 0.3300 0.0626 0.0476 0.0383
0.0700 0.3943 0.0801 0.0610 0.0490
0.0800 0.4529 0.0987 0.0753 0.0604
0.0900 0.5047 0.1183 0.0904 0.0724
0.1000 0.5492 0.1387 0.1061 0.0848
0.1100 0.5862 0.1597 0.1222 0.0975
0.1200 0.6160 0.1811 0.1387 0.1103
0.1300 0.6394 0.2029 0.1554 0.1232
0.1400 0.6571 0.2248 0.1722 0.1361
0.1500 0.6700 0.2467 0.1890 0.1488
0.1600 0.6790 0.2686 0.2058 0.1613
0.1700 0.6851 0.2904 0.2224 0.1736
0.1800 0.6889 0.3119 0.2388 0.1855
0.1900 0.6911 0.3331 0.2549 0.1969
0.2000 0.6923 0.3539 0.2707 0.2079
0.2100 0.6927 0.3742 0.2861 0.2184
0.2200 0.6927 0.3940 0.3010 0.2283
0.2300 0.6925 0.4133 0.3155 0.2376
0.2400 0.6921 0.4319 0.3295 0.2463
0.2500 0.6918 0.4500 0.3429 0.2543
0.2600 0.6914 0.4673 0.3558 0.2616
0.2700 0.6911 0.4840 0.3681 0.2682
0.2800 0.6909 0.4999 0.3797 0.2741
0.2900 0.6907 0.5151 0.3908 0.2792
0.3000 0.6905 0.5296 0.4012 0.2837
0.3100 0.6903 0.5433 0.4110 0.2874
0.3200 0.6902 0.5563 0.4201 0.2904
0.3300 0.6900 0.5686 0.4287 0.2927
0.3400 0.6899 0.5801 0.4366 0.2943
0.3500 0.6898 0.5908 0.4439 0.2952
0.3600 0.6897 0.6009 0.4505 0.2954
0.3700 0.6896 0.6103 0.4566 0.2950
0.3800 0.6895 0.6189 0.4621 0.2939
0.3900 0.6895 0.6269 0.4670 0.2922
0.4000 0.6894 0.6343 0.4714 0.2899
0.4100 0.6893 0.6410 0.4752 0.2870
0.4200 0.6892 0.6472 0.4786 0.2835
0.4300 0.6892 0.6528 0.4814 0.2796
0.4400 0.6891 0.6578 0.4838 0.2751
0.4500 0.6890 0.6624 0.4857 0.2701
0.4600 0.6890 0.6664 0.4871 0.2648
0.4700 0.6890 0.6701 0.4881 0.2590
0.4800 0.6889 0.6733 0.4887 0.2528
0.4900 0.6889 0.6762 0.4890 0.2464
0.5000 0.6889 0.6787 0.4888 0.2397
0.5100 0.6889 0.6809 0.4882 0.2327
0.5200 0.6889 0.6828 0.4874 0.2255
0.5300 0.6889 0.6844 0.4861 0.2182
0.5400 0.6889 0.6858 0.4846 0.2108
0.5500 0.6889 0.6870 0.4827 0.2033
0.5600 0.6890 0.6881 0.4805 0.1958
0.5700 0.6890 0.6890 0.4780 0.1883
0.5800 0.6891 0.6897 0.4752 0.1808
0.5900 0.6891 0.6903 0.4722 0.1734
0.6000 0.6892 0.6908 0.4689 0.1661
0.6100 0.6892 0.6912 0.4653 0.1589
0.6200 0.6893 0.6916 0.4615 0.1519
0.6300 0.6894 0.6919 0.4575 0.1450
0.6400 0.6895 0.6921 0.4533 0.1383
0.6500 0.6896 0.6923 0.4489 0.1318
0.6600 0.6897 0.6925 0.4443 0.1256
0.6700 0.6898 0.6926 0.4395 0.1195
0.6800 0.6899 0.6927 0.4346 0.1136
0.6900 0.6900 0.6928 0.4295 0.1080
0.7000 0.6901 0.6928 0.4243 0.1027
0.7100 0.6902 0.6929 0.4190 0.0975
0.7200 0.6903 0.6929 0.4135 0.0926
0.7300 0.6904 0.6929 0.4080 0.0879
0.7400 0.6905 0.6929 0.4023 0.0834
0.7500 0.6906 0.6929 0.3965 0.0791
0.7600 0.6907 0.6929 0.3906 0.0750
0.7700 0.6908 0.6929 0.3846 0.0710
0.7800 0.6909 0.6929 0.3784 0.0672
0.7900 0.6910 0.6929 0.3721 0.0636
0.8000 0.6911 0.6928 0.3656 0.0601
0.8100 0.6911 0.6928 0.3590 0.0567
0.8200 0.6912 0.6927 0.3523 0.0535
0.8300 0.6913 0.6926 0.3453 0.0504
0.8400 0.6914 0.6925 0.3382 0.0475
0.8500 0.6914 0.6924 0.3308 0.0447
0.8600 0.6915 0.6922 0.3232 0.0422
0.8700 0.6915 0.6920 0.3154 0.0400
0.8800 0.6916 0.6917 0.3073 0.0380
0.8900 0.6916 0.6913 0.2990 0.0364
0.9000 0.6917 0.6909 0.2904 0.0351
0.9100 0.6917 0.6904 0.2816 0.0343
0.9200 0.6918 0.6898 0.2725 0.0340
0.9300 0.6918 0.6891 0.2631 0.0342
0.9400 0.6918 0.6882 0.2535 0.0350
0.9500 0.6918 0.6872 0.2436 0.0364
0.9600 0.6919 0.6860 0.2334 0.0385
0.9700 0.6919 0.6847 0.2230 0.0412
0.9800 0.6919 0.6831 0.2124 0.0446
0.9900 0.6919 0.6813 0.2015 0.0487
1.0000 0.6919 0.6793 0.1905 0.0534
1.0100 0.6920 0.6770 0.1792 0.0589
1.0200 0.6920 0.6743 0.1678 0.0650
1.0300 0.6920 0.6714 0.1562 0.0717
1.0400 0.6920 0.6682 0.1446 0.0790
1.0500 0.6920 0.6645 0.1329 0.0869
1.0600 0.6921 0.6605 0.1212 0.0953
1.0700 0.6921 0.6561 0.1095 0.1042
1.0800 0.6921 0.6512 0.0979 0.1135
1.0900 0.6921 0.6459 0.0865 0.1232
1.1000 0.6922 0.6401 0.0754 0.1332
1.1100 0.6922 0.6339 0.0646 0.1434
1.1200 0.6923 0.6270 0.0543 0.1539
1.1300 0.6923 0.6197 0.0445 0.1644
1.1400 0.6923 0.6118 0.0355 0.1751
1.1500 0.6924 0.6033 0.0275 0.1857
1.1600 0.6925 0.5941 0.0205 0.1963
1.1700 0.6925 0.5844 0.0149 0.2068
1.1800 0.6926 0.5741 0.0110 0.2172
1.1900 0.6926 0.5630 0.0092 0.2273
1.2000 0.6927 0.5514 0.0096 0.2371
1.2100 0.6927 0.5390 0.0125 0.2466
1.2200 0.6928 0.5260 0.0174 0.2557
1.2300 0.6929 0.5123 0.0242 0.2645
1.2400 0.6929 0.4979 0.0327 0.2728
1.2500 0.6930 0.4828 0.0426 0.2805
1.2600 0.6930 0.4671 0.0538 0.2878
1.2700 0.6931 0.4507 0.0661 0.2945
1.2800 0.6931 0.4336 0.0795 0.3005
1.2900 0.6931 0.4160 0.0937 0.3060
1.3000 0.6931 0.3977 0.1086 0.3108
1.3100 0.6931 0.3789 0.1243 0.3148
1.3200 0.6931 0.3596 0.1404 0.3182
1.3300 0.6931 0.3398 0.1570 0.3209
1.3400 0.6930 0.3197 0.1740 0.3227
1.3500 0.6929 0.2992 0.1912 0.3239
1.3600 0.6928 0.2784 0.2086 0.3242
1.3700 0.6926 0.2575 0.2261 0.3238
1.3800 0.6923 0.2365 0.2437 0.3226
1.3900 0.6919 0.2155 0.2611 0.3206
1.4000 0.6915 0.1947 0.2784 0.3178
1.4100 0.6909 0.1741 0.2956 0.3142
1.4200 0.6901 0.1539 0.3124 0.3098
1.4300 0.6892 0.1343 0.3290 0.3046
1.4400 0.6882 0.1153 0.3451 0.2987
1.4500 0.6869 0.0972 0.3609 0.2920
1.4600 0.6856 0.0802 0.3761 0.2845
1.4700 0.6841 0.0645 0.3908 0.2763
1.4800 0.6826 0.0503 0.4050 0.2674
1.4900 0.6810 0.0379 0.4185 0.2578
1.5000 0.6795 0.0278 0.4315 0.2475
1.5100 0.6781 0.0202 0.4438 0.2367
1.5200 0.6768 0.0158 0.4554 0.2252
1.5300 0.6758 0.0150 0.4663 0.2132
1.5400 0.6751 0.0179 0.4766 0.2007
1.5500 0.6747 0.0242 0.4862 0.1879
1.5600 0.6746 0.0333 0.4950 0.1747
1.5700 0.6749 0.0448 0.5032 0.1612
1.5800 0.6755 0.0583 0.5107 0.1476
1.5900 0.6764 0.0736 0.5175 0.1339
1.6000 0.6775 0.0903 0.5237 0.1202
1.6100 0.6787 0.1082 0.5292 0.1066
1.6200 0.6801 0.1271 0.5341 0.0932
1.6300 0.6815 0.1469 0.5383 0.0802
1.6400 0.6829 0.1673 0.5419 0.0677
1.6500 0.6842 0.1883 0.5449 0.0557
1.6600 0.6855 0.2097 0.5474 0.0445
1.6700 0.6867 0.2313 0.5492 0.0341
1.6800 0.6877 0.2532 0.5505 0.0247
1.6900 0.6886 0.2750 0.5512 0.0166
1.7000 0.6894 0.2969 0.5513 0.0098
1.7100 0.6901 0.3185 0.5509 0.0047
1.7200 0.6907 0.3400 0.5499 0.0016
1.7300 0.6911 0.3612 0.5484 0.0012
1.7400 0.6915 0.3819 0.5463 0.0036
1.7500 0.6918 0.4023 0.5436 0.0080
1.7600 0.6920 0.4221 0.5404 0.0141
1.7700 0.6922 0.4413 0.5367 0.0215
1.7800 0.6924 0.4599 0.5323 0.0299
1.7900 0.6925 0.4779 0.5274 0.0392
1.8000 0.6925 0.4951 0.5220 0.0492
1.8100 0.6925 0.5116 0.5159 0.0597
1.8200 0.6925 0.5274 0.5093 0.0706
1.8300 0.6925 0.5423 0.5022 0.0818
1.8400 0.6924 0.5565 0.4944 0.0931
1.8500 0.6923 0.5698 0.4862 0.1044
1.8600 0.6922 0.5823 0.4774 0.1157
1.8700 0.6921 0.5939 0.4681 0.1269
1.8800 0.6919 0.6048 0.4582 0.1378
1.8900 0.6917 0.6148 0.4479 0.1485
1.9000 0.6914 0.6241 0.4371 0.1589
1.9100 0.6912 0.6326 0.4259 0.1688
1.9200 0.6909 0.6403 0.4143 0.1783
1.9300 0.6906 0.6474 0.4023 0.1874
1.9400 0.6902 0.6537 0.3900 0.1959
1.9500 0.6899 0.6594 0.3774 0.2039
1.9600 0.6897 0.6645 0.3645 0.2114
1.9700 0.6894 0.6690 0.3513 0.2183
1.9800 0.6892 0.6729 0.3380 0.2246
1.9900 0.6890 0.6764 0.3245 0.2304
2.0000 0.6889 0.6794 0.3109 0.2355
2.0100 0.6888 0.6820 0.2972 0.2400
2.0200 0.6888 0.6842 0.2835 0.2440
2.0300 0.6889 0.6861 0.2698 0.2474
2.0400 0.6891 0.6876 0.2561 0.2502
2.0500 0.6893 0.6889 0.2425 0.2524
2.0600 0.6895 0.6900 0.2291 0.2541
2.0700 0.6898 0.6908 0.2158 0.2553
2.0800 0.6902 0.6915 0.2027 0.2560
2.0900 0.6905 0.6920 0.1899 0.2562
2.1000 0.6909 0.6924 0.1774 0.2560
2.1100 0.6913 0.6927 0.1652 0.2553
2.1200 0.6916 0.6929 0.1534 0.2543
2.1300 0.6920 0.6930 0.1420 0.2529
2.1400 0.6923 0.6931 0.1311 0.2512
2.1500 0.6925 0.6931 0.1206 0.2491
2.1600 0.6927 0.6931 0.1107 0.2468
2.1700 0.6928 0.6931 0.1013 0.2442
2.1800 0.6928 0.6931 0.0926 0.2414
2.1900 0.6928 0.6930 0.0844 0.2384
2.2000 0.6927 0.6930 0.0769 0.2352
2.2100 0.6926 0.6930 0.0700 0.2319
2.2200 0.6924 0.6930 0.0638 0.2284
2.2300 0.6921 0.6930 0.0583 0.2248
2.2400 0.6918 0.6930 0.0536 0.2212
2.2500 0.6915 0.6930 0.0495 0.2174
2.2600 0.6911 0.6930 0.0462 0.2136
2.2700 0.6908 0.6931 0.0437 0.2098
2.2800 0.6905 0.6931 0.0419 0.2060
2.2900 0.6902 0.6931 0.0409 0.2022
2.3000 0.6900 0.6931 0.0406 0.1984
2.3100 0.6899 0.6931 0.0411 0.1945
2.3200 0.6898 0.6930 0.0423 0.1907
2.3300 0.6898 0.6929 0.0442 0.1869
2.3400 0.6899 0.6928 0.0468 0.1831
2.3500 0.6901 0.6926 0.0501 0.1792
2.3600 0.6904 0.6923 0.0539 0.1753
2.3700 0.6907 0.6920 0.0584 0.1714
2.3800 0.6911 0.6915 0.0635 0.1674
2.3900 0.6915 0.6910 0.0692 0.1633
2.4000 0.6919 0.6903 0.0754 0.1591
2.4100 0.6922 0.6895 0.0821 0.1548
2.4200 0.6925 0.6886 0.0893 0.1503
2.4300 0.6927 0.6876 0.0969 0.1457
2.4400 0.6928 0.6864 0.1051 0.1409
2.4500 0.6928 0.6850 0.1136 0.1359
2.4600 0.6926 0.6834 0.1226 0.1307
2.4700 0.6923 0.6817 0.1320 0.1254
2.4800 0.6918 0.6798 0.1418 0.1198
2.4900 0.6913 0.6776 0.1519 0.1141
2.5000 0.6906 0.6753 0.1623 0.1082
2.5100 0.6899 0.6727 0.1731 0.1021
2.5200 0.6892 0.6699 0.1842 0.0958
2.5300 0.6885 0.6668 0.1955 0.0894
2.5400 0.6879 0.6635 0.2071 0.0829
2.5500 0.6874 0.6599 0.2190 0.0763
2.5600 0.6870 0.6560 0.2310 0.0697
2.5700 0.6867 0.6519 0.2432 0.0630
2.5800 0.6867 0.6474 0.2556 0.0565
2.5900 0.6867 0.6425 0.2681 0.0500
2.6000 0.6870 0.6374 0.2807 0.0437
2.6100 0.6873 0.6318 0.2933 0.0377
2.6200 0.6877 0.6259 0.3060 0.0321
2.6300 0.6882 0.6196 0.3187 0.0270
2.6400 0.6888 0.6128 0.3313 0.0226
2.6500 0.6893 0.6056 0.3439 0.0190
2.6600 0.6897 0.5980 0.3563 0.0163
2.6700 0.6901 0.5898 0.3685 0.0148
2.6800 0.6904 0.5811 0.3806 0.0146
2.6900 0.6907 0.5719 0.3924 0.0157
2.7000 0.6908 0.5622 0.4040 0.0183
2.7100 0.6909 0.5519 0.4152 0.0222
2.7200 0.6908 0.5409 0.4261 0.0273
2.7300 0.6906 0.5294 0.4367 0.0335
2.7400 0.6903 0.5173 0.4468 0.0408
2.7500 0.6898 0.5045 0.4565 0.0490
2.7600 0.6891 0.4911 0.4658 0.0581
2.7700 0.6882 0.4771 0.4745 0.0679
2.7800 0.6870 0.4624 0.4829 0.0784
2.7900 0.6854 0.4472 0.4907 0.0895
2.8000 0.6836 0.4313 0.4980 0.1011
2.8100 0.6813 0.4148 0.5048 0.1131
2.8200 0.6787 0.3977 0.5112 0.1254
2.8300 0.6756 0.3801 0.5169 0.1379
2.8400 0.6720 0.3620 0.5222 0.1506
2.8500 0.6679 0.3434 0.5269 0.1633
2.8600 0.6633 0.3244 0.5312 0.1761
2.8700 0.6580 0.3051 0.5348 0.1887
2.8800 0.6519 0.2854 0.5380 0.2012
2.8900 0.6449 0.2654 0.5406 0.2135
2.9000 0.6367 0.2453 0.5427 0.2254
2.9100 0.6271 0.2252 0.5443 0.2370
2.9200 0.6159 0.2050 0.5453 0.2481
2.9300 0.6026 0.1849 0.5458 0.2588
2.9400 0.5869 0.1650 0.5457 0.2689
2.9500 0.5687 0.1455 0.5451 0.2784
2.9600 0.5476 0.1264 0.5439 0.2874
2.9700 0.5236 0.1079 0.5421 0.2957
2.9800 0.4968 0.0902 0.5397 0.3033
2.9900 0.4676 0.0734 0.5367 0.3103
3.0000 0.4368 0.0577 0.5331 0.3165
3.0100 0.4056 0.0434 0.5289 0.3219
3.0200 0.3757 0.0307 0.5241 0.3266
3.0300 0.3491 0.0200 0.5185 0.3305
3.0400 0.3283 0.0117 0.5124 0.3337
3.0500 0.3156 0.0065 0.5055 0.3360
3.0600 0.3131 0.0051 0.4980 0.3375
3.0700 0.3217 0.0080 0.4898 0.3382
3.0800 0.3414 0.0146 0.4809 0.3381
3.0900 0.3707 0.0242 0.4713 0.3372
3.1000 0.4074 0.0361 0.4610 0.3354
3.1100 0.4488 0.0501 0.4501 0.3328
3.1200 0.4919 0.0659 0.4385 0.3293
3.1300 0.5342 0.0832 0.4262 0.3251
3.1400 0.5735 0.1018 0.4133 0.3200
3.1500 0.6081 0.1214 0.3997 0.3141
3.1600 0.6368 0.1420 0.3856 0.3075
3.1700 0.6591 0.1634 0.3709 0.3001
3.1800 0.6751 0.1854 0.3556 0.2920
3.1900 0.6852 0.2078 0.3398 0.2831
3.2000 0.6902 0.2306 0.3236 0.2736
3.2100 0.6912 0.2535 0.3070 0.2635
3.2200 0.6893 0.2765 0.2900 0.2528
3.2300 0.6857 0.2995 0.2728 0.2415
3.2400 0.6813 0.3223 0.2552 0.2297
3.2500 0.6770 0.3448 0.2376 0.2175
3.2600 0.6734 0.3670 0.2198 0.2048
3.2700 0.6709 0.3887 0.2020 0.1918
3.2800 0.6696 0.4100 0.1842 0.1786
3.2900 0.6694 0.4306 0.1667 0.1652
3.3000 0.6702 0.4505 0.1494 0.1516
3.3100 0.6718 0.4698 0.1324 0.1381
3.3200 0.6738 0.4882 0.1159 0.1246
3.3300 0.6761 0.5059 0.1000 0.1112
3.3400 0.6785 0.5227 0.0849 0.0982
3.3500 0.6807 0.5386 0.0705 0.0855
3.3600 0.6827 0.5537 0.0571 0.0732
3.3700 0.6844 0.5678 0.0448 0.0616
3.3800 0.6858 0.5810 0.0338 0.0507
3.3900 0.6868 0.5934 0.0242 0.0406
3.4000 0.6876 0.6048 0.0163 0.0314
3.4100 0.6882 0.6154 0.0103 0.0234
3.4200 0.6885 0.6251 0.0065 0.0166
3.4300 0.6886 0.6340 0.0054 0.0112
3.4400 0.6886 0.6420 0.0070 0.0075
3.4500 0.6883 0.6493 0.0109 0.0057
3.4600 0.6878 0.6559 0.0168 0.0058
3.4700 0.6872 0.6617 0.0243 0.0080
3.4800 0.6863 0.6669 0.0329 0.0117
3.4900 0.6851 0.6715 0.0426 0.0167
3.5000 0.6838 0.6755 0.0530 0.0228
3.5100 0.6823 0.6790 0.0642 0.0297
3.5200 0.6806 0.6819 0.0758 0.0373
3.5300 0.6788 0.6844 0.0879 0.0453
3.5400 0.6770 0.6865 0.1002 0.0538
3.5500 0.6752 0.6882 0.1128 0.0625
3.5600 0.6736 0.6896 0.1255 0.0714
3.5700 0.6723 0.6907 0.1382 0.0803
3.5800 0.6712 0.6916 0.1510 0.0893
3.5900 0.6705 0.6922 0.1636 0.0981
3.6000 0.6702 0.6926 0.1762 0.1069
3.6100 0.6703 0.6929 0.1885 0.1154
3.6200 0.6709 0.6930 0.2007 0.1237
3.6300 0.6719 0.6931 0.2126 0.1317
3.6400 0.6732 0.6931 0.2243 0.1393
3.6500 0.6747 0.6930 0.2356 0.1467
3.6600 0.6765 0.6928 0.2467 0.1537
3.6700 0.6785 0.6927 0.2574 0.1603
3.6800 0.6805 0.6926 0.2678 0.1665
3.6900 0.6825 0.6924 0.2778 0.1723
3.7000 0.6843 0.6923 0.2874 0.1778
3.7100 0.6861 0.6922 0.2967 0.1828
3.7200 0.6877 0.6922 0.3057 0.1875
3.7300 0.6890 0.6922 0.3143 0.1919
3.7400 0.6902 0.6922 0.3226 0.1958
3.7500 0.6911 0.6923 0.3305 0.1994
3.7600 0.6918 0.6923 0.3381 0.2027
3.7700 0.6923 0.6925 0.3454 0.2057
3.7800 0.6927 0.6926 0.3525 0.2084
3.7900 0.6929 0.6927 0.3592 0.2108
3.8000 0.6930 0.6928 0.3657 0.2129
3.8100 0.6930 0.6929 0.3720 0.2148
3.8200 0.6929 0.6930 0.3780 0.2165
3.8300 0.6929 0.6931 0.3838 0.2180
3.8400 0.6928 0.6931 0.3894 0.2194
3.8500 0.6927 0.6930 0.3949 0.2205
3.8600 0.6926 0.6929 0.4001 0.2216
3.8700 0.6925 0.6926 0.4052 0.2225
3.8800 0.6925 0.6923 0.4101 0.2234
3.8900 0.6925 0.6919 0.4148 0.2242
3.9000 0.6925 0.6913 0.4194 0.2249
3.9100 0.6926 0.6906 0.4238 0.2256
3.9200 0.6926 0.6898 0.4281 0.2263
3.9300 0.6927 0.6888 0.4322 0.2268
3.9400 0.6927 0.6877 0.4362 0.2274
3.9500 0.6928 0.6864 0.4400 0.2278
3.9600 0.6928 0.6850 0.4436 0.2282
3.9700 0.6928 0.6833 0.4471 0.2285
3.9800 0.6928 0.6815 0.4504 0.2287
3.9900 0.6928 0.6796 0.4535 0.2287
4.0000 0.6927 0.6774 0.4564 0.2286
4.0100 0.6925 0.6750 0.4592 0.2284
4.0200 0.6923 0.6724 0.4618 0.2279
4.0300 0.6920 0.6696 0.4642 0.2273
4.0400 0.6917 0.6666 0.4664 0.2264
4.0500 0.6913 0.6633 0.4684 0.2253
4.0600 0.6909 0.6597 0.4702 0.2239
4.0700 0.6904 0.6559 0.4718 0.2222
4.0800 0.6899 0.6518 0.4731 0.2202
4.0900 0.6893 0.6475 0.4742 0.2179
4.1000 0.6887 0.6428 0.4750 0.2152
4.1100 0.6881 0.6377 0.4756 0.2122
4.1200 0.6875 0.6323 0.4759 0.2088
4.1300 0.6869 0.6266 0.4759 0.2049
4.1400 0.6863 0.6204 0.4755 0.2007
4.1500 0.6858 0.6139 0.4748 0.1960
4.1600 0.6854 0.6069 0.4738 0.1909
4.1700 0.6850 0.5994 0.4724 0.1853
4.1800 0.6847 0.5915 0.4705 0.1793
4.1900 0.6846 0.5832 0.4683 0.1728
4.2000 0.6845 0.5743 0.4656 0.1658
4.2100 0.6845 0.5649 0.4625 0.1585
4.2200 0.6847 0.5550 0.4589 0.1507
4.2300 0.6850 0.5445 0.4548 0.1426
4.2400 0.6854 0.5335 0.4502 0.1341
4.2500 0.6858 0.5220 0.4451 0.1253
4.2600 0.6864 0.5099 0.4394 0.1162
4.2700 0.6870 0.4973 0.4332 0.1069
4.2800 0.6876 0.4840 0.4264 0.0974
4.2900 0.6883 0.4703 0.4190 0.0878
4.3000 0.6890 0.4560 0.4111 0.0782
4.3100 0.6896 0.4411 0.4026 0.0686
4.3200 0.6902 0.4258 0.3935 0.0592
4.3300 0.6908 0.4100 0.3838 0.0500
4.3400 0.6913 0.3936 0.3735 0.0412
4.3500 0.6918 0.3769 0.3626 0.0328
4.3600 0.6921 0.3597 0.3512 0.0251
4.3700 0.6925 0.3421 0.3392 0.0182
4.3800 0.6927 0.3241 0.3266 0.0123
4.3900 0.6929 0.3059 0.3135 0.0076
4.4000 0.6930 0.2874 0.2999 0.0046
4.4100 0.6930 0.2687 0.2858 0.0036
4.4200 0.6930 0.2498 0.2712 0.0050
4.4300 0.6929 0.2309 0.2562 0.0084
4.4400 0.6928 0.2119 0.2408 0.0137
4.4500 0.6926 0.1930 0.2251 0.0204
4.4600 0.6923 0.1743 0.2092 0.0285
4.4700 0.6919 0.1558 0.1930 0.0377
4.4800 0.6914 0.1376 0.1767 0.0479
4.4900 0.6909 0.1200 0.1603 0.0589
4.5000 0.6901 0.1029 0.1440 0.0707
4.5100 0.6892 0.0867 0.1278 0.0830
4.5200 0.6882 0.0714 0.1119 0.0958
4.5300 0.6869 0.0572 0.0964 0.1090
4.5400 0.6854 0.0444 0.0814 0.1224
4.5500 0.6837 0.0334 0.0670 0.1360
4.5600 0.6818 0.0243 0.0535 0.1497
4.5700 0.6798 0.0178 0.0409 0.1633
4.5800 0.6776 0.0143 0.0296 0.1768
4.5900 0.6754 0.0142 0.0197 0.1901
4.6000 0.6732 0.0176 0.0115 0.2032
4.6100 0.6711 0.0243 0.0054 0.2159
4.6200 0.6691 0.0336 0.0019 0.2282
4.6300 0.6674 0.0454 0.0021 0.2401
4.6400 0.6660 0.0591 0.0057 0.2514
4.6500 0.6650 0.0746 0.0120 0.2622
4.6600 0.6643 0.0915 0.0204 0.2723
4.6700 0.6641 0.1098 0.0305 0.2818
4.6800 0.6642 0.1291 0.0421 0.2906
4.6900 0.6648 0.1494 0.0549 0.2987
4.7000 0.6657 0.1704 0.0688 0.3060
4.7100 0.6669 0.1920 0.0836 0.3126
4.7200 0.6684 0.2141 0.0990 0.3183
4.7300 0.6700 0.2365 0.1151 0.3233
4.7400 0.6719 0.2590 0.1316 0.3275
4.7500 0.6738 0.2817 0.1485 0.3308
4.7600 0.6758 0.3043 0.1655 0.3333
4.7700 0.6777 0.3268 0.1827 0.3350
4.7800 0.6797 0.3490 0.2000 0.3359
4.7900 0.6816 0.3709 0.2172 0.3360
4.8000 0.6833 0.3923 0.2342 0.3353
4.8100 0.6850 0.4133 0.2510 0.3337
4.8200 0.6865 0.4337 0.2675 0.3314
4.8300 0.6879 0.4535 0.2837 0.3282
4.8400 0.6891 0.4726 0.2995 0.3243
4.8500 0.6901 0.4910 0.3148 0.3197
4.8600 0.6909 0.5086 0.3296 0.3142
4.8700 0.6916 0.5254 0.3438 0.3081
4.8800 0.6921 0.5415 0.3575 0.3012
4.8900 0.6925 0.5566 0.3706 0.2937
4.9000 0.6928 0.5709 0.3831 0.2854
4.9100 0.6929 0.5843 0.3949 0.2766
4.9200 0.6930 0.5969 0.4060 0.2672
4.9300 0.6931 0.6086 0.4165 0.2572
4.9400 0.6931 0.6194 0.4264 0.2468
4.9500 0.6931 0.6293 0.4356 0.2359
4.9600 0.6930 0.6384 0.4441 0.2246
4.9700 0.6930 0.6467 0.4520 0.2130
4.9800 0.6930 0.6542 0.4592 0.2011
4.9900 0.6930 0.6608 0.4658 0.1890
5.0000 0.6929 0.6668 0.4718 0.1768
5.0100 0.6929 0.6720 0.4773 0.1645
5.0200 0.6929 0.6765 0.4821 0.1523
5.0300 0.6929 0.6803 0.4863 0.1401
5.0400 0.6928 0.6836 0.4901 0.1280
5.0500 0.6928 0.6863 0.4932 0.1162
5.0600 0.6927 0.6884 0.4959 0.1047
5.0700 0.6926 0.6901 0.4980 0.0936
5.0800 0.6925 0.6914 0.4997 0.0829
5.0900 0.6925 0.6923 0.5009 0.0728
5.1000 0.6924 0.6928 0.5016 0.0633
5.1100 0.6923 0.6931 0.5018 0.0545
5.1200 0.6922 0.6931 0.5016 0.0464
5.1300 0.6922 0.6929 0.5010 0.0393
5.1400 0.6922 0.6926 0.4999 0.0331
5.1500 0.6921 0.6922 0.4984 0.0280
5.1600 0.6922 0.6917 0.4965 0.0240
5.1700 0.6922 0.6911 0.4943 0.0211
5.1800 0.6923 0.6906 0.4917 0.0194
5.1900 0.6924 0.6901 0.4887 0.0189
5.2000 0.6925 0.6897 0.4853 0.0196
5.2100 0.6926 0.6893 0.4816 0.0212
5.2200 0.6927 0.6890 0.4777 0.0238
5.2300 0.6928 0.6888 0.4734 0.0272
5.2400 0.6929 0.6887 0.4688 0.0312
5.2500 0.6929 0.6887 0.4640 0.0357
5.2600 0.6929 0.6888 0.4590 0.0406
5.2700 0.6929 0.6890 0.4537 0.0458
5.2800 0.6928 0.6893 0.4482 0.0513
5.2900 0.6927 0.6897 0.4425 0.0569
5.3000 0.6925 0.6901 0.4367 0.0627
5.3100 0.6922 0.6905 0.4306 0.0685
5.3200 0.6919 0.6910 0.4245 0.0742
5.3300 0.6915 0.6915 0.4181 0.0800
5.3400 0.6911 0.6919 0.4117 0.0857
5.3500 0.6907 0.6923 0.4051 0.0914
5.3600 0.6903 0.6926 0.3984 0.0969
5.3700 0.6900 0.6929 0.3916 0.1023
5.3800 0.6896 0.6930 0.3847 0.1076
5.3900 0.6894 0.6931 0.3776 0.1128
5.4000 0.6892 0.6930 0.3704 0.1178
5.4100 0.6891 0.6928 0.3631 0.1228
5.4200 0.6892 0.6924 0.3557 0.1276
5.4300 0.6893 0.6918 0.3482 0.1324
5.4400 0.6896 0.6910 0.3406 0.1370
5.4500 0.6899 0.6900 0.3328 0.1416
5.4600 0.6903 0.6888 0.3248 0.1462
5.4700 0.6908 0.6874 0.3168 0.1507
5.4800 0.6913 0.6858 0.3086 0.1553
5.4900 0.6917 0.6839 0.3003 0.1598
5.5000 0.6920 0.6818 0.2918 0.1644
5.5100 0.6921 0.6794 0.2832 0.1689
5.5200 0.6921 0.6767 0.2744 0.1735
5.5300 0.6918 0.6737 0.2655 0.1782
5.5400 0.6912 0.6705 0.2564 0.1829
5.5500 0.6903 0.6669 0.2472 0.1876
5.5600 0.6891 0.6631 0.2379 0.1923
5.5700 0.6876 0.6589 0.2283 0.1971
5.5800 0.6859 0.6544 0.2187 0.2019
5.5900 0.6840 0.6496 0.2088 0.2066
5.6000 0.6820 0.6444 0.1989 0.2114
5.6100 0.6800 0.6389 0.1888 0.2161
5.6200 0.6781 0.6330 0.1785 0.2207
5.6300 0.6763 0.6268 0.1681 0.2253
5.6400 0.6748 0.6202 0.1577 0.2298
5.6500 0.6736 0.6132 0.1471 0.2341
5.6600 0.6727 0.6058 0.1365 0.2384
5.6700 0.6723 0.5981 0.1258 0.2424
5.6800 0.6722 0.5899 0.1152 0.2462
5.6900 0.6724 0.5814 0.1046 0.2499
5.7000 0.6729 0.5724 0.0941 0.2532
5.7100 0.6736 0.5631 0.0839 0.2563
5.7200 0.6744 0.5533 0.0738 0.2590
5.7300 0.6752 0.5432 0.0641 0.2613
5.7400 0.6759 0.5326 0.0549 0.2633
5.7500 0.6765 0.5216 0.0462 0.2649
5.7600 0.6770 0.5103 0.0382 0.2660
5.7700 0.6772 0.4985 0.0310 0.2666
5.7800 0.6770 0.4864 0.0249 0.2667
5.7900 0.6766 0.4738 0.0200 0.2662
5.8000 0.6757 0.4609 0.0166 0.2652
5.8100 0.6744 0.4475 0.0149 0.2637
5.8200 0.6726 0.4338 0.0151 0.2615
5.8300 0.6701 0.4197 0.0172 0.2587
5.8400 0.6670 0.4052 0.0212 0.2554
5.8500 0.6633 0.3904 0.0270 0.2514
5.8600 0.6588 0.3752 0.0343 0.2468
5.8700 0.6536 0.3596 0.0430 0.2415
5.8800 0.6478 0.3437 0.0530 0.2357
5.8900 0.6416 0.3275 0.0641 0.2292
5.9000 0.6350 0.3110 0.0762 0.2221
5.9100 0.6284 0.2942 0.0893 0.2144
5.9200 0.6220 0.2772 0.1032 0.2061
5.9300 0.6160 0.2600 0.1178 0.1973
5.9400 0.6108 0.2426 0.1330 0.1879
5.9500 0.6063 0.2251 0.1488 0.1781
5.9600 0.6029 0.2075 0.1650 0.1678
5.9700 0.6005 0.1899 0.1816 0.1570
5.9800 0.5991 0.1724 0.1985 0.1459
5.9900 0.5985 0.1550 0.2156 0.1346
6.0000 0.5986 0.1379 0.2328 0.1230
6.0100 0.5991 0.1211 0.2500 0.1112
6.0200 0.5999 0.1048 0.2672 0.0994
6.0300 0.6009 0.0891 0.2842 0.0877
6.0400 0.6018 0.0742 0.3011 0.0761
6.0500 0.6026 0.0602 0.3177 0.0648
6.0600 0.6034 0.0474 0.3340 0.0538
6.0700 0.6042 0.0360 0.3500 0.0434
6.0800 0.6053 0.0263 0.3655 0.0337
6.0900 0.6069 0.0187 0.3805 0.0248
6.1000 0.6092 0.0137 0.3950 0.0169
6.1100 0.6126 0.0118 0.4089 0.0103
6.1200 0.6173 0.0132 0.4223 0.0052
6.1300 0.6235 0.0180 0.4351 0.0020
6.1400 0.6312 0.0257 0.4472 0.0015
6.1500 0.6402 0.0358 0.4587 0.0038
6.1600 0.6501 0.0480 0.4695 0.0084
6.1700 0.6605 0.0621 0.4797 0.0148
6.1800 0.6704 0.0777 0.4891 0.0226
6.1900 0.6793 0.0947 0.4980 0.0318
6.2000 0.6862 0.1129 0.5061 0.0420
6.2100 0.6905 0.1320 0.5136 0.0531
6.2200 0.6917 0.1521 0.5205 0.0649
6.2300 0.6898 0.1728 0.5267 0.0774
6.2400 0.6847 0.1942 0.5322 0.0903
6.2500 0.6770 0.2159 0.5372 0.1036
6.2600 0.6675 0.2380 0.5415 0.1170
6.2700 0.6570 0.2604 0.5452 0.1306
6.2800 0.6466 0.2828 0.5484 0.1442
6.2900 0.6373 0.3052 0.5509 0.1577
6.3000 0.6301 0.3275 0.5528 0.1710
6.3100 0.6255 0.3496 0.5542 0.1840
6.3200 0.6239 0.3715 0.5550 0.1966
6.3300 0.6253 0.3930 0.5552 0.2089
6.3400 0.6294 0.4140 0.5548 0.2207
6.3500 0.6356 0.4346 0.5538 0.2320
6.3600 0.6433 0.4546 0.5523 0.2427
6.3700 0.6517 0.4740 0.5502 0.2528
6.3800 0.6602 0.4927 0.5475 0.2622
6.3900 0.6682 0.5107 0.5442 0.2710
6.4000 0.6751 0.5279 0.5404 0.2791
6.4100 0.6808 0.5443 0.5359 0.2864
6.4200 0.6851 0.5598 0.5309 0.2930
6.4300 0.6880 0.5745 0.5252 0.2989
6.4400 0.6897 0.5883 0.5190 0.3039
6.4500 0.6903 0.6011 0.5122 0.3082
6.4600 0.6902 0.6131 0.5048 0.3117
6.4700 0.6896 0.6241 0.4968 0.3144
6.4800 0.6888 0.6342 0.4883 0.3164
6.4900 0.6881 0.6434 0.4792 0.3175
6.5000 0.6876 0.6517 0.4695 0.3179
6.5100 0.6873 0.6591 0.4593 0.3176
6.5200 0.6875 0.6656 0.4486 0.3164
6.5300 0.6880 0.6713 0.4374 0.3146
6.5400 0.6887 0.6763 0.4257 0.3120
6.5500 0.6895 0.6804 0.4136 0.3088
6.5600 0.6904 0.6839 0.4010 0.3048
6.5700 0.6911 0.6867 0.3881 0.3003
6.5800 0.6916 0.6890 0.3748 0.2951
6.5900 0.6918 0.6906 0.3611 0.2893
6.6000 0.6917 0.6918 0.3472 0.2829
6.6100 0.6912 0.6926 0.3330 0.2760
6.6200 0.6905 0.6929 0.3186 0.2686
6.6300 0.6896 0.6930 0.3040 0.2608
6.6400 0.6887 0.6928 0.2893 0.2525
6.6500 0.6878 0.6924 0.2746 0.2438
6.6600 0.6871 0.6918 0.2598 0.2348
6.6700 0.6866 0.6911 0.2451 0.2255
6.6800 0.6865 0.6904 0.2304 0.2160
6.6900 0.6867 0.6896 0.2159 0.2062
6.7000 0.6872 0.6889 0.2017 0.1964
6.7100 0.6880 0.6882 0.1877 0.1864
6.7200 0.6890 0.6876 0.1740 0.1765
6.7300 0.6900 0.6870 0.1607 0.1665
6.7400 0.6910 0.6866 0.1478 0.1567
6.7500 0.6918 0.6863 0.1355 0.1470
6.7600 0.6923 0.6861 0.1236 0.1376
6.7700 0.6925 0.6861 0.1124 0.1284
6.7800 0.6923 0.6862 0.1018 0.1194
6.7900 0.6916 0.6864 0.0919 0.1109
6.8000 0.6905 0.6867 0.0827 0.1026
6.8100 0.6890 0.6871 0.0742 0.0949
6.8200 0.6872 0.6876 0.0666 0.0875
6.8300 0.6851 0.6881 0.0598 0.0806
6.8400 0.6829 0.6888 0.0538 0.0743
6.8500 0.6807 0.6894 0.0488 0.0684
6.8600 0.6786 0.6900 0.0446 0.0630
6.8700 0.6766 0.6907 0.0414 0.0582
6.8800 0.6749 0.6913 0.0391 0.0540
6.8900 0.6735 0.6918 0.0377 0.0503
6.9000 0.6724 0.6923 0.0373 0.0471
6.9100 0.6718 0.6927 0.0377 0.0445
6.9200 0.6714 0.6929 0.0390 0.0423
6.9300 0.6715 0.6930 0.0411 0.0407
6.9400 0.6719 0.6929 0.0439 0.0396
6.9500 0.6725 0.6927 0.0475 0.0389
6.9600 0.6734 0.6922 0.0516 0.0386
6.9700 0.6745 0.6915 0.0564 0.0387
6.9800 0.6757 0.6905 0.0617 0.0391
6.9900 0.6769 0.6893 0.0674 0.0398
7.0000 0.6782 0.6878 0.0736 0.0408
7.0100 0.6796 0.6860 0.0802 0.0421
7.0200 0.6808 0.6838 0.0872 0.0437
7.0300 0.6821 0.6814 0.0945 0.0454
7.0400 0.6832 0.6786 0.1022 0.0475
7.0500 0.6843 0.6754 0.1101 0.0497
7.0600 0.6853 0.6718 0.1183 0.0522
7.0700 0.6862 0.6679 0.1269 0.0549
7.0800 0.6870 0.6636 0.1356 0.0578
7.0900 0.6878 0.6589 0.1447 0.0611
7.1000 0.6884 0.6538 0.1539 0.0646
7.1100 0.6890 0.6483 0.1634 0.0683
7.1200 0.6896 0.6424 0.1732 0.0724
7.1300 0.6901 0.6361 0.1832 0.0768
7.1400 0.6906 0.6295 0.1933 0.0814
7.1500 0.6910 0.6224 0.2038 0.0864
7.1600 0.6914 0.6150 0.2144 0.0917
7.1700 0.6917 0.6072 0.2252 0.0973
7.1800 0.6920 0.5990 0.2362 0.1033
7.1900 0.6923 0.5905 0.2473 0.1095
7.2000 0.6925 0.5816 0.2586 0.1160
7.2100 0.6927 0.5723 0.2701 0.1228
7.2200 0.6928 0.5627 0.2816 0.1300
7.2300 0.6929 0.5528 0.2932 0.1373
7.2400 0.6930 0.5425 0.3048 0.1449
7.2500 0.6930 0.5320 0.3165 0.1528
7.2600 0.6931 0.5210 0.3281 0.1608
7.2700 0.6930 0.5098 0.3397 0.1690
7.2800 0.6930 0.4983 0.3511 0.1773
7.2900 0.6930 0.4864 0.3625 0.1856
7.3000 0.6930 0.4743 0.3737 0.1941
7.3100 0.6929 0.4618 0.3847 0.2025
7.3200 0.6929 0.4490 0.3955 0.2108
7.3300 0.6929 0.4359 0.4061 0.2191
7.3400 0.6928 0.4225 0.4163 0.2272
7.3500 0.6928 0.4088 0.4263 0.2351
7.3600 0.6928 0.3949 0.4359 0.2427
7.3700 0.6927 0.3806 0.4452 0.2501
7.3800 0.6927 0.3660 0.4542 0.2571
7.3900 0.6926 0.3512 0.4627 0.2638
7.4000 0.6925 0.3361 0.4709 0.2701
7.4100 0.6923 0.3208 0.4786 0.2759
7.4200 0.6922 0.3053 0.4859 0.2813
7.4300 0.6920 0.2896 0.4928 0.2861
7.4400 0.6919 0.2737 0.4993 0.2904
7.4500 0.6917 0.2577 0.5052 0.2942
7.4600 0.6915 0.2416 0.5108 0.2973
7.4700 0.6913 0.2255 0.5158 0.2999
7.4800 0.6911 0.2094 0.5204 0.3018
7.4900 0.6909 0.1935 0.5244 0.3031
7.5000 0.6907 0.1776 0.5280 0.3036
7.5100 0.6905 0.1620 0.5311 0.3035
7.5200 0.6903 0.1468 0.5336 0.3027
7.5300 0.6900 0.1320 0.5357 0.3011
7.5400 0.6897 0.1177 0.5372 0.2988
7.5500 0.6894 0.1041 0.5382 0.2958
7.5600 0.6890 0.0913 0.5386 0.2920
7.5700 0.6885 0.0794 0.5385 0.2874
7.5800 0.6879 0.0687 0.5378 0.2821
7.5900 0.6872 0.0593 0.5366 0.2761
7.6000 0.6864 0.0515 0.5348 0.2694
7.6100 0.6855 0.0454 0.5324 0.2619
7.6200 0.6844 0.0413 0.5293 0.2537
7.6300 0.6832 0.0395 0.5257 0.2449
7.6400 0.6818 0.0399 0.5215 0.2354
7.6500 0.6802 0.0427 0.5167 0.2253
7.6600 0.6785 0.0477 0.5112 0.2147
7.6700 0.6767 0.0549 0.5050 0.2035
7.6800 0.6747 0.0640 0.4982 0.1918
7.6900 0.6727 0.0749 0.4908 0.1797
7.7000 0.6707 0.0874 0.4826 0.1672
7.7100 0.6687 0.1013 0.4738 0.1544
7.7200 0.6668 0.1165 0.4643 0.1414
7.7300 0.6651 0.1328 0.4541 0.1283
7.7400 0.6636 0.1500 0.4433 0.1151
7.7500 0.6623 0.1682 0.4318 0.1020
7.7600 0.6613 0.1871 0.4196 0.0890
7.7700 0.6607 0.2066 0.4067 0.0763
7.7800 0.6604 0.2266 0.3932 0.0641
7.7900 0.6605 0.2471 0.3791 0.0524
7.8000 0.6609 0.2679 0.3644 0.0414
7.8100 0.6617 0.2889 0.3492 0.0313
7.8200 0.6628 0.3100 0.3333 0.0222
7.8300 0.6642 0.3312 0.3171 0.0144
7.8400 0.6660 0.3523 0.3003 0.0081
7.8500 0.6681 0.3733 0.2832 0.0036
7.8600 0.6704 0.3940 0.2657 0.0015
7.8700 0.6729 0.4145 0.2480 0.0023
7.8800 0.6755 0.4346 0.2302 0.0057
7.8900 0.6782 0.4542 0.2122 0.0111
7.9000 0.6809 0.4733 0.1942 0.0181
7.9100 0.6835 0.4918 0.1763 0.0264
7.9200 0.6860 0.5097 0.1586 0.0358
7.9300 0.6882 0.5269 0.1412 0.0460
7.9400 0.6900 0.5433 0.1242 0.0570
7.9500 0.6915 0.5589 0.1077 0.0685
7.9600 0.6925 0.5737 0.0919 0.0805
7.9700 0.6931 0.5876 0.0768 0.0928
7.9800 0.6931 0.6007 0.0627 0.1053
7.9900 0.6926 0.6128 0.0496 0.1178
8.0000 0.6917 0.6240 0.0377 0.1303
8.0100 0.6903 0.6342 0.0272 0.1427
8.0200 0.6885 0.6436 0.0183 0.1549
8.0300 0.6864 0.6520 0.0113 0.1669
8.0400 0.6840 0.6595 0.0064 0.1784
8.0500 0.6814 0.6661 0.0041 0.1896
8.0600 0.6787 0.6719 0.0048 0.2003
8.0700 0.6760 0.6769 0.0083 0.2105
8.0800 0.6733 0.6811 0.0140 0.2201
8.0900 0.6706 0.6846 0.0214 0.2291
8.1000 0.6682 0.6874 0.0302 0.2375
8.1100 0.6659 0.6896 0.0402 0.2453
8.1200 0.6640 0.6912 0.0511 0.2524
8.1300 0.6623 0.6922 0.0627 0.2588
8.1400 0.6609 0.6928 0.0750 0.2645
8.1500 0.6598 0.6930 0.0878 0.2696
8.1600 0.6591 0.6928 0.1010 0.2739
8.1700 0.6587 0.6923 0.1144 0.2776
8.1800 0.6586 0.6915 0.1280 0.2806
8.1900 0.6588 0.6906 0.1417 0.2829
8.2000 0.6593 0.6895 0.1554 0.2846
8.2100 0.6600 0.6884 0.1690 0.2855
8.2200 0.6610 0.6872 0.1825 0.2859
8.2300 0.6621 0.6860 0.1958 0.2856
8.2400 0.6634 0.6848 0.2089 0.2847
8.2500 0.6648 0.6837 0.2217 0.2832
8.2600 0.6663 0.6827 0.2341 0.2811
8.2700 0.6679 0.6819 0.2463 0.2786
8.2800 0.6694 0.6811 0.2580 0.2755
8.2900 0.6710 0.6806 0.2694 0.2719
8.3000 0.6725 0.6802 0.2804 0.2679
8.3100 0.6740 0.6801 0.2910 0.2634
8.3200 0.6754 0.6801 0.3011 0.2586
8.3300 0.6767 0.6803 0.3109 0.2535
8.3400 0.6779 0.6807 0.3202 0.2480
8.3500 0.6790 0.6813 0.3291 0.2423
8.3600 0.6800 0.6820 0.3376 0.2364
8.3700 0.6808 0.6829 0.3457 0.2303
8.3800 0.6816 0.6839 0.3534 0.2240
8.3900 0.6822 0.6850 0.3608 0.2176
8.4000 0.6827 0.6861 0.3677 0.2111
8.4100 0.6831 0.6873 0.3744 0.2045
8.4200 0.6834 0.6884 0.3807 0.1979
8.4300 0.6837 0.6895 0.3867 0.1913
8.4400 0.6838 0.6905 0.3923 0.1847
8.4500 0.6840 0.6914 0.3977 0.1782
8.4600 0.6841 0.6921 0.4028 0.1717
8.4700 0.6843 0.6926 0.4076 0.1654
8.4800 0.6845 0.6929 0.4121 0.1591
8.4900 0.6847 0.6929 0.4164 0.1530
8.5000 0.6850 0.6925 0.4205 0.1470
8.5100 0.6854 0.6918 0.4243 0.1412
8.5200 0.6859 0.6907 0.4279 0.1356
8.5300 0.6865 0.6892 0.4312 0.1301
8.5400 0.6872 0.6873 0.4344 0.1248
8.5500 0.6880 0.6849 0.4374 0.1196
8.5600 0.6889 0.6820 0.4402 0.1146
8.5700 0.6897 0.6787 0.4428 0.1097
8.5800 0.6906 0.6748 0.4453 0.1049
8.5900 0.6913 0.6705 0.4476 0.1002
8.6000 0.6919 0.6656 0.4498 0.0956
8.6100 0.6923 0.6603 0.4518 0.0911
8.6200 0.6925 0.6544 0.4537 0.0866
8.6300 0.6924 0.6481 0.4554 0.0822
8.6400 0.6919 0.6413 0.4570 0.0779
8.6500 0.6910 0.6341 0.4585 0.0736
8.6600 0.6898 0.6264 0.4598 0.0693
8.6700 0.6883 0.6183 0.4610 0.0651
8.6800 0.6865 0.6097 0.4620 0.0610
8.6900 0.6845 0.6008 0.4629 0.0569
8.7000 0.6825 0.5915 0.4636 0.0530
8.7100 0.6804 0.5818 0.4641 0.0492
8.7200 0.6784 0.5717 0.4643 0.0455
8.7300 0.6765 0.5614 0.4644 0.0421
8.7400 0.6750 0.5507 0.4642 0.0390
8.7500 0.6738 0.5397 0.4638 0.0362
8.7600 0.6729 0.5284 0.4630 0.0337
8.7700 0.6723 0.5168 0.4620 0.0318
8.7800 0.6721 0.5049 0.4607 0.0303
8.7900 0.6722 0.4928 0.4590 0.0295
8.8000 0.6724 0.4804 0.4570 0.0293
8.8100 0.6727 0.4677 0.4546 0.0299
8.8200 0.6731 0.4548 0.4518 0.0313
8.8300 0.6734 0.4417 0.4486 0.0335
8.8400 0.6736 0.4283 0.4451 0.0366
8.8500 0.6736 0.4147 0.4410 0.0405
8.8600 0.6733 0.4008 0.4366 0.0452
8.8700 0.6727 0.3868 0.4316 0.0508
8.8800 0.6717 0.3726 0.4262 0.0571
8.8900 0.6703 0.3581 0.4203 0.0642
8.9000 0.6683 0.3435 0.4139 0.0719
8.9100 0.6657 0.3287 0.4071 0.0803
8.9200 0.6624 0.3138 0.3996 0.0892
8.9300 0.6585 0.2988 0.3917 0.0986
8.9400 0.6541 0.2836 0.3832 0.1085
8.9500 0.6491 0.2684 0.3742 0.1188
8.9600 0.6438 0.2532 0.3647 0.1294
8.9700 0.6385 0.2379 0.3546 0.1402
8.9800 0.6335 0.2226 0.3439 0.1513
8.9900 0.6292 0.2074 0.3327 0.1624
9.0000 0.6260 0.1924 0.3210 0.1736
9.0100 0.6242 0.1774 0.3087 0.1848
9.0200 0.6241 0.1627 0.2960 0.1960
9.0300 0.6258 0.1483 0.2827 0.2070
9.0400 0.6295 0.1341 0.2690 0.2179
9.0500 0.6347 0.1204 0.2548 0.2285
9.0600 0.6413 0.1072 0.2403 0.2388
9.0700 0.6488 0.0945 0.2254 0.2488
9.0800 0.6567 0.0826 0.2102 0.2584
9.0900 0.6644 0.0714 0.1948 0.2675
9.1000 0.6716 0.0612 0.1791 0.2761
9.1100 0.6778 0.0521 0.1635 0.2842
9.1200 0.6829 0.0443 0.1478 0.2917
9.1300 0.6867 0.0379 0.1321 0.2985
9.1400 0.6892 0.0333 0.1167 0.3048
9.1500 0.6907 0.0306 0.1016 0.3103
9.1600 0.6912 0.0300 0.0869 0.3152
9.1700 0.6909 0.0317 0.0727 0.3193
9.1800 0.6901 0.0355 0.0592 0.3228
9.1900 0.6888 0.0414 0.0466 0.3254
9.2000 0.6871 0.0493 0.0350 0.3273
9.2100 0.6851 0.0589 0.0247 0.3284
9.2200 0.6826 0.0702 0.0159 0.3288
9.2300 0.6795 0.0830 0.0089 0.3283
9.2400 0.6759 0.0972 0.0041 0.3271
9.2500 0.6714 0.1126 0.0023 0.3251
9.2600 0.6661 0.1291 0.0040 0.3222
9.2700 0.6599 0.1465 0.0087 0.3186
9.2800 0.6529 0.1649 0.0158 0.3141
9.2900 0.6453 0.1840 0.0249 0.3089
9.3000 0.6373 0.2038 0.0356 0.3028
9.3100 0.6294 0.2241 0.0477 0.2960
9.3200 0.6222 0.2449 0.0610 0.2884
9.3300 0.6161 0.2660 0.0753 0.2801
9.3400 0.6117 0.2873 0.0905 0.2711
9.3500 0.6096 0.3088 0.1064 0.2613
9.3600 0.6100 0.3304 0.1229 0.2510
9.3700 0.6131 0.3519 0.1399 0.2400
9.3800 0.6188 0.3732 0.1572 0.2284
9.3900 0.6266 0.3943 0.1747 0.2164
9.4000 0.6360 0.4151 0.1923 0.2039
9.4100 0.6464 0.4355 0.2099 0.1910
9.4200 0.6570 0.4554 0.2275 0.1778
9.4300 0.6670 0.4747 0.2449 0.1643
9.4400 0.6759 0.4934 0.2621 0.1507
9.4500 0.6831 0.5114 0.2789 0.1370
9.4600 0.6883 0.5287 0.2953 0.1233
9.4700 0.6913 0.5452 0.3113 0.1098
9.4800 0.6921 0.5609 0.3269 0.0964
9.4900 0.6910 0.5757 0.3419 0.0834
9.5000 0.6883 0.5896 0.3563 0.0708
9.5100 0.6842 0.6026 0.3701 0.0588
9.5200 0.6794 0.6146 0.3833 0.0475
9.5300 0.6742 0.6258 0.3959 0.0370
9.5400 0.6691 0.6360 0.4078 0.0274
9.5500 0.6646 0.6453 0.4190 0.0191
9.5600 0.6609 0.6536 0.4296 0.0121
9.5700 0.6582 0.6611 0.4395 0.0066
9.5800 0.6568 0.6676 0.4487 0.0031
9.5900 0.6566 0.6733 0.4573 0.0020
9.6000 0.6575 0.6782 0.4653 0.0036
9.6100 0.6595 0.6823 0.4726 0.0074
9.6200 0.6623 0.6857 0.4792 0.0128
9.6300 0.6655 0.6884 0.4852 0.0196
9.6400 0.6691 0.6904 0.4907 0.0274
9.6500 0.6728 0.6918 0.4955 0.0361
9.6600 0.6762 0.6926 0.4997 0.0455
9.6700 0.6794 0.6930 0.5033 0.0554
9.6800 0.6821 0.6929 0.5064 0.0657
9.6900 0.6844 0.6924 0.5090 0.0762
9.7000 0.6862 0.6916 0.5109 0.0869
9.7100 0.6875 0.6906 0.5124 0.0977
9.7200 0.6885 0.6893 0.5133 0.1084
9.7300 0.6891 0.6879 0.5137 0.1190
9.7400 0.6895 0.6864 0.5136 0.1294
9.7500 0.6897 0.6848 0.5130 0.1396
9.7600 0.6896 0.6832 0.5120 0.1495
9.7700 0.6893 0.6817 0.5105 0.1590
9.7800 0.6886 0.6803 0.5085 0.1681
9.7900 0.6876 0.6790 0.5061 0.1768
9.8000 0.6860 0.6780 0.5033 0.1850
9.8100 0.6839 0.6771 0.5001 0.1927
9.8200 0.6811 0.6764 0.4965 0.1999
9.8300 0.6775 0.6760 0.4925 0.2065
9.8400 0.6732 0.6758 0.4881 0.2126
9.8500 0.6681 0.6759 0.4834 0.2182
9.8600 0.6624 0.6763 0.4784 0.2232
9.8700 0.6562 0.6769 0.4730 0.2276
9.8800 0.6497 0.6777 0.4674 0.2316
9.8900 0.6431 0.6787 0.4615 0.2350
9.9000 0.6367 0.6799 0.4553 0.2379
9.9100 0.6306 0.6812 0.4488 0.2403
9.9200 0.6251 0.6826 0.4421 0.2422
9.9300 0.6205 0.6841 0.4352 0.2436
9.9400 0.6170 0.6857 0.4281 0.2447
9.9500 0.6145 0.6871 0.4208 0.2453
9.9600 0.6133 0.6886 0.4133 0.2455
9.9700 0.6132 0.6899 0.4056 0.2454
9.9800 0.6143 0.6910 0.3977 0.2449
9.9900 0.6164 0.6919 0.3898 0.2441
10.0000 0.6195 0.6926 0.3816 0.2430
