 t	 x	 y	 z	 w
0.0000 -0.0000 -0.0000 -0.0000 0.0000
0.0100 0.0112 0.0014 0.0011 0.0011
0.0200 0.0365 0.0047 0.0039 0.0037
0.0300 0.0707 0.0096 0.0080 0.0076
0.0400 0.1111 0.0157 0.0132 0.0125
0.0500 0.1555 0.0230 0.0193 0.0184
0.0600 0.2022 0.0312 0.0263 0.0250
0.0700 0.2498 0.0403 0.0341 0.0324
0.0800 0.2970 0.0502 0.0425 0.0405
0.0900 0.3429 0.0608 0.0516 0.0491
0.1000 0.3868 0.0720 0.0612 0.0583
0.1100 0.4281 0.0838 0.0713 0.0680
0.1200 0.4662 0.0960 0.0818 0.0781
0.1300 0.5010 0.1086 0.0928 0.0886
0.1400 0.5323 0.1216 0.1041 0.0994
0.1500 0.5600 0.1349 0.1157 0.1106
0.1600 0.5842 0.1484 0.1276 0.1220
0.1700 0.6051 0.1622 0.1397 0.1337
0.1800 0.6228 0.1762 0.1521 0.1456
0.1900 0.6377 0.1903 0.1646 0.1577
0.2000 0.6500 0.2044 0.1773 0.1700
0.2100 0.6600 0.2187 0.1901 0.1825
0.2200 0.6680 0.2330 0.2030 0.1950
0.2300 0.6744 0.2473 0.2160 0.2076
0.2400 0.6793 0.2616 0.2290 0.2204
0.2500 0.6831 0.2758 0.2421 0.2331
0.2600 0.6860 0.2900 0.2552 0.2459
0.2700 0.6881 0.3041 0.2682 0.2588
0.2800 0.6897 0.3180 0.2813 0.2716
0.2900 0.6908 0.3319 0.2943 0.2844
0.3000 0.6916 0.3456 0.3073 0.2972
0.3100 0.6921 0.3591 0.3202 0.3099
0.3200 0.6925 0.3725 0.3330 0.3225
0.3300 0.6927 0.3857 0.3457 0.3351
0.3400 0.6929 0.3987 0.3583 0.3475
0.3500 0.6930 0.4115 0.3708 0.3598
0.3600 0.6930 0.4241 0.3831 0.3720
0.3700 0.6931 0.4365 0.3953 0.3840
0.3800 0.6931 0.4486 0.4074 0.3959
0.3900 0.6931 0.4605 0.4192 0.4076
0.4000 0.6931 0.4721 0.4309 0.4191
0.4100 0.6931 0.4835 0.4423 0.4304
0.4200 0.6931 0.4946 0.4536 0.4415
0.4300 0.6931 0.5055 0.4646 0.4524
0.4400 0.6931 0.5161 0.4754 0.4630
0.4500 0.6931 0.5265 0.4860 0.4734
0.4600 0.6931 0.5365 0.4963 0.4836
0.4700 0.6931 0.5463 0.5063 0.4935
0.4800 0.6931 0.5558 0.5161 0.5032
0.4900 0.6931 0.5650 0.5256 0.5126
0.5000 0.6931 0.5738 0.5349 0.5217
0.5100 0.6930 0.5824 0.5438 0.5306
0.5200 0.6930 0.5907 0.5525 0.5392
0.5300 0.6930 0.5987 0.5608 0.5475
0.5400 0.6930 0.6064 0.5689 0.5556
0.5500 0.6930 0.6137 0.5766 0.5633
0.5600 0.6930 0.6207 0.5841 0.5709
0.5700 0.6930 0.6274 0.5912 0.5781
0.5800 0.6930 0.6338 0.5981 0.5851
0.5900 0.6930 0.6398 0.6046 0.5918
0.6000 0.6930 0.6455 0.6109 0.5982
0.6100 0.6930 0.6508 0.6169 0.6044
0.6200 0.6930 0.6559 0.6225 0.6103
0.6300 0.6929 0.6606 0.6279 0.6160
0.6400 0.6929 0.6649 0.6330 0.6214
0.6500 0.6929 0.6689 0.6378 0.6265
0.6600 0.6929 0.6726 0.6424 0.6314
0.6700 0.6929 0.6760 0.6467 0.6360
0.6800 0.6929 0.6790 0.6507 0.6404
0.6900 0.6928 0.6817 0.6545 0.6446
0.7000 0.6928 0.6841 0.6581 0.6485
0.7100 0.6928 0.6862 0.6614 0.6522
0.7200 0.6928 0.6880 0.6645 0.6556
0.7300 0.6928 0.6895 0.6674 0.6589
0.7400 0.6928 0.6907 0.6700 0.6619
0.7500 0.6927 0.6917 0.6725 0.6647
0.7600 0.6927 0.6924 0.6748 0.6674
0.7700 0.6927 0.6929 0.6769 0.6698
0.7800 0.6927 0.6931 0.6788 0.6721
0.7900 0.6926 0.6931 0.6805 0.6741
0.8000 0.6926 0.6930 0.6821 0.6761
0.8100 0.6926 0.6926 0.6836 0.6778
0.8200 0.6926 0.6921 0.6849 0.6794
0.8300 0.6926 0.6915 0.6861 0.6809
0.8400 0.6925 0.6907 0.6871 0.6822
0.8500 0.6925 0.6898 0.6881 0.6834
0.8600 0.6925 0.6889 0.6889 0.6845
0.8700 0.6925 0.6878 0.6896 0.6855
0.8800 0.6924 0.6867 0.6902 0.6864
0.8900 0.6924 0.6856 0.6908 0.6872
0.9000 0.6924 0.6844 0.6912 0.6879
0.9100 0.6924 0.6833 0.6916 0.6885
0.9200 0.6923 0.6821 0.6920 0.6891
0.9300 0.6923 0.6810 0.6922 0.6896
0.9400 0.6923 0.6799 0.6925 0.6900
0.9500 0.6922 0.6789 0.6926 0.6904
0.9600 0.6922 0.6779 0.6928 0.6907
0.9700 0.6922 0.6770 0.6929 0.6910
0.9800 0.6922 0.6762 0.6930 0.6912
0.9900 0.6921 0.6754 0.6930 0.6914
1.0000 0.6921 0.6748 0.6931 0.6916
1.0100 0.6921 0.6743 0.6931 0.6917
1.0200 0.6921 0.6738 0.6931 0.6918
1.0300 0.6920 0.6735 0.6931 0.6919
1.0400 0.6920 0.6733 0.6931 0.6919
1.0500 0.6920 0.6731 0.6931 0.6920
1.0600 0.6919 0.6731 0.6931 0.6920
1.0700 0.6919 0.6732 0.6931 0.6920
1.0800 0.6919 0.6734 0.6931 0.6920
1.0900 0.6918 0.6736 0.6931 0.6919
1.1000 0.6918 0.6740 0.6931 0.6919
1.1100 0.6918 0.6745 0.6931 0.6918
1.1200 0.6917 0.6750 0.6931 0.6917
1.1300 0.6917 0.6756 0.6931 0.6915
1.1400 0.6916 0.6763 0.6930 0.6913
1.1500 0.6916 0.6770 0.6929 0.6911
1.1600 0.6915 0.6778 0.6928 0.6909
1.1700 0.6915 0.6787 0.6927 0.6906
1.1800 0.6914 0.6795 0.6926 0.6902
1.1900 0.6913 0.6804 0.6924 0.6898
1.2000 0.6912 0.6814 0.6921 0.6894
1.2100 0.6911 0.6823 0.6918 0.6889
1.2200 0.6909 0.6833 0.6914 0.6883
1.2300 0.6907 0.6842 0.6910 0.6876
1.2400 0.6904 0.6851 0.6905 0.6868
1.2500 0.6901 0.6861 0.6899 0.6860
1.2600 0.6897 0.6870 0.6893 0.6851
1.2700 0.6893 0.6878 0.6885 0.6840
1.2800 0.6887 0.6887 0.6876 0.6829
1.2900 0.6880 0.6895 0.6866 0.6816
1.3000 0.6871 0.6902 0.6855 0.6802
1.3100 0.6860 0.6908 0.6843 0.6787
1.3200 0.6847 0.6914 0.6829 0.6770
1.3300 0.6832 0.6920 0.6814 0.6752
1.3400 0.6813 0.6924 0.6797 0.6732
1.3500 0.6791 0.6928 0.6779 0.6710
1.3600 0.6765 0.6930 0.6759 0.6687
1.3700 0.6735 0.6931 0.6737 0.6662
1.3800 0.6701 0.6931 0.6713 0.6635
1.3900 0.6662 0.6930 0.6688 0.6606
1.4000 0.6618 0.6928 0.6660 0.6576
1.4100 0.6570 0.6924 0.6630 0.6543
1.4200 0.6518 0.6918 0.6598 0.6507
1.4300 0.6462 0.6911 0.6564 0.6470
1.4400 0.6403 0.6902 0.6527 0.6430
1.4500 0.6342 0.6891 0.6488 0.6388
1.4600 0.6280 0.6878 0.6446 0.6343
1.4700 0.6218 0.6863 0.6402 0.6296
1.4800 0.6159 0.6846 0.6355 0.6246
1.4900 0.6102 0.6826 0.6306 0.6194
1.5000 0.6051 0.6804 0.6253 0.6139
1.5100 0.6006 0.6779 0.6198 0.6082
1.5200 0.5969 0.6752 0.6140 0.6021
1.5300 0.5940 0.6722 0.6078 0.5958
1.5400 0.5922 0.6689 0.6014 0.5892
1.5500 0.5914 0.6653 0.5947 0.5824
1.5600 0.5916 0.6614 0.5877 0.5753
1.5700 0.5929 0.6571 0.5804 0.5679
1.5800 0.5952 0.6525 0.5728 0.5602
1.5900 0.5983 0.6476 0.5649 0.5522
1.6000 0.6023 0.6423 0.5567 0.5440
1.6100 0.6069 0.6367 0.5482 0.5355
1.6200 0.6120 0.6307 0.5394 0.5268
1.6300 0.6174 0.6243 0.5303 0.5178
1.6400 0.6231 0.6175 0.5210 0.5085
1.6500 0.6289 0.6104 0.5113 0.4990
1.6600 0.6347 0.6028 0.5014 0.4892
1.6700 0.6403 0.5949 0.4913 0.4792
1.6800 0.6457 0.5866 0.4808 0.4689
1.6900 0.6509 0.5779 0.4702 0.4584
1.7000 0.6556 0.5688 0.4593 0.4477
1.7100 0.6601 0.5593 0.4481 0.4368
1.7200 0.6641 0.5495 0.4368 0.4256
1.7300 0.6677 0.5392 0.4252 0.4143
1.7400 0.6710 0.5287 0.4135 0.4027
1.7500 0.6739 0.5177 0.4016 0.3910
1.7600 0.6765 0.5065 0.3895 0.3790
1.7700 0.6787 0.4949 0.3772 0.3669
1.7800 0.6807 0.4830 0.3648 0.3547
1.7900 0.6824 0.4707 0.3523 0.3423
1.8000 0.6839 0.4582 0.3396 0.3298
1.8100 0.6853 0.4455 0.3269 0.3172
1.8200 0.6864 0.4325 0.3140 0.3045
1.8300 0.6874 0.4192 0.3011 0.2917
1.8400 0.6882 0.4058 0.2881 0.2789
1.8500 0.6890 0.3921 0.2751 0.2660
1.8600 0.6896 0.3783 0.2620 0.2531
1.8700 0.6902 0.3644 0.2489 0.2402
1.8800 0.6907 0.3503 0.2358 0.2274
1.8900 0.6911 0.3362 0.2228 0.2145
1.9000 0.6915 0.3219 0.2098 0.2018
1.9100 0.6918 0.3077 0.1968 0.1892
1.9200 0.6921 0.2934 0.1840 0.1767
1.9300 0.6923 0.2791 0.1712 0.1643
1.9400 0.6925 0.2648 0.1586 0.1521
1.9500 0.6926 0.2506 0.1461 0.1401
1.9600 0.6928 0.2365 0.1339 0.1284
1.9700 0.6929 0.2224 0.1218 0.1169
1.9800 0.6929 0.2086 0.1100 0.1057
1.9900 0.6930 0.1948 0.0986 0.0948
2.0000 0.6930 0.1813 0.0874 0.0843
2.0100 0.6930 0.1680 0.0766 0.0742
2.0200 0.6930 0.1549 0.0663 0.0645
2.0300 0.6930 0.1421 0.0564 0.0553
2.0400 0.6930 0.1296 0.0471 0.0466
2.0500 0.6930 0.1174 0.0383 0.0384
2.0600 0.6929 0.1056 0.0302 0.0309
2.0700 0.6929 0.0942 0.0228 0.0240
2.0800 0.6928 0.0832 0.0162 0.0179
2.0900 0.6928 0.0727 0.0105 0.0127
2.1000 0.6927 0.0627 0.0059 0.0084
2.1100 0.6927 0.0532 0.0024 0.0052
2.1200 0.6926 0.0444 0.0004 0.0033
2.1300 0.6925 0.0362 0.0004 0.0030
2.1400 0.6925 0.0288 0.0024 0.0042
2.1500 0.6924 0.0221 0.0059 0.0069
2.1600 0.6923 0.0164 0.0105 0.0108
2.1700 0.6922 0.0116 0.0162 0.0158
2.1800 0.6922 0.0080 0.0227 0.0216
2.1900 0.6921 0.0058 0.0301 0.0283
2.2000 0.6920 0.0051 0.0382 0.0357
2.2100 0.6919 0.0060 0.0469 0.0437
2.2200 0.6918 0.0085 0.0562 0.0524
2.2300 0.6916 0.0123 0.0661 0.0616
2.2400 0.6915 0.0173 0.0764 0.0714
2.2500 0.6914 0.0233 0.0871 0.0815
2.2600 0.6912 0.0302 0.0982 0.0921
2.2700 0.6910 0.0380 0.1097 0.1031
2.2800 0.6908 0.0465 0.1214 0.1144
2.2900 0.6906 0.0557 0.1334 0.1260
2.3000 0.6903 0.0655 0.1456 0.1378
2.3100 0.6900 0.0760 0.1581 0.1499
2.3200 0.6897 0.0870 0.1707 0.1622
2.3300 0.6894 0.0984 0.1834 0.1746
2.3400 0.6890 0.1104 0.1962 0.1872
2.3500 0.6886 0.1228 0.2092 0.1999
2.3600 0.6881 0.1355 0.2222 0.2126
2.3700 0.6876 0.1486 0.2352 0.2254
2.3800 0.6871 0.1620 0.2483 0.2383
2.3900 0.6865 0.1757 0.2614 0.2512
2.4000 0.6859 0.1896 0.2744 0.2641
2.4100 0.6852 0.2038 0.2875 0.2769
2.4200 0.6845 0.2181 0.3005 0.2897
2.4300 0.6838 0.2326 0.3134 0.3025
2.4400 0.6831 0.2471 0.3263 0.3151
2.4500 0.6823 0.2618 0.3391 0.3277
2.4600 0.6815 0.2765 0.3517 0.3402
2.4700 0.6807 0.2912 0.3643 0.3526
2.4800 0.6799 0.3059 0.3767 0.3648
2.4900 0.6791 0.3206 0.3890 0.3769
2.5000 0.6784 0.3352 0.4011 0.3888
2.5100 0.6776 0.3497 0.4131 0.4006
2.5200 0.6770 0.3641 0.4249 0.4122
2.5300 0.6763 0.3784 0.4364 0.4236
2.5400 0.6758 0.3924 0.4478 0.4349
2.5500 0.6753 0.4063 0.4590 0.4459
2.5600 0.6749 0.4200 0.4699 0.4567
2.5700 0.6747 0.4334 0.4806 0.4672
2.5800 0.6745 0.4465 0.4910 0.4776
2.5900 0.6745 0.4594 0.5012 0.4877
2.6000 0.6746 0.4720 0.5111 0.4975
2.6100 0.6748 0.4842 0.5208 0.5071
2.6200 0.6751 0.4962 0.5302 0.5165
2.6300 0.6756 0.5078 0.5392 0.5255
2.6400 0.6762 0.5190 0.5480 0.5343
2.6500 0.6768 0.5299 0.5566 0.5428
2.6600 0.6776 0.5404 0.5648 0.5511
2.6700 0.6784 0.5505 0.5727 0.5591
2.6800 0.6793 0.5603 0.5803 0.5668
2.6900 0.6802 0.5696 0.5876 0.5742
2.7000 0.6811 0.5786 0.5946 0.5813
2.7100 0.6820 0.5872 0.6013 0.5882
2.7200 0.6828 0.5954 0.6077 0.5947
2.7300 0.6836 0.6032 0.6138 0.6010
2.7400 0.6843 0.6107 0.6196 0.6071
2.7500 0.6848 0.6177 0.6251 0.6128
2.7600 0.6853 0.6244 0.6304 0.6183
2.7700 0.6855 0.6307 0.6353 0.6236
2.7800 0.6856 0.6366 0.6400 0.6286
2.7900 0.6855 0.6422 0.6445 0.6333
2.8000 0.6851 0.6475 0.6486 0.6378
2.8100 0.6844 0.6524 0.6525 0.6421
2.8200 0.6834 0.6569 0.6562 0.6461
2.8300 0.6819 0.6612 0.6597 0.6499
2.8400 0.6798 0.6651 0.6629 0.6534
2.8500 0.6769 0.6687 0.6658 0.6568
2.8600 0.6732 0.6720 0.6686 0.6599
2.8700 0.6683 0.6751 0.6712 0.6629
2.8800 0.6621 0.6778 0.6736 0.6656
2.8900 0.6543 0.6803 0.6758 0.6682
2.9000 0.6445 0.6826 0.6778 0.6706
2.9100 0.6324 0.6846 0.6796 0.6728
2.9200 0.6179 0.6863 0.6813 0.6748
2.9300 0.6006 0.6879 0.6828 0.6767
2.9400 0.5802 0.6892 0.6842 0.6784
2.9500 0.5566 0.6903 0.6855 0.6800
2.9600 0.5298 0.6912 0.6866 0.6814
2.9700 0.4996 0.6920 0.6876 0.6827
2.9800 0.4663 0.6925 0.6884 0.6839
2.9900 0.4300 0.6929 0.6892 0.6849
3.0000 0.3913 0.6931 0.6899 0.6859
3.0100 0.3506 0.6931 0.6905 0.6868
3.0200 0.3087 0.6930 0.6910 0.6875
3.0300 0.2666 0.6928 0.6914 0.6882
3.0400 0.2254 0.6925 0.6918 0.6888
3.0500 0.1867 0.6920 0.6921 0.6893
3.0600 0.1519 0.6914 0.6923 0.6898
3.0700 0.1231 0.6907 0.6925 0.6902
3.0800 0.1024 0.6899 0.6927 0.6905
3.0900 0.0917 0.6890 0.6928 0.6908
3.1000 0.0924 0.6881 0.6929 0.6911
3.1100 0.1042 0.6870 0.6930 0.6913
3.1200 0.1258 0.6860 0.6930 0.6915
3.1300 0.1551 0.6848 0.6931 0.6916
3.1400 0.1900 0.6837 0.6931 0.6917
3.1500 0.2287 0.6825 0.6931 0.6918
3.1600 0.2696 0.6813 0.6931 0.6919
3.1700 0.3113 0.6801 0.6931 0.6919
3.1800 0.3527 0.6788 0.6931 0.6920
3.1900 0.3929 0.6777 0.6931 0.6920
3.2000 0.4312 0.6765 0.6931 0.6920
3.2100 0.4671 0.6754 0.6931 0.6919
3.2200 0.5003 0.6743 0.6931 0.6919
3.2300 0.5305 0.6733 0.6931 0.6918
3.2400 0.5576 0.6723 0.6931 0.6917
3.2500 0.5815 0.6714 0.6931 0.6916
3.2600 0.6024 0.6707 0.6930 0.6914
3.2700 0.6205 0.6700 0.6930 0.6912
3.2800 0.6358 0.6694 0.6929 0.6910
3.2900 0.6486 0.6689 0.6928 0.6908
3.3000 0.6592 0.6686 0.6926 0.6904
3.3100 0.6679 0.6684 0.6925 0.6901
3.3200 0.6748 0.6683 0.6922 0.6897
3.3300 0.6802 0.6683 0.6920 0.6892
3.3400 0.6843 0.6685 0.6916 0.6887
3.3500 0.6875 0.6688 0.6912 0.6880
3.3600 0.6897 0.6692 0.6908 0.6874
3.3700 0.6913 0.6698 0.6902 0.6866
3.3800 0.6923 0.6705 0.6896 0.6857
3.3900 0.6928 0.6713 0.6889 0.6847
3.4000 0.6930 0.6722 0.6880 0.6836
3.4100 0.6929 0.6732 0.6871 0.6824
3.4200 0.6926 0.6743 0.6861 0.6811
3.4300 0.6922 0.6755 0.6849 0.6796
3.4400 0.6916 0.6768 0.6836 0.6780
3.4500 0.6910 0.6781 0.6822 0.6762
3.4600 0.6903 0.6795 0.6806 0.6743
3.4700 0.6896 0.6809 0.6788 0.6723
3.4800 0.6889 0.6823 0.6769 0.6700
3.4900 0.6881 0.6837 0.6748 0.6676
3.5000 0.6874 0.6850 0.6725 0.6650
3.5100 0.6867 0.6863 0.6701 0.6622
3.5200 0.6860 0.6876 0.6674 0.6592
3.5300 0.6854 0.6887 0.6646 0.6560
3.5400 0.6848 0.6898 0.6615 0.6526
3.5500 0.6843 0.6908 0.6582 0.6490
3.5600 0.6838 0.6916 0.6546 0.6451
3.5700 0.6833 0.6922 0.6508 0.6410
3.5800 0.6830 0.6927 0.6468 0.6367
3.5900 0.6827 0.6930 0.6425 0.6321
3.6000 0.6824 0.6931 0.6379 0.6273
3.6100 0.6822 0.6930 0.6331 0.6223
3.6200 0.6821 0.6927 0.6280 0.6170
3.6300 0.6821 0.6921 0.6226 0.6114
3.6400 0.6821 0.6913 0.6169 0.6056
3.6500 0.6821 0.6902 0.6110 0.5995
3.6600 0.6822 0.6889 0.6047 0.5931
3.6700 0.6824 0.6872 0.5981 0.5864
3.6800 0.6826 0.6853 0.5913 0.5795
3.6900 0.6828 0.6831 0.5841 0.5723
3.7000 0.6830 0.6805 0.5767 0.5648
3.7100 0.6833 0.6777 0.5689 0.5571
3.7200 0.6835 0.6746 0.5609 0.5490
3.7300 0.6838 0.6711 0.5525 0.5407
3.7400 0.6841 0.6674 0.5439 0.5321
3.7500 0.6843 0.6633 0.5349 0.5233
3.7600 0.6846 0.6589 0.5257 0.5141
3.7700 0.6848 0.6541 0.5162 0.5047
3.7800 0.6851 0.6491 0.5065 0.4951
3.7900 0.6853 0.6437 0.4964 0.4852
3.8000 0.6855 0.6381 0.4862 0.4750
3.8100 0.6857 0.6321 0.4756 0.4647
3.8200 0.6858 0.6257 0.4649 0.4541
3.8300 0.6860 0.6191 0.4539 0.4432
3.8400 0.6861 0.6121 0.4426 0.4322
3.8500 0.6862 0.6049 0.4312 0.4209
3.8600 0.6863 0.5973 0.4196 0.4095
3.8700 0.6863 0.5894 0.4078 0.3979
3.8800 0.6863 0.5812 0.3958 0.3861
3.8900 0.6863 0.5727 0.3836 0.3741
3.9000 0.6863 0.5639 0.3713 0.3620
3.9100 0.6863 0.5547 0.3589 0.3497
3.9200 0.6862 0.5453 0.3463 0.3374
3.9300 0.6862 0.5356 0.3336 0.3249
3.9400 0.6861 0.5255 0.3208 0.3123
3.9500 0.6860 0.5152 0.3079 0.2996
3.9600 0.6858 0.5046 0.2950 0.2868
3.9700 0.6857 0.4937 0.2820 0.2740
3.9800 0.6856 0.4825 0.2689 0.2612
3.9900 0.6854 0.4710 0.2558 0.2483
4.0000 0.6853 0.4592 0.2428 0.2354
4.0100 0.6851 0.4472 0.2297 0.2226
4.0200 0.6850 0.4349 0.2166 0.2097
4.0300 0.6848 0.4224 0.2036 0.1970
4.0400 0.6847 0.4096 0.1907 0.1843
4.0500 0.6845 0.3966 0.1779 0.1717
4.0600 0.6844 0.3833 0.1652 0.1593
4.0700 0.6843 0.3699 0.1526 0.1471
4.0800 0.6842 0.3562 0.1403 0.1350
4.0900 0.6842 0.3424 0.1281 0.1232
4.1000 0.6842 0.3283 0.1162 0.1117
4.1100 0.6842 0.3142 0.1045 0.1004
4.1200 0.6842 0.2999 0.0932 0.0895
4.1300 0.6842 0.2855 0.0822 0.0790
4.1400 0.6843 0.2710 0.0716 0.0689
4.1500 0.6845 0.2564 0.0615 0.0593
4.1600 0.6846 0.2419 0.0519 0.0502
4.1700 0.6848 0.2273 0.0428 0.0416
4.1800 0.6850 0.2127 0.0343 0.0337
4.1900 0.6853 0.1982 0.0266 0.0264
4.2000 0.6856 0.1839 0.0196 0.0199
4.2100 0.6858 0.1696 0.0134 0.0143
4.2200 0.6862 0.1555 0.0082 0.0096
4.2300 0.6865 0.1417 0.0042 0.0059
4.2400 0.6868 0.1281 0.0014 0.0035
4.2500 0.6871 0.1148 0.0003 0.0026
4.2600 0.6874 0.1019 0.0013 0.0034
4.2700 0.6878 0.0894 0.0040 0.0056
4.2800 0.6880 0.0774 0.0081 0.0091
4.2900 0.6883 0.0660 0.0132 0.0137
4.3000 0.6886 0.0551 0.0193 0.0192
4.3100 0.6888 0.0450 0.0263 0.0255
4.3200 0.6889 0.0356 0.0340 0.0326
4.3300 0.6891 0.0271 0.0424 0.0403
4.3400 0.6891 0.0195 0.0514 0.0486
4.3500 0.6891 0.0130 0.0610 0.0575
4.3600 0.6891 0.0078 0.0710 0.0668
4.3700 0.6889 0.0040 0.0815 0.0767
4.3800 0.6887 0.0020 0.0924 0.0869
4.3900 0.6883 0.0022 0.1037 0.0975
4.4000 0.6878 0.0045 0.1152 0.1085
4.4100 0.6871 0.0085 0.1271 0.1198
4.4200 0.6862 0.0139 0.1392 0.1313
4.4300 0.6850 0.0205 0.1515 0.1432
4.4400 0.6836 0.0280 0.1640 0.1552
4.4500 0.6818 0.0365 0.1766 0.1674
4.4600 0.6796 0.0457 0.1894 0.1798
4.4700 0.6769 0.0557 0.2023 0.1924
4.4800 0.6739 0.0662 0.2152 0.2050
4.4900 0.6703 0.0773 0.2282 0.2178
4.5000 0.6662 0.0888 0.2413 0.2306
4.5100 0.6617 0.1008 0.2544 0.2435
4.5200 0.6567 0.1132 0.2674 0.2563
4.5300 0.6513 0.1258 0.2805 0.2692
4.5400 0.6455 0.1388 0.2935 0.2821
4.5500 0.6395 0.1519 0.3065 0.2949
4.5600 0.6333 0.1653 0.3194 0.3076
4.5700 0.6271 0.1788 0.3323 0.3203
4.5800 0.6211 0.1925 0.3450 0.3328
4.5900 0.6154 0.2062 0.3576 0.3453
4.6000 0.6101 0.2200 0.3701 0.3576
4.6100 0.6054 0.2338 0.3825 0.3698
4.6200 0.6014 0.2477 0.3947 0.3818
4.6300 0.5982 0.2615 0.4068 0.3937
4.6400 0.5959 0.2753 0.4187 0.4054
4.6500 0.5946 0.2891 0.4304 0.4169
4.6600 0.5942 0.3028 0.4419 0.4282
4.6700 0.5947 0.3164 0.4531 0.4393
4.6800 0.5962 0.3299 0.4642 0.4502
4.6900 0.5985 0.3433 0.4750 0.4608
4.7000 0.6015 0.3566 0.4856 0.4712
4.7100 0.6051 0.3697 0.4959 0.4815
4.7200 0.6093 0.3827 0.5060 0.4914
4.7300 0.6138 0.3955 0.5158 0.5011
4.7400 0.6185 0.4082 0.5253 0.5106
4.7500 0.6234 0.4207 0.5346 0.5198
4.7600 0.6284 0.4330 0.5435 0.5288
4.7700 0.6333 0.4451 0.5522 0.5375
4.7800 0.6381 0.4570 0.5605 0.5459
4.7900 0.6427 0.4687 0.5686 0.5540
4.8000 0.6471 0.4802 0.5763 0.5619
4.8100 0.6512 0.4914 0.5838 0.5696
4.8200 0.6551 0.5024 0.5910 0.5769
4.8300 0.6587 0.5131 0.5978 0.5840
4.8400 0.6620 0.5236 0.6044 0.5908
4.8500 0.6651 0.5338 0.6106 0.5973
4.8600 0.6679 0.5438 0.6166 0.6035
4.8700 0.6705 0.5535 0.6223 0.6095
4.8800 0.6729 0.5628 0.6276 0.6152
4.8900 0.6751 0.5719 0.6328 0.6206
4.9000 0.6771 0.5807 0.6376 0.6258
4.9100 0.6789 0.5892 0.6421 0.6307
4.9200 0.6806 0.5973 0.6464 0.6354
4.9300 0.6821 0.6051 0.6505 0.6398
4.9400 0.6835 0.6126 0.6543 0.6439
4.9500 0.6848 0.6198 0.6579 0.6479
4.9600 0.6859 0.6266 0.6612 0.6516
4.9700 0.6870 0.6331 0.6643 0.6550
4.9800 0.6879 0.6392 0.6672 0.6583
4.9900 0.6888 0.6450 0.6699 0.6613
5.0000 0.6895 0.6504 0.6723 0.6641
5.0100 0.6902 0.6555 0.6746 0.6668
5.0200 0.6908 0.6602 0.6767 0.6692
5.0300 0.6912 0.6646 0.6787 0.6715
5.0400 0.6916 0.6686 0.6804 0.6736
5.0500 0.6919 0.6723 0.6821 0.6756
5.0600 0.6922 0.6756 0.6835 0.6774
5.0700 0.6923 0.6786 0.6848 0.6790
5.0800 0.6924 0.6813 0.6860 0.6805
5.0900 0.6924 0.6837 0.6871 0.6819
5.1000 0.6924 0.6858 0.6880 0.6831
5.1100 0.6924 0.6876 0.6888 0.6843
5.1200 0.6922 0.6891 0.6896 0.6853
5.1300 0.6921 0.6904 0.6902 0.6862
5.1400 0.6919 0.6914 0.6908 0.6870
5.1500 0.6917 0.6921 0.6912 0.6878
5.1600 0.6915 0.6926 0.6916 0.6884
5.1700 0.6912 0.6929 0.6920 0.6890
5.1800 0.6910 0.6931 0.6922 0.6895
5.1900 0.6907 0.6930 0.6925 0.6899
5.2000 0.6904 0.6928 0.6926 0.6903
5.2100 0.6901 0.6924 0.6928 0.6906
5.2200 0.6898 0.6919 0.6929 0.6909
5.2300 0.6895 0.6913 0.6930 0.6912
5.2400 0.6892 0.6907 0.6930 0.6914
5.2500 0.6888 0.6899 0.6931 0.6915
5.2600 0.6884 0.6891 0.6931 0.6917
5.2700 0.6880 0.6882 0.6931 0.6918
5.2800 0.6876 0.6873 0.6931 0.6919
5.2900 0.6871 0.6864 0.6931 0.6919
5.3000 0.6866 0.6855 0.6931 0.6920
5.3100 0.6861 0.6846 0.6931 0.6920
5.3200 0.6855 0.6837 0.6931 0.6920
5.3300 0.6848 0.6828 0.6931 0.6920
5.3400 0.6841 0.6820 0.6931 0.6919
5.3500 0.6833 0.6812 0.6931 0.6918
5.3600 0.6824 0.6805 0.6931 0.6918
5.3700 0.6814 0.6799 0.6931 0.6916
5.3800 0.6803 0.6793 0.6930 0.6915
5.3900 0.6791 0.6788 0.6930 0.6913
5.4000 0.6777 0.6783 0.6929 0.6911
5.4100 0.6763 0.6779 0.6928 0.6909
5.4200 0.6746 0.6776 0.6927 0.6906
5.4300 0.6728 0.6774 0.6925 0.6902
5.4400 0.6709 0.6773 0.6923 0.6899
5.4500 0.6688 0.6772 0.6921 0.6894
5.4600 0.6665 0.6772 0.6918 0.6889
5.4700 0.6640 0.6773 0.6914 0.6883
5.4800 0.6613 0.6775 0.6910 0.6877
5.4900 0.6585 0.6777 0.6905 0.6870
5.5000 0.6555 0.6780 0.6899 0.6862
5.5100 0.6523 0.6784 0.6892 0.6852
5.5200 0.6490 0.6788 0.6885 0.6842
5.5300 0.6455 0.6792 0.6876 0.6831
5.5400 0.6420 0.6797 0.6866 0.6819
5.5500 0.6383 0.6803 0.6855 0.6805
5.5600 0.6347 0.6809 0.6843 0.6790
5.5700 0.6310 0.6815 0.6829 0.6773
5.5800 0.6274 0.6822 0.6814 0.6755
5.5900 0.6239 0.6829 0.6797 0.6736
5.6000 0.6206 0.6836 0.6779 0.6715
5.6100 0.6174 0.6843 0.6759 0.6692
5.6200 0.6145 0.6851 0.6737 0.6667
5.6300 0.6120 0.6858 0.6714 0.6640
5.6400 0.6098 0.6866 0.6688 0.6611
5.6500 0.6081 0.6873 0.6660 0.6580
5.6600 0.6069 0.6880 0.6631 0.6547
5.6700 0.6062 0.6887 0.6599 0.6512
5.6800 0.6061 0.6894 0.6565 0.6475
5.6900 0.6066 0.6901 0.6528 0.6435
5.7000 0.6077 0.6907 0.6489 0.6393
5.7100 0.6094 0.6912 0.6447 0.6349
5.7200 0.6117 0.6917 0.6403 0.6302
5.7300 0.6145 0.6922 0.6356 0.6252
5.7400 0.6179 0.6926 0.6306 0.6200
5.7500 0.6217 0.6928 0.6254 0.6146
5.7600 0.6259 0.6930 0.6199 0.6089
5.7700 0.6304 0.6931 0.6140 0.6029
5.7800 0.6351 0.6931 0.6079 0.5967
5.7900 0.6400 0.6929 0.6015 0.5902
5.8000 0.6448 0.6927 0.5948 0.5834
5.8100 0.6496 0.6922 0.5878 0.5764
5.8200 0.6542 0.6916 0.5805 0.5691
5.8300 0.6586 0.6909 0.5729 0.5615
5.8400 0.6626 0.6899 0.5650 0.5536
5.8500 0.6663 0.6887 0.5568 0.5455
5.8600 0.6695 0.6874 0.5484 0.5371
5.8700 0.6722 0.6858 0.5396 0.5284
5.8800 0.6745 0.6839 0.5305 0.5195
5.8900 0.6762 0.6818 0.5212 0.5103
5.9000 0.6775 0.6795 0.5116 0.5008
5.9100 0.6783 0.6768 0.5017 0.4911
5.9200 0.6785 0.6739 0.4915 0.4811
5.9300 0.6782 0.6707 0.4812 0.4709
5.9400 0.6773 0.6671 0.4705 0.4604
5.9500 0.6757 0.6632 0.4597 0.4497
5.9600 0.6733 0.6590 0.4486 0.4388
5.9700 0.6700 0.6544 0.4373 0.4277
5.9800 0.6656 0.6495 0.4258 0.4163
5.9900 0.6598 0.6442 0.4141 0.4048
6.0000 0.6524 0.6385 0.4022 0.3930
6.0100 0.6433 0.6325 0.3901 0.3811
6.0200 0.6321 0.6260 0.3779 0.3691
6.0300 0.6186 0.6192 0.3655 0.3569
6.0400 0.6027 0.6120 0.3530 0.3445
6.0500 0.5842 0.6044 0.3404 0.3321
6.0600 0.5632 0.5964 0.3277 0.3195
6.0700 0.5397 0.5881 0.3149 0.3069
6.0800 0.5139 0.5793 0.3020 0.2942
6.0900 0.4862 0.5702 0.2890 0.2814
6.1000 0.4569 0.5607 0.2759 0.2687
6.1100 0.4269 0.5509 0.2629 0.2559
6.1200 0.3967 0.5407 0.2498 0.2431
6.1300 0.3673 0.5302 0.2367 0.2303
6.1400 0.3397 0.5193 0.2236 0.2176
6.1500 0.3150 0.5081 0.2106 0.2049
6.1600 0.2944 0.4966 0.1976 0.1923
6.1700 0.2787 0.4848 0.1847 0.1798
6.1800 0.2688 0.4727 0.1720 0.1675
6.1900 0.2653 0.4604 0.1593 0.1553
6.2000 0.2683 0.4478 0.1468 0.1432
6.2100 0.2776 0.4350 0.1345 0.1314
6.2200 0.2926 0.4220 0.1225 0.1198
6.2300 0.3124 0.4089 0.1107 0.1084
6.2400 0.3360 0.3955 0.0991 0.0974
6.2500 0.3623 0.3820 0.0880 0.0866
6.2600 0.3904 0.3684 0.0772 0.0762
6.2700 0.4193 0.3546 0.0668 0.0663
6.2800 0.4482 0.3408 0.0569 0.0567
6.2900 0.4765 0.3269 0.0475 0.0477
6.3000 0.5036 0.3130 0.0387 0.0392
6.3100 0.5290 0.2990 0.0306 0.0313
6.3200 0.5526 0.2850 0.0232 0.0241
6.3300 0.5741 0.2711 0.0166 0.0177
6.3400 0.5935 0.2571 0.0109 0.0120
6.3500 0.6106 0.2433 0.0063 0.0074
6.3600 0.6257 0.2295 0.0028 0.0038
6.3700 0.6387 0.2158 0.0008 0.0015
6.3800 0.6498 0.2023 0.0007 0.0010
6.3900 0.6592 0.1889 0.0027 0.0023
6.4000 0.6670 0.1756 0.0060 0.0051
6.4100 0.6734 0.1626 0.0106 0.0091
6.4200 0.6786 0.1498 0.0162 0.0142
6.4300 0.6827 0.1372 0.0227 0.0201
6.4400 0.6859 0.1249 0.0300 0.0269
6.4500 0.6883 0.1129 0.0381 0.0344
6.4600 0.6900 0.1013 0.0468 0.0425
6.4700 0.6912 0.0900 0.0560 0.0513
6.4800 0.6919 0.0791 0.0658 0.0605
6.4900 0.6923 0.0687 0.0761 0.0703
6.5000 0.6922 0.0587 0.0868 0.0804
6.5100 0.6919 0.0494 0.0978 0.0910
6.5200 0.6914 0.0406 0.1092 0.1019
6.5300 0.6907 0.0325 0.1209 0.1131
6.5400 0.6898 0.0251 0.1328 0.1246
6.5500 0.6887 0.0185 0.1450 0.1364
6.5600 0.6876 0.0129 0.1574 0.1483
6.5700 0.6864 0.0084 0.1700 0.1605
6.5800 0.6851 0.0051 0.1826 0.1728
6.5900 0.6838 0.0034 0.1955 0.1853
6.6000 0.6824 0.0035 0.2084 0.1979
6.6100 0.6811 0.0054 0.2214 0.2106
6.6200 0.6799 0.0088 0.2344 0.2233
6.6300 0.6786 0.0136 0.2475 0.2361
6.6400 0.6775 0.0195 0.2605 0.2489
6.6500 0.6765 0.0264 0.2736 0.2618
6.6600 0.6755 0.0342 0.2867 0.2746
6.6700 0.6747 0.0429 0.2997 0.2875
6.6800 0.6740 0.0524 0.3127 0.3002
6.6900 0.6735 0.0625 0.3255 0.3129
6.7000 0.6730 0.0733 0.3383 0.3256
6.7100 0.6728 0.0847 0.3511 0.3381
6.7200 0.6726 0.0966 0.3636 0.3505
6.7300 0.6726 0.1091 0.3761 0.3628
6.7400 0.6727 0.1219 0.3884 0.3750
6.7500 0.6729 0.1352 0.4006 0.3870
6.7600 0.6731 0.1488 0.4126 0.3988
6.7700 0.6735 0.1627 0.4244 0.4105
6.7800 0.6739 0.1769 0.4360 0.4219
6.7900 0.6744 0.1914 0.4474 0.4332
6.8000 0.6749 0.2060 0.4586 0.4442
6.8100 0.6755 0.2208 0.4695 0.4550
6.8200 0.6760 0.2357 0.4803 0.4656
6.8300 0.6766 0.2507 0.4907 0.4759
6.8400 0.6771 0.2657 0.5009 0.4860
6.8500 0.6776 0.2808 0.5109 0.4959
6.8600 0.6781 0.2958 0.5205 0.5054
6.8700 0.6785 0.3108 0.5299 0.5148
6.8800 0.6789 0.3258 0.5390 0.5238
6.8900 0.6793 0.3406 0.5478 0.5326
6.9000 0.6796 0.3552 0.5563 0.5412
6.9100 0.6799 0.3697 0.5646 0.5494
6.9200 0.6800 0.3840 0.5725 0.5574
6.9300 0.6802 0.3981 0.5801 0.5651
6.9400 0.6802 0.4120 0.5874 0.5726
6.9500 0.6803 0.4256 0.5944 0.5798
6.9600 0.6802 0.4389 0.6011 0.5867
6.9700 0.6801 0.4520 0.6075 0.5933
6.9800 0.6799 0.4647 0.6136 0.5997
6.9900 0.6797 0.4771 0.6194 0.6058
7.0000 0.6794 0.4892 0.6250 0.6117
7.0100 0.6791 0.5009 0.6302 0.6172
7.0200 0.6787 0.5123 0.6352 0.6226
7.0300 0.6782 0.5233 0.6399 0.6277
7.0400 0.6777 0.5340 0.6443 0.6325
7.0500 0.6772 0.5442 0.6485 0.6371
7.0600 0.6766 0.5541 0.6524 0.6414
7.0700 0.6759 0.5636 0.6561 0.6455
7.0800 0.6753 0.5728 0.6595 0.6493
7.0900 0.6746 0.5815 0.6627 0.6530
7.1000 0.6740 0.5899 0.6657 0.6564
7.1100 0.6733 0.5979 0.6685 0.6596
7.1200 0.6727 0.6055 0.6711 0.6626
7.1300 0.6720 0.6128 0.6735 0.6653
7.1400 0.6714 0.6197 0.6757 0.6679
7.1500 0.6709 0.6262 0.6777 0.6703
7.1600 0.6704 0.6323 0.6796 0.6725
7.1700 0.6700 0.6382 0.6813 0.6746
7.1800 0.6697 0.6436 0.6828 0.6765
7.1900 0.6694 0.6488 0.6842 0.6782
7.2000 0.6693 0.6536 0.6855 0.6798
7.2100 0.6693 0.6581 0.6866 0.6812
7.2200 0.6694 0.6623 0.6876 0.6825
7.2300 0.6696 0.6662 0.6885 0.6837
7.2400 0.6699 0.6697 0.6892 0.6848
7.2500 0.6704 0.6730 0.6899 0.6857
7.2600 0.6709 0.6760 0.6905 0.6866
7.2700 0.6716 0.6788 0.6910 0.6874
7.2800 0.6724 0.6812 0.6914 0.6880
7.2900 0.6733 0.6834 0.6918 0.6887
7.3000 0.6743 0.6854 0.6921 0.6892
7.3100 0.6753 0.6871 0.6924 0.6897
7.3200 0.6764 0.6886 0.6926 0.6901
7.3300 0.6775 0.6899 0.6927 0.6904
7.3400 0.6786 0.6909 0.6928 0.6907
7.3500 0.6797 0.6917 0.6929 0.6910
7.3600 0.6808 0.6924 0.6930 0.6912
7.3700 0.6819 0.6928 0.6931 0.6914
7.3800 0.6829 0.6930 0.6931 0.6916
7.3900 0.6838 0.6931 0.6931 0.6917
7.4000 0.6847 0.6930 0.6931 0.6918
7.4100 0.6855 0.6927 0.6931 0.6919
7.4200 0.6862 0.6923 0.6931 0.6919
7.4300 0.6868 0.6918 0.6931 0.6920
7.4400 0.6873 0.6911 0.6931 0.6920
7.4500 0.6877 0.6903 0.6931 0.6920
7.4600 0.6880 0.6893 0.6931 0.6919
7.4700 0.6882 0.6883 0.6931 0.6919
7.4800 0.6883 0.6872 0.6931 0.6918
7.4900 0.6883 0.6860 0.6931 0.6917
7.5000 0.6882 0.6847 0.6931 0.6916
7.5100 0.6879 0.6834 0.6930 0.6915
7.5200 0.6875 0.6821 0.6930 0.6913
7.5300 0.6868 0.6807 0.6929 0.6910
7.5400 0.6859 0.6793 0.6928 0.6908
7.5500 0.6847 0.6780 0.6926 0.6905
7.5600 0.6832 0.6766 0.6924 0.6901
7.5700 0.6812 0.6752 0.6922 0.6897
7.5800 0.6789 0.6739 0.6919 0.6892
7.5900 0.6761 0.6727 0.6916 0.6887
7.6000 0.6728 0.6715 0.6912 0.6881
7.6100 0.6691 0.6704 0.6908 0.6874
7.6200 0.6649 0.6694 0.6902 0.6866
7.6300 0.6603 0.6685 0.6896 0.6858
7.6400 0.6554 0.6677 0.6889 0.6848
7.6500 0.6502 0.6671 0.6881 0.6837
7.6600 0.6448 0.6665 0.6871 0.6825
7.6700 0.6394 0.6661 0.6861 0.6812
7.6800 0.6341 0.6659 0.6849 0.6798
7.6900 0.6290 0.6658 0.6836 0.6782
7.7000 0.6242 0.6658 0.6822 0.6765
7.7100 0.6198 0.6660 0.6806 0.6746
7.7200 0.6160 0.6663 0.6789 0.6726
7.7300 0.6129 0.6668 0.6770 0.6704
7.7400 0.6104 0.6674 0.6749 0.6681
7.7500 0.6087 0.6681 0.6727 0.6655
7.7600 0.6078 0.6690 0.6702 0.6628
7.7700 0.6075 0.6700 0.6676 0.6599
7.7800 0.6080 0.6711 0.6647 0.6567
7.7900 0.6092 0.6723 0.6616 0.6534
7.8000 0.6109 0.6736 0.6583 0.6498
7.8100 0.6131 0.6749 0.6548 0.6460
7.8200 0.6158 0.6763 0.6510 0.6420
7.8300 0.6187 0.6778 0.6470 0.6377
7.8400 0.6219 0.6793 0.6427 0.6332
7.8500 0.6253 0.6808 0.6381 0.6284
7.8600 0.6288 0.6822 0.6333 0.6234
7.8700 0.6322 0.6837 0.6282 0.6181
7.8800 0.6357 0.6851 0.6228 0.6125
7.8900 0.6391 0.6864 0.6171 0.6067
7.9000 0.6425 0.6877 0.6112 0.6006
7.9100 0.6457 0.6889 0.6049 0.5942
7.9200 0.6488 0.6899 0.5984 0.5876
7.9300 0.6518 0.6909 0.5915 0.5807
7.9400 0.6546 0.6917 0.5844 0.5735
7.9500 0.6574 0.6923 0.5769 0.5661
7.9600 0.6600 0.6927 0.5692 0.5583
7.9700 0.6625 0.6930 0.5611 0.5503
7.9800 0.6650 0.6931 0.5528 0.5421
7.9900 0.6673 0.6930 0.5442 0.5335
8.0000 0.6695 0.6926 0.5352 0.5248
8.0100 0.6716 0.6920 0.5261 0.5157
8.0200 0.6737 0.6912 0.5166 0.5064
8.0300 0.6756 0.6901 0.5069 0.4968
8.0400 0.6775 0.6888 0.4969 0.4870
8.0500 0.6793 0.6872 0.4866 0.4769
8.0600 0.6810 0.6853 0.4761 0.4666
8.0700 0.6825 0.6832 0.4654 0.4561
8.0800 0.6840 0.6808 0.4544 0.4453
8.0900 0.6853 0.6781 0.4432 0.4343
8.1000 0.6866 0.6751 0.4318 0.4231
8.1100 0.6876 0.6718 0.4202 0.4117
8.1200 0.6886 0.6683 0.4085 0.4001
8.1300 0.6894 0.6644 0.3965 0.3884
8.1400 0.6901 0.6603 0.3844 0.3764
8.1500 0.6907 0.6558 0.3721 0.3643
8.1600 0.6912 0.6511 0.3597 0.3520
8.1700 0.6915 0.6460 0.3471 0.3396
8.1800 0.6918 0.6407 0.3345 0.3270
8.1900 0.6919 0.6350 0.3217 0.3144
8.2000 0.6919 0.6291 0.3088 0.3016
8.2100 0.6918 0.6228 0.2959 0.2888
8.2200 0.6917 0.6162 0.2829 0.2760
8.2300 0.6915 0.6093 0.2698 0.2631
8.2400 0.6912 0.6021 0.2567 0.2502
8.2500 0.6909 0.5946 0.2436 0.2373
8.2600 0.6905 0.5867 0.2305 0.2244
8.2700 0.6901 0.5786 0.2175 0.2116
8.2800 0.6897 0.5701 0.2044 0.1989
8.2900 0.6892 0.5613 0.1915 0.1863
8.3000 0.6887 0.5522 0.1786 0.1738
8.3100 0.6881 0.5428 0.1659 0.1615
8.3200 0.6875 0.5331 0.1533 0.1494
8.3300 0.6869 0.5230 0.1409 0.1374
8.3400 0.6862 0.5127 0.1287 0.1258
8.3500 0.6854 0.5020 0.1167 0.1143
8.3600 0.6846 0.4910 0.1051 0.1032
8.3700 0.6838 0.4797 0.0937 0.0925
8.3800 0.6829 0.4682 0.0827 0.0821
8.3900 0.6818 0.4563 0.0721 0.0721
8.4000 0.6807 0.4441 0.0619 0.0625
8.4100 0.6795 0.4317 0.0523 0.0534
8.4200 0.6781 0.4190 0.0432 0.0449
8.4300 0.6766 0.4060 0.0347 0.0369
8.4400 0.6749 0.3928 0.0270 0.0296
8.4500 0.6731 0.3794 0.0199 0.0230
8.4600 0.6710 0.3657 0.0138 0.0172
8.4700 0.6687 0.3519 0.0086 0.0122
8.4800 0.6662 0.3378 0.0046 0.0082
8.4900 0.6633 0.3236 0.0018 0.0054
8.5000 0.6602 0.3093 0.0007 0.0040
8.5100 0.6568 0.2948 0.0017 0.0041
8.5200 0.6530 0.2803 0.0043 0.0057
8.5300 0.6488 0.2657 0.0083 0.0087
8.5400 0.6443 0.2511 0.0134 0.0128
8.5500 0.6394 0.2364 0.0195 0.0179
8.5600 0.6340 0.2218 0.0264 0.0239
8.5700 0.6283 0.2073 0.0340 0.0307
8.5800 0.6221 0.1928 0.0424 0.0383
8.5900 0.6155 0.1785 0.0513 0.0465
8.6000 0.6085 0.1644 0.0609 0.0553
8.6100 0.6012 0.1505 0.0709 0.0646
8.6200 0.5935 0.1369 0.0813 0.0744
8.6300 0.5856 0.1236 0.0922 0.0846
8.6400 0.5774 0.1106 0.1034 0.0953
8.6500 0.5691 0.0981 0.1149 0.1063
8.6600 0.5608 0.0860 0.1267 0.1176
8.6700 0.5525 0.0745 0.1387 0.1292
8.6800 0.5444 0.0635 0.1510 0.1411
8.6900 0.5366 0.0532 0.1635 0.1532
8.7000 0.5292 0.0437 0.1761 0.1655
8.7100 0.5224 0.0349 0.1888 0.1779
8.7200 0.5164 0.0270 0.2017 0.1905
8.7300 0.5112 0.0202 0.2146 0.2031
8.7400 0.5071 0.0145 0.2276 0.2159
8.7500 0.5041 0.0100 0.2407 0.2287
8.7600 0.5024 0.0071 0.2538 0.2415
8.7700 0.5020 0.0058 0.2669 0.2544
8.7800 0.5031 0.0064 0.2799 0.2672
8.7900 0.5057 0.0087 0.2930 0.2800
8.8000 0.5097 0.0126 0.3060 0.2928
8.8100 0.5152 0.0177 0.3189 0.3055
8.8200 0.5220 0.0239 0.3318 0.3182
8.8300 0.5301 0.0311 0.3446 0.3307
8.8400 0.5392 0.0391 0.3572 0.3432
8.8500 0.5493 0.0479 0.3698 0.3555
8.8600 0.5601 0.0573 0.3822 0.3677
8.8700 0.5714 0.0673 0.3944 0.3798
8.8800 0.5830 0.0778 0.4065 0.3917
8.8900 0.5946 0.0888 0.4184 0.4035
8.9000 0.6061 0.1002 0.4302 0.4150
8.9100 0.6172 0.1119 0.4417 0.4264
8.9200 0.6277 0.1240 0.4530 0.4376
8.9300 0.6374 0.1363 0.4641 0.4486
8.9400 0.6463 0.1489 0.4749 0.4593
8.9500 0.6542 0.1617 0.4855 0.4699
8.9600 0.6612 0.1746 0.4959 0.4801
8.9700 0.6671 0.1877 0.5059 0.4902
8.9800 0.6719 0.2009 0.5158 0.5000
8.9900 0.6758 0.2142 0.5253 0.5095
9.0000 0.6789 0.2276 0.5345 0.5188
9.0100 0.6811 0.2410 0.5435 0.5278
9.0200 0.6826 0.2545 0.5521 0.5365
9.0300 0.6835 0.2680 0.5605 0.5450
9.0400 0.6838 0.2815 0.5686 0.5532
9.0500 0.6836 0.2950 0.5763 0.5611
9.0600 0.6829 0.3084 0.5838 0.5687
9.0700 0.6816 0.3218 0.5909 0.5761
9.0800 0.6797 0.3351 0.5978 0.5831
9.0900 0.6770 0.3484 0.6043 0.5899
9.1000 0.6734 0.3615 0.6106 0.5964
9.1100 0.6687 0.3746 0.6165 0.6026
9.1200 0.6628 0.3875 0.6222 0.6086
9.1300 0.6555 0.4004 0.6276 0.6143
9.1400 0.6465 0.4130 0.6327 0.6197
9.1500 0.6360 0.4255 0.6375 0.6249
9.1600 0.6237 0.4379 0.6421 0.6298
9.1700 0.6099 0.4501 0.6464 0.6345
9.1800 0.5947 0.4620 0.6504 0.6389
9.1900 0.5783 0.4738 0.6542 0.6431
9.2000 0.5611 0.4854 0.6578 0.6471
9.2100 0.5436 0.4967 0.6611 0.6508
9.2200 0.5262 0.5078 0.6643 0.6543
9.2300 0.5096 0.5186 0.6671 0.6576
9.2400 0.4943 0.5292 0.6698 0.6607
9.2500 0.4810 0.5394 0.6723 0.6636
9.2600 0.4701 0.5494 0.6746 0.6663
9.2700 0.4622 0.5591 0.6767 0.6688
9.2800 0.4574 0.5685 0.6787 0.6712
9.2900 0.4560 0.5776 0.6804 0.6733
9.3000 0.4579 0.5863 0.6821 0.6753
9.3100 0.4630 0.5947 0.6835 0.6771
9.3200 0.4710 0.6028 0.6848 0.6788
9.3300 0.4815 0.6105 0.6860 0.6804
9.3400 0.4939 0.6179 0.6871 0.6818
9.3500 0.5079 0.6249 0.6880 0.6830
9.3600 0.5228 0.6315 0.6889 0.6842
9.3700 0.5382 0.6378 0.6896 0.6852
9.3800 0.5536 0.6437 0.6902 0.6861
9.3900 0.5688 0.6492 0.6908 0.6870
9.4000 0.5833 0.6544 0.6912 0.6877
9.4100 0.5970 0.6592 0.6916 0.6883
9.4200 0.6098 0.6636 0.6920 0.6889
9.4300 0.6214 0.6677 0.6922 0.6894
9.4400 0.6319 0.6714 0.6925 0.6899
9.4500 0.6412 0.6748 0.6926 0.6903
9.4600 0.6495 0.6779 0.6928 0.6906
9.4700 0.6567 0.6806 0.6929 0.6909
9.4800 0.6629 0.6831 0.6930 0.6911
9.4900 0.6682 0.6852 0.6930 0.6913
9.5000 0.6727 0.6870 0.6931 0.6915
9.5100 0.6765 0.6886 0.6931 0.6916
9.5200 0.6797 0.6899 0.6931 0.6917
9.5300 0.6824 0.6909 0.6931 0.6918
9.5400 0.6845 0.6918 0.6931 0.6919
9.5500 0.6863 0.6924 0.6931 0.6919
9.5600 0.6877 0.6928 0.6931 0.6920
9.5700 0.6888 0.6930 0.6931 0.6920
9.5800 0.6896 0.6931 0.6931 0.6919
9.5900 0.6901 0.6930 0.6931 0.6919
9.6000 0.6904 0.6928 0.6931 0.6919
9.6100 0.6905 0.6924 0.6931 0.6918
9.6200 0.6904 0.6920 0.6931 0.6917
9.6300 0.6901 0.6915 0.6930 0.6915
9.6400 0.6896 0.6909 0.6930 0.6914
9.6500 0.6890 0.6902 0.6929 0.6912
9.6600 0.6883 0.6895 0.6928 0.6909
9.6700 0.6874 0.6887 0.6927 0.6907
9.6800 0.6864 0.6879 0.6925 0.6904
9.6900 0.6853 0.6871 0.6923 0.6900
9.7000 0.6842 0.6863 0.6921 0.6896
9.7100 0.6830 0.6855 0.6918 0.6891
9.7200 0.6819 0.6847 0.6914 0.6885
9.7300 0.6808 0.6840 0.6910 0.6879
9.7400 0.6797 0.6832 0.6905 0.6872
9.7500 0.6787 0.6825 0.6899 0.6863
9.7600 0.6778 0.6819 0.6893 0.6854
9.7700 0.6771 0.6813 0.6885 0.6844
9.7800 0.6764 0.6807 0.6876 0.6833
9.7900 0.6759 0.6802 0.6867 0.6821
9.8000 0.6755 0.6797 0.6856 0.6807
9.8100 0.6752 0.6793 0.6843 0.6792
9.8200 0.6751 0.6790 0.6830 0.6776
9.8300 0.6751 0.6787 0.6815 0.6758
9.8400 0.6752 0.6785 0.6798 0.6738
9.8500 0.6754 0.6783 0.6780 0.6717
9.8600 0.6757 0.6782 0.6760 0.6694
9.8700 0.6760 0.6782 0.6739 0.6670
9.8800 0.6764 0.6782 0.6715 0.6643
9.8900 0.6769 0.6783 0.6690 0.6615
9.9000 0.6773 0.6784 0.6662 0.6584
9.9100 0.6778 0.6786 0.6632 0.6552
9.9200 0.6782 0.6789 0.6600 0.6517
9.9300 0.6787 0.6792 0.6566 0.6480
9.9400 0.6791 0.6796 0.6530 0.6441
9.9500 0.6794 0.6800 0.6490 0.6400
9.9600 0.6797 0.6805 0.6449 0.6356
9.9700 0.6800 0.6810 0.6405 0.6310
9.9800 0.6802 0.6815 0.6358 0.6261
9.9900 0.6803 0.6821 0.6308 0.6210
10.0000 0.6803 0.6827 0.6256 0.6156
