 t	 x	 y	 z
0.0000 -0.0000 0.0000 0.0000
0.0100 0.0043 0.0011 0.0010
0.0200 0.0144 0.0038 0.0036
0.0300 0.0287 0.0077 0.0073
0.0400 0.0463 0.0126 0.0121
0.0500 0.0666 0.0185 0.0178
0.0600 0.0890 0.0252 0.0242
0.0700 0.1131 0.0327 0.0314
0.0800 0.1386 0.0409 0.0393
0.0900 0.1650 0.0496 0.0477
0.1000 0.1921 0.0590 0.0567
0.1100 0.2197 0.0688 0.0662
0.1200 0.2474 0.0791 0.0762
0.1300 0.2751 0.0899 0.0865
0.1400 0.3025 0.1010 0.0973
0.1500 0.3295 0.1124 0.1084
0.1600 0.3559 0.1242 0.1199
0.1700 0.3816 0.1363 0.1316
0.1800 0.4065 0.1486 0.1436
0.1900 0.4304 0.1612 0.1558
0.2000 0.4533 0.1739 0.1682
0.2100 0.4751 0.1868 0.1808
0.2200 0.4957 0.1999 0.1936
0.2300 0.5152 0.2130 0.2065
0.2400 0.5334 0.2263 0.2195
0.2500 0.5504 0.2396 0.2326
0.2600 0.5662 0.2530 0.2458
0.2700 0.5808 0.2665 0.2590
0.2800 0.5942 0.2799 0.2723
0.2900 0.6064 0.2934 0.2856
0.3000 0.6176 0.3068 0.2989
0.3100 0.6276 0.3202 0.3121
0.3200 0.6367 0.3335 0.3254
0.3300 0.6447 0.3468 0.3386
0.3400 0.6519 0.3600 0.3517
0.3500 0.6582 0.3731 0.3647
0.3600 0.6638 0.3860 0.3777
0.3700 0.6686 0.3989 0.3905
0.3800 0.6728 0.4116 0.4032
0.3900 0.6764 0.4241 0.4158
0.4000 0.6795 0.4365 0.4283
0.4100 0.6821 0.4487 0.4405
0.4200 0.6842 0.4607 0.4526
0.4300 0.6861 0.4725 0.4645
0.4400 0.6876 0.4841 0.4762
0.4500 0.6888 0.4955 0.4877
0.4600 0.6898 0.5067 0.4990
0.4700 0.6906 0.5176 0.5100
0.4800 0.6912 0.5282 0.5208
0.4900 0.6917 0.5386 0.5314
0.5000 0.6921 0.5487 0.5416
0.5100 0.6924 0.5586 0.5516
0.5200 0.6926 0.5682 0.5613
0.5300 0.6928 0.5774 0.5708
0.5400 0.6929 0.5864 0.5799
0.5500 0.6930 0.5950 0.5887
0.5600 0.6930 0.6034 0.5972
0.5700 0.6930 0.6114 0.6054
0.5800 0.6931 0.6190 0.6132
0.5900 0.6931 0.6263 0.6207
0.6000 0.6931 0.6333 0.6279
0.6100 0.6931 0.6399 0.6347
0.6200 0.6931 0.6462 0.6411
0.6300 0.6931 0.6521 0.6472
0.6400 0.6931 0.6576 0.6530
0.6500 0.6931 0.6627 0.6583
0.6600 0.6931 0.6675 0.6633
0.6700 0.6931 0.6718 0.6679
0.6800 0.6931 0.6758 0.6722
0.6900 0.6931 0.6793 0.6760
0.7000 0.6931 0.6825 0.6795
0.7100 0.6930 0.6853 0.6825
0.7200 0.6930 0.6876 0.6852
0.7300 0.6930 0.6895 0.6875
0.7400 0.6930 0.6910 0.6894
0.7500 0.6930 0.6921 0.6909
0.7600 0.6930 0.6928 0.6920
0.7700 0.6930 0.6931 0.6928
0.7800 0.6930 0.6929 0.6931
0.7900 0.6930 0.6924 0.6930
0.8000 0.6930 0.6914 0.6925
0.8100 0.6930 0.6900 0.6917
0.8200 0.6930 0.6882 0.6904
0.8300 0.6930 0.6859 0.6888
0.8400 0.6930 0.6833 0.6868
0.8500 0.6929 0.6802 0.6843
0.8600 0.6929 0.6768 0.6815
0.8700 0.6929 0.6729 0.6784
0.8800 0.6929 0.6687 0.6748
0.8900 0.6929 0.6641 0.6709
0.9000 0.6929 0.6591 0.6665
0.9100 0.6929 0.6537 0.6619
0.9200 0.6928 0.6479 0.6568
0.9300 0.6928 0.6418 0.6514
0.9400 0.6928 0.6353 0.6457
0.9500 0.6928 0.6285 0.6396
0.9600 0.6927 0.6213 0.6331
0.9700 0.6927 0.6138 0.6264
0.9800 0.6926 0.6060 0.6193
0.9900 0.6926 0.5979 0.6119
1.0000 0.6925 0.5895 0.6041
1.0100 0.6924 0.5808 0.5961
1.0200 0.6923 0.5718 0.5877
1.0300 0.6921 0.5626 0.5791
1.0400 0.6919 0.5531 0.5702
1.0500 0.6917 0.5433 0.5610
1.0600 0.6914 0.5334 0.5516
1.0700 0.6910 0.5232 0.5419
1.0800 0.6906 0.5128 0.5320
1.0900 0.6900 0.5022 0.5219
1.1000 0.6894 0.4914 0.5115
1.1100 0.6886 0.4805 0.5010
1.1200 0.6877 0.4694 0.4902
1.1300 0.6866 0.4582 0.4793
1.1400 0.6853 0.4469 0.4682
1.1500 0.6838 0.4354 0.4569
1.1600 0.6820 0.4239 0.4456
1.1700 0.6800 0.4123 0.4341
1.1800 0.6776 0.4006 0.4224
1.1900 0.6748 0.3888 0.4107
1.2000 0.6717 0.3771 0.3989
1.2100 0.6682 0.3653 0.3871
1.2200 0.6642 0.3535 0.3752
1.2300 0.6598 0.3417 0.3632
1.2400 0.6548 0.3300 0.3513
1.2500 0.6493 0.3183 0.3394
1.2600 0.6432 0.3067 0.3274
1.2700 0.6366 0.2952 0.3156
1.2800 0.6293 0.2838 0.3037
1.2900 0.6215 0.2725 0.2920
1.3000 0.6131 0.2613 0.2804
1.3100 0.6041 0.2504 0.2688
1.3200 0.5945 0.2396 0.2575
1.3300 0.5843 0.2290 0.2463
1.3400 0.5736 0.2187 0.2353
1.3500 0.5624 0.2087 0.2245
1.3600 0.5507 0.1989 0.2139
1.3700 0.5387 0.1895 0.2036
1.3800 0.5264 0.1804 0.1937
1.3900 0.5138 0.1717 0.1840
1.4000 0.5010 0.1633 0.1747
1.4100 0.4882 0.1555 0.1658
1.4200 0.4754 0.1481 0.1573
1.4300 0.4628 0.1412 0.1493
1.4400 0.4505 0.1348 0.1418
1.4500 0.4385 0.1291 0.1348
1.4600 0.4271 0.1239 0.1284
1.4700 0.4162 0.1193 0.1225
1.4800 0.4062 0.1155 0.1173
1.4900 0.3970 0.1123 0.1127
1.5000 0.3887 0.1099 0.1089
1.5100 0.3816 0.1082 0.1058
1.5200 0.3756 0.1073 0.1034
1.5300 0.3709 0.1071 0.1018
1.5400 0.3675 0.1077 0.1009
1.5500 0.3654 0.1091 0.1009
1.5600 0.3646 0.1113 0.1016
1.5700 0.3652 0.1142 0.1031
1.5800 0.3671 0.1179 0.1054
1.5900 0.3702 0.1222 0.1085
1.6000 0.3746 0.1273 0.1122
1.6100 0.3801 0.1330 0.1167
1.6200 0.3866 0.1394 0.1218
1.6300 0.3941 0.1464 0.1276
1.6400 0.4024 0.1539 0.1340
1.6500 0.4113 0.1620 0.1409
1.6600 0.4209 0.1705 0.1484
1.6700 0.4310 0.1796 0.1564
1.6800 0.4414 0.1890 0.1648
1.6900 0.4520 0.1989 0.1737
1.7000 0.4628 0.2091 0.1830
1.7100 0.4737 0.2197 0.1926
1.7200 0.4845 0.2305 0.2026
1.7300 0.4952 0.2416 0.2128
1.7400 0.5056 0.2530 0.2234
1.7500 0.5159 0.2646 0.2342
1.7600 0.5258 0.2764 0.2452
1.7700 0.5353 0.2883 0.2564
1.7800 0.5444 0.3004 0.2678
1.7900 0.5531 0.3126 0.2793
1.8000 0.5614 0.3248 0.2909
1.8100 0.5692 0.3371 0.3027
1.8200 0.5765 0.3495 0.3145
1.8300 0.5833 0.3618 0.3264
1.8400 0.5896 0.3742 0.3383
1.8500 0.5955 0.3865 0.3502
1.8600 0.6009 0.3988 0.3622
1.8700 0.6058 0.4110 0.3741
1.8800 0.6103 0.4231 0.3860
1.8900 0.6143 0.4351 0.3979
1.9000 0.6180 0.4470 0.4097
1.9100 0.6212 0.4587 0.4214
1.9200 0.6241 0.4703 0.4330
1.9300 0.6267 0.4817 0.4445
1.9400 0.6289 0.4930 0.4559
1.9500 0.6307 0.5040 0.4672
1.9600 0.6323 0.5148 0.4783
1.9700 0.6336 0.5253 0.4892
1.9800 0.6347 0.5357 0.5000
1.9900 0.6355 0.5457 0.5106
2.0000 0.6360 0.5555 0.5209
2.0100 0.6364 0.5651 0.5311
2.0200 0.6365 0.5743 0.5410
2.0300 0.6365 0.5833 0.5507
2.0400 0.6363 0.5919 0.5602
2.0500 0.6359 0.6003 0.5694
2.0600 0.6354 0.6083 0.5783
2.0700 0.6347 0.6160 0.5869
2.0800 0.6339 0.6233 0.5953
2.0900 0.6330 0.6303 0.6034
2.1000 0.6320 0.6370 0.6111
2.1100 0.6309 0.6433 0.6186
2.1200 0.6297 0.6493 0.6257
2.1300 0.6285 0.6549 0.6325
2.1400 0.6272 0.6601 0.6390
2.1500 0.6259 0.6650 0.6451
2.1600 0.6245 0.6694 0.6509
2.1700 0.6231 0.6735 0.6564
2.1800 0.6216 0.6773 0.6614
2.1900 0.6202 0.6806 0.6661
2.2000 0.6188 0.6835 0.6705
2.2100 0.6173 0.6861 0.6745
2.2200 0.6159 0.6882 0.6781
2.2300 0.6144 0.6900 0.6813
2.2400 0.6130 0.6914 0.6841
2.2500 0.6116 0.6924 0.6866
2.2600 0.6103 0.6929 0.6886
2.2700 0.6089 0.6931 0.6903
2.2800 0.6076 0.6929 0.6916
2.2900 0.6063 0.6923 0.6925
2.3000 0.6051 0.6912 0.6930
2.3100 0.6039 0.6898 0.6931
2.3200 0.6027 0.6880 0.6928
2.3300 0.6015 0.6857 0.6921
2.3400 0.6004 0.6831 0.6911
2.3500 0.5994 0.6801 0.6896
2.3600 0.5984 0.6767 0.6877
2.3700 0.5974 0.6728 0.6855
2.3800 0.5965 0.6686 0.6828
2.3900 0.5957 0.6640 0.6798
2.4000 0.5950 0.6590 0.6763
2.4100 0.5943 0.6536 0.6725
2.4200 0.5938 0.6479 0.6683
2.4300 0.5933 0.6417 0.6638
2.4400 0.5930 0.6352 0.6588
2.4500 0.5928 0.6283 0.6535
2.4600 0.5928 0.6210 0.6478
2.4700 0.5930 0.6134 0.6417
2.4800 0.5934 0.6054 0.6353
2.4900 0.5940 0.5971 0.6285
2.5000 0.5948 0.5884 0.6214
2.5100 0.5959 0.5794 0.6139
2.5200 0.5973 0.5701 0.6061
2.5300 0.5989 0.5605 0.5980
2.5400 0.6009 0.5505 0.5895
2.5500 0.6032 0.5403 0.5808
2.5600 0.6058 0.5297 0.5717
2.5700 0.6087 0.5189 0.5623
2.5800 0.6120 0.5078 0.5526
2.5900 0.6156 0.4964 0.5426
2.6000 0.6195 0.4848 0.5324
2.6100 0.6237 0.4730 0.5218
2.6200 0.6282 0.4610 0.5111
2.6300 0.6329 0.4487 0.5001
2.6400 0.6378 0.4363 0.4888
2.6500 0.6429 0.4236 0.4773
2.6600 0.6481 0.4108 0.4656
2.6700 0.6533 0.3979 0.4538
2.6800 0.6586 0.3848 0.4417
2.6900 0.6637 0.3716 0.4294
2.7000 0.6687 0.3584 0.4170
2.7100 0.6735 0.3450 0.4044
2.7200 0.6779 0.3316 0.3917
2.7300 0.6819 0.3181 0.3789
2.7400 0.6854 0.3046 0.3659
2.7500 0.6883 0.2911 0.3529
2.7600 0.6906 0.2777 0.3398
2.7700 0.6920 0.2642 0.3266
2.7800 0.6927 0.2509 0.3134
2.7900 0.6924 0.2376 0.3001
2.8000 0.6911 0.2244 0.2868
2.8100 0.6887 0.2113 0.2735
2.8200 0.6853 0.1984 0.2603
2.8300 0.6807 0.1856 0.2470
2.8400 0.6748 0.1731 0.2339
2.8500 0.6678 0.1608 0.2207
2.8600 0.6595 0.1487 0.2077
2.8700 0.6500 0.1369 0.1948
2.8800 0.6393 0.1255 0.1821
2.8900 0.6274 0.1143 0.1695
2.9000 0.6143 0.1036 0.1571
2.9100 0.6002 0.0933 0.1448
2.9200 0.5851 0.0834 0.1328
2.9300 0.5691 0.0740 0.1211
2.9400 0.5523 0.0651 0.1097
2.9500 0.5348 0.0568 0.0985
2.9600 0.5169 0.0491 0.0877
2.9700 0.4985 0.0421 0.0773
2.9800 0.4800 0.0359 0.0673
2.9900 0.4614 0.0305 0.0578
3.0000 0.4430 0.0260 0.0488
3.0100 0.4251 0.0225 0.0403
3.0200 0.4077 0.0201 0.0324
3.0300 0.3911 0.0188 0.0251
3.0400 0.3756 0.0187 0.0186
3.0500 0.3613 0.0198 0.0128
3.0600 0.3484 0.0220 0.0079
3.0700 0.3372 0.0253 0.0041
3.0800 0.3277 0.0297 0.0014
3.0900 0.3201 0.0349 0.0002
3.1000 0.3146 0.0409 0.0009
3.1100 0.3111 0.0477 0.0033
3.1200 0.3098 0.0551 0.0069
3.1300 0.3105 0.0632 0.0115
3.1400 0.3133 0.0719 0.0171
3.1500 0.3180 0.0811 0.0234
3.1600 0.3244 0.0907 0.0305
3.1700 0.3326 0.1008 0.0383
3.1800 0.3422 0.1114 0.0467
3.1900 0.3531 0.1222 0.0556
3.2000 0.3650 0.1334 0.0651
3.2100 0.3779 0.1450 0.0750
3.2200 0.3914 0.1567 0.0853
3.2300 0.4055 0.1688 0.0961
3.2400 0.4199 0.1811 0.1072
3.2500 0.4345 0.1935 0.1186
3.2600 0.4491 0.2062 0.1303
3.2700 0.4637 0.2190 0.1422
3.2800 0.4779 0.2319 0.1545
3.2900 0.4919 0.2450 0.1669
3.3000 0.5054 0.2581 0.1795
3.3100 0.5185 0.2713 0.1922
3.3200 0.5310 0.2845 0.2051
3.3300 0.5429 0.2978 0.2181
3.3400 0.5541 0.3111 0.2312
3.3500 0.5647 0.3244 0.2444
3.3600 0.5747 0.3377 0.2577
3.3700 0.5839 0.3509 0.2709
3.3800 0.5925 0.3641 0.2842
3.3900 0.6004 0.3771 0.2975
3.4000 0.6077 0.3901 0.3108
3.4100 0.6143 0.4030 0.3240
3.4200 0.6203 0.4158 0.3372
3.4300 0.6258 0.4284 0.3504
3.4400 0.6307 0.4408 0.3634
3.4500 0.6351 0.4531 0.3764
3.4600 0.6390 0.4652 0.3892
3.4700 0.6425 0.4771 0.4019
3.4800 0.6455 0.4888 0.4145
3.4900 0.6481 0.5003 0.4270
3.5000 0.6504 0.5115 0.4392
3.5100 0.6524 0.5225 0.4513
3.5200 0.6541 0.5332 0.4633
3.5300 0.6554 0.5437 0.4750
3.5400 0.6565 0.5538 0.4865
3.5500 0.6574 0.5637 0.4978
3.5600 0.6580 0.5732 0.5088
3.5700 0.6585 0.5825 0.5196
3.5800 0.6587 0.5914 0.5302
3.5900 0.6588 0.5999 0.5405
3.6000 0.6587 0.6082 0.5505
3.6100 0.6585 0.6161 0.5602
3.6200 0.6582 0.6236 0.5697
3.6300 0.6577 0.6308 0.5788
3.6400 0.6571 0.6375 0.5877
3.6500 0.6564 0.6440 0.5962
3.6600 0.6557 0.6500 0.6044
3.6700 0.6548 0.6557 0.6123
3.6800 0.6539 0.6609 0.6198
3.6900 0.6530 0.6658 0.6270
3.7000 0.6520 0.6703 0.6339
3.7100 0.6509 0.6743 0.6403
3.7200 0.6499 0.6780 0.6465
3.7300 0.6488 0.6813 0.6522
3.7400 0.6477 0.6841 0.6576
3.7500 0.6467 0.6866 0.6627
3.7600 0.6456 0.6887 0.6673
3.7700 0.6445 0.6903 0.6716
3.7800 0.6435 0.6915 0.6755
3.7900 0.6425 0.6924 0.6789
3.8000 0.6415 0.6928 0.6821
3.8100 0.6405 0.6928 0.6848
3.8200 0.6396 0.6925 0.6871
3.8300 0.6387 0.6917 0.6890
3.8400 0.6378 0.6905 0.6906
3.8500 0.6370 0.6889 0.6917
3.8600 0.6362 0.6870 0.6925
3.8700 0.6354 0.6846 0.6928
3.8800 0.6347 0.6818 0.6928
3.8900 0.6340 0.6787 0.6924
3.9000 0.6333 0.6752 0.6915
3.9100 0.6327 0.6713 0.6903
3.9200 0.6321 0.6670 0.6887
3.9300 0.6315 0.6624 0.6867
3.9400 0.6310 0.6574 0.6843
3.9500 0.6305 0.6520 0.6815
3.9600 0.6300 0.6463 0.6784
3.9700 0.6296 0.6402 0.6749
3.9800 0.6292 0.6338 0.6710
3.9900 0.6289 0.6271 0.6667
4.0000 0.6286 0.6200 0.6621
4.0100 0.6285 0.6126 0.6571
4.0200 0.6283 0.6048 0.6517
4.0300 0.6283 0.5968 0.6460
4.0400 0.6284 0.5884 0.6399
4.0500 0.6286 0.5798 0.6335
4.0600 0.6289 0.5708 0.6268
4.0700 0.6293 0.5616 0.6197
4.0800 0.6299 0.5521 0.6123
4.0900 0.6306 0.5423 0.6046
4.1000 0.6315 0.5323 0.5966
4.1100 0.6325 0.5220 0.5883
4.1200 0.6338 0.5115 0.5797
4.1300 0.6352 0.5008 0.5708
4.1400 0.6369 0.4898 0.5617
4.1500 0.6387 0.4787 0.5523
4.1600 0.6407 0.4673 0.5426
4.1700 0.6429 0.4558 0.5327
4.1800 0.6454 0.4442 0.5226
4.1900 0.6479 0.4323 0.5123
4.2000 0.6507 0.4204 0.5017
4.2100 0.6536 0.4083 0.4910
4.2200 0.6566 0.3962 0.4801
4.2300 0.6597 0.3839 0.4690
4.2400 0.6629 0.3716 0.4578
4.2500 0.6661 0.3593 0.4464
4.2600 0.6694 0.3469 0.4349
4.2700 0.6725 0.3345 0.4233
4.2800 0.6756 0.3222 0.4116
4.2900 0.6786 0.3099 0.3998
4.3000 0.6814 0.2976 0.3879
4.3100 0.6840 0.2855 0.3760
4.3200 0.6864 0.2735 0.3641
4.3300 0.6884 0.2616 0.3522
4.3400 0.6901 0.2499 0.3402
4.3500 0.6915 0.2383 0.3283
4.3600 0.6924 0.2271 0.3164
4.3700 0.6929 0.2160 0.3046
4.3800 0.6929 0.2053 0.2929
4.3900 0.6925 0.1949 0.2812
4.4000 0.6915 0.1849 0.2697
4.4100 0.6901 0.1752 0.2584
4.4200 0.6881 0.1660 0.2472
4.4300 0.6857 0.1573 0.2361
4.4400 0.6828 0.1490 0.2254
4.4500 0.6795 0.1414 0.2148
4.4600 0.6757 0.1343 0.2045
4.4700 0.6715 0.1278 0.1945
4.4800 0.6670 0.1220 0.1849
4.4900 0.6623 0.1169 0.1756
4.5000 0.6572 0.1125 0.1666
4.5100 0.6521 0.1089 0.1581
4.5200 0.6468 0.1060 0.1501
4.5300 0.6414 0.1040 0.1425
4.5400 0.6361 0.1028 0.1355
4.5500 0.6309 0.1025 0.1290
4.5600 0.6259 0.1029 0.1231
4.5700 0.6211 0.1042 0.1178
4.5800 0.6165 0.1063 0.1132
4.5900 0.6124 0.1092 0.1093
4.6000 0.6086 0.1128 0.1060
4.6100 0.6053 0.1172 0.1036
4.6200 0.6025 0.1223 0.1019
4.6300 0.6001 0.1280 0.1009
4.6400 0.5984 0.1344 0.1008
4.6500 0.5971 0.1413 0.1014
4.6600 0.5964 0.1488 0.1028
4.6700 0.5963 0.1568 0.1050
4.6800 0.5966 0.1653 0.1079
4.6900 0.5975 0.1742 0.1116
4.7000 0.5988 0.1834 0.1160
4.7100 0.6006 0.1931 0.1210
4.7200 0.6027 0.2031 0.1267
4.7300 0.6052 0.2133 0.1330
4.7400 0.6080 0.2239 0.1399
4.7500 0.6111 0.2347 0.1473
4.7600 0.6143 0.2457 0.1552
4.7700 0.6177 0.2568 0.1636
4.7800 0.6211 0.2682 0.1725
4.7900 0.6247 0.2796 0.1817
4.8000 0.6282 0.2912 0.1913
4.8100 0.6317 0.3029 0.2012
4.8200 0.6351 0.3147 0.2115
4.8300 0.6384 0.3265 0.2220
4.8400 0.6416 0.3383 0.2328
4.8500 0.6447 0.3502 0.2438
4.8600 0.6476 0.3620 0.2550
4.8700 0.6503 0.3739 0.2663
4.8800 0.6527 0.3857 0.2778
4.8900 0.6550 0.3974 0.2895
4.9000 0.6571 0.4091 0.3012
4.9100 0.6590 0.4207 0.3131
4.9200 0.6606 0.4322 0.3249
4.9300 0.6621 0.4437 0.3369
4.9400 0.6633 0.4549 0.3488
4.9500 0.6643 0.4661 0.3608
4.9600 0.6651 0.4771 0.3727
4.9700 0.6657 0.4880 0.3846
4.9800 0.6661 0.4987 0.3965
4.9900 0.6663 0.5092 0.4083
5.0000 0.6664 0.5195 0.4200
5.0100 0.6662 0.5296 0.4316
5.0200 0.6658 0.5395 0.4432
5.0300 0.6652 0.5492 0.4545
5.0400 0.6644 0.5586 0.4658
5.0500 0.6634 0.5678 0.4769
5.0600 0.6622 0.5767 0.4879
5.0700 0.6608 0.5854 0.4986
5.0800 0.6592 0.5938 0.5092
5.0900 0.6574 0.6019 0.5196
5.1000 0.6553 0.6097 0.5298
5.1100 0.6530 0.6172 0.5397
5.1200 0.6505 0.6244 0.5494
5.1300 0.6478 0.6313 0.5589
5.1400 0.6448 0.6379 0.5681
5.1500 0.6415 0.6441 0.5770
5.1600 0.6381 0.6500 0.5857
5.1700 0.6344 0.6555 0.5941
5.1800 0.6305 0.6607 0.6022
5.1900 0.6263 0.6655 0.6100
5.2000 0.6220 0.6699 0.6174
5.2100 0.6174 0.6739 0.6246
5.2200 0.6126 0.6776 0.6314
5.2300 0.6076 0.6809 0.6379
5.2400 0.6024 0.6838 0.6441
5.2500 0.5970 0.6863 0.6499
5.2600 0.5914 0.6883 0.6554
5.2700 0.5857 0.6900 0.6605
5.2800 0.5797 0.6913 0.6652
5.2900 0.5737 0.6921 0.6696
5.3000 0.5674 0.6926 0.6736
5.3100 0.5611 0.6926 0.6773
5.3200 0.5546 0.6922 0.6805
5.3300 0.5479 0.6914 0.6834
5.3400 0.5412 0.6902 0.6859
5.3500 0.5343 0.6885 0.6880
5.3600 0.5273 0.6865 0.6897
5.3700 0.5202 0.6840 0.6910
5.3800 0.5129 0.6811 0.6920
5.3900 0.5056 0.6778 0.6925
5.4000 0.4982 0.6741 0.6926
5.4100 0.4907 0.6700 0.6924
5.4200 0.4831 0.6654 0.6918
5.4300 0.4755 0.6605 0.6907
5.4400 0.4678 0.6552 0.6893
5.4500 0.4600 0.6495 0.6874
5.4600 0.4523 0.6435 0.6852
5.4700 0.4445 0.6370 0.6826
5.4800 0.4368 0.6302 0.6796
5.4900 0.4291 0.6230 0.6762
5.5000 0.4215 0.6155 0.6724
5.5100 0.4140 0.6076 0.6683
5.5200 0.4067 0.5994 0.6638
5.5300 0.3996 0.5908 0.6588
5.5400 0.3928 0.5820 0.6536
5.5500 0.3863 0.5728 0.6479
5.5600 0.3802 0.5633 0.6419
5.5700 0.3745 0.5535 0.6355
5.5800 0.3694 0.5434 0.6288
5.5900 0.3648 0.5331 0.6217
5.6000 0.3610 0.5225 0.6143
5.6100 0.3578 0.5116 0.6065
5.6200 0.3555 0.5005 0.5984
5.6300 0.3541 0.4892 0.5900
5.6400 0.3537 0.4776 0.5813
5.6500 0.3542 0.4659 0.5722
5.6600 0.3558 0.4539 0.5629
5.6700 0.3586 0.4417 0.5532
5.6800 0.3624 0.4294 0.5433
5.6900 0.3674 0.4169 0.5331
5.7000 0.3736 0.4043 0.5226
5.7100 0.3809 0.3915 0.5118
5.7200 0.3893 0.3786 0.5009
5.7300 0.3987 0.3656 0.4896
5.7400 0.4092 0.3525 0.4782
5.7500 0.4205 0.3393 0.4665
5.7600 0.4327 0.3261 0.4547
5.7700 0.4457 0.3128 0.4426
5.7800 0.4593 0.2995 0.4304
5.7900 0.4734 0.2861 0.4180
5.8000 0.4879 0.2728 0.4054
5.8100 0.5027 0.2594 0.3927
5.8200 0.5176 0.2461 0.3799
5.8300 0.5326 0.2329 0.3670
5.8400 0.5475 0.2197 0.3540
5.8500 0.5621 0.2066 0.3409
5.8600 0.5764 0.1936 0.3277
5.8700 0.5902 0.1808 0.3145
5.8800 0.6035 0.1681 0.3012
5.8900 0.6161 0.1556 0.2879
5.9000 0.6280 0.1433 0.2747
5.9100 0.6390 0.1312 0.2614
5.9200 0.6491 0.1194 0.2482
5.9300 0.6582 0.1079 0.2350
5.9400 0.6663 0.0967 0.2219
5.9500 0.6733 0.0858 0.2089
5.9600 0.6793 0.0754 0.1960
5.9700 0.6842 0.0654 0.1833
5.9800 0.6880 0.0558 0.1707
5.9900 0.6907 0.0468 0.1583
6.0000 0.6924 0.0383 0.1460
6.0100 0.6931 0.0304 0.1341
6.0200 0.6929 0.0233 0.1223
6.0300 0.6918 0.0169 0.1109
6.0400 0.6899 0.0113 0.0997
6.0500 0.6873 0.0067 0.0889
6.0600 0.6840 0.0032 0.0785
6.0700 0.6803 0.0010 0.0685
6.0800 0.6762 0.0006 0.0589
6.0900 0.6717 0.0020 0.0499
6.1000 0.6670 0.0050 0.0413
6.1100 0.6623 0.0092 0.0334
6.1200 0.6575 0.0143 0.0261
6.1300 0.6529 0.0204 0.0195
6.1400 0.6485 0.0273 0.0136
6.1500 0.6443 0.0350 0.0087
6.1600 0.6406 0.0433 0.0047
6.1700 0.6372 0.0522 0.0019
6.1800 0.6344 0.0617 0.0005
6.1900 0.6321 0.0717 0.0010
6.2000 0.6303 0.0822 0.0031
6.2100 0.6291 0.0930 0.0066
6.2200 0.6284 0.1043 0.0110
6.2300 0.6284 0.1159 0.0165
6.2400 0.6288 0.1279 0.0227
6.2500 0.6298 0.1401 0.0297
6.2600 0.6312 0.1526 0.0374
6.2700 0.6331 0.1653 0.0456
6.2800 0.6353 0.1782 0.0545
6.2900 0.6379 0.1913 0.0639
6.3000 0.6407 0.2045 0.0737
6.3100 0.6437 0.2178 0.0840
6.3200 0.6468 0.2312 0.0947
6.3300 0.6500 0.2447 0.1057
6.3400 0.6533 0.2583 0.1171
6.3500 0.6565 0.2719 0.1288
6.3600 0.6597 0.2854 0.1407
6.3700 0.6627 0.2990 0.1529
6.3800 0.6657 0.3126 0.1653
6.3900 0.6684 0.3261 0.1778
6.4000 0.6711 0.3395 0.1906
6.4100 0.6735 0.3528 0.2035
6.4200 0.6757 0.3661 0.2165
6.4300 0.6777 0.3792 0.2296
6.4400 0.6795 0.3922 0.2427
6.4500 0.6812 0.4051 0.2560
6.4600 0.6826 0.4178 0.2692
6.4700 0.6839 0.4303 0.2825
6.4800 0.6849 0.4427 0.2958
6.4900 0.6859 0.4548 0.3091
6.5000 0.6867 0.4668 0.3223
6.5100 0.6874 0.4785 0.3355
6.5200 0.6879 0.4900 0.3487
6.5300 0.6883 0.5013 0.3617
6.5400 0.6887 0.5123 0.3747
6.5500 0.6890 0.5231 0.3875
6.5600 0.6891 0.5336 0.4003
6.5700 0.6892 0.5438 0.4128
6.5800 0.6892 0.5537 0.4253
6.5900 0.6892 0.5634 0.4376
6.6000 0.6890 0.5727 0.4497
6.6100 0.6888 0.5818 0.4616
6.6200 0.6884 0.5905 0.4733
6.6300 0.6880 0.5989 0.4848
6.6400 0.6874 0.6070 0.4961
6.6500 0.6868 0.6148 0.5072
6.6600 0.6860 0.6222 0.5180
6.6700 0.6851 0.6293 0.5286
6.6800 0.6840 0.6360 0.5389
6.6900 0.6828 0.6424 0.5490
6.7000 0.6815 0.6484 0.5587
6.7100 0.6800 0.6540 0.5682
6.7200 0.6784 0.6593 0.5774
6.7300 0.6766 0.6642 0.5862
6.7400 0.6747 0.6687 0.5948
6.7500 0.6727 0.6728 0.6030
6.7600 0.6705 0.6765 0.6109
6.7700 0.6682 0.6799 0.6185
6.7800 0.6657 0.6829 0.6257
6.7900 0.6631 0.6854 0.6326
6.8000 0.6605 0.6876 0.6391
6.8100 0.6577 0.6893 0.6453
6.8200 0.6548 0.6907 0.6511
6.8300 0.6519 0.6916 0.6565
6.8400 0.6489 0.6921 0.6616
6.8500 0.6458 0.6923 0.6663
6.8600 0.6427 0.6920 0.6706
6.8700 0.6395 0.6913 0.6745
6.8800 0.6362 0.6902 0.6781
6.8900 0.6330 0.6886 0.6812
6.9000 0.6297 0.6867 0.6840
6.9100 0.6264 0.6844 0.6863
6.9200 0.6230 0.6816 0.6883
6.9300 0.6196 0.6785 0.6899
6.9400 0.6162 0.6749 0.6911
6.9500 0.6128 0.6710 0.6919
6.9600 0.6094 0.6666 0.6923
6.9700 0.6060 0.6619 0.6923
6.9800 0.6025 0.6567 0.6919
6.9900 0.5990 0.6512 0.6911
7.0000 0.5955 0.6453 0.6899
7.0100 0.5920 0.6391 0.6884
7.0200 0.5885 0.6324 0.6864
7.0300 0.5850 0.6255 0.6841
7.0400 0.5815 0.6181 0.6814
7.0500 0.5780 0.6105 0.6783
7.0600 0.5745 0.6025 0.6748
7.0700 0.5711 0.5942 0.6709
7.0800 0.5676 0.5855 0.6667
7.0900 0.5643 0.5766 0.6621
7.1000 0.5610 0.5674 0.6571
7.1100 0.5577 0.5579 0.6518
7.1200 0.5546 0.5481 0.6462
7.1300 0.5517 0.5381 0.6401
7.1400 0.5488 0.5279 0.6338
7.1500 0.5462 0.5174 0.6271
7.1600 0.5438 0.5067 0.6201
7.1700 0.5416 0.4958 0.6127
7.1800 0.5397 0.4848 0.6051
7.1900 0.5380 0.4735 0.5971
7.2000 0.5367 0.4622 0.5889
7.2100 0.5358 0.4506 0.5803
7.2200 0.5352 0.4390 0.5715
7.2300 0.5350 0.4272 0.5624
7.2400 0.5353 0.4154 0.5530
7.2500 0.5360 0.4035 0.5434
7.2600 0.5372 0.3916 0.5335
7.2700 0.5388 0.3796 0.5234
7.2800 0.5409 0.3676 0.5131
7.2900 0.5435 0.3556 0.5026
7.3000 0.5466 0.3436 0.4919
7.3100 0.5501 0.3317 0.4810
7.3200 0.5540 0.3198 0.4699
7.3300 0.5584 0.3080 0.4587
7.3400 0.5632 0.2964 0.4474
7.3500 0.5683 0.2848 0.4359
7.3600 0.5737 0.2734 0.4243
7.3700 0.5794 0.2622 0.4126
7.3800 0.5854 0.2511 0.4008
7.3900 0.5915 0.2402 0.3890
7.4000 0.5977 0.2296 0.3771
7.4100 0.6040 0.2193 0.3652
7.4200 0.6104 0.2092 0.3532
7.4300 0.6167 0.1995 0.3413
7.4400 0.6229 0.1901 0.3294
7.4500 0.6290 0.1810 0.3175
7.4600 0.6349 0.1724 0.3057
7.4700 0.6407 0.1641 0.2939
7.4800 0.6461 0.1563 0.2823
7.4900 0.6513 0.1490 0.2708
7.5000 0.6562 0.1422 0.2594
7.5100 0.6608 0.1360 0.2482
7.5200 0.6650 0.1303 0.2372
7.5300 0.6689 0.1252 0.2264
7.5400 0.6724 0.1208 0.2158
7.5500 0.6756 0.1170 0.2055
7.5600 0.6784 0.1138 0.1955
7.5700 0.6809 0.1114 0.1859
7.5800 0.6831 0.1097 0.1765
7.5900 0.6849 0.1087 0.1676
7.6000 0.6865 0.1085 0.1591
7.6100 0.6879 0.1090 0.1510
7.6200 0.6890 0.1103 0.1434
7.6300 0.6898 0.1122 0.1363
7.6400 0.6906 0.1149 0.1297
7.6500 0.6911 0.1183 0.1238
7.6600 0.6916 0.1224 0.1184
7.6700 0.6919 0.1271 0.1137
7.6800 0.6921 0.1325 0.1097
7.6900 0.6923 0.1385 0.1064
7.7000 0.6924 0.1451 0.1038
7.7100 0.6925 0.1522 0.1020
7.7200 0.6925 0.1598 0.1010
7.7300 0.6925 0.1679 0.1007
7.7400 0.6925 0.1765 0.1012
7.7500 0.6925 0.1855 0.1025
7.7600 0.6924 0.1949 0.1046
7.7700 0.6923 0.2046 0.1074
7.7800 0.6921 0.2147 0.1109
7.7900 0.6919 0.2251 0.1152
7.8000 0.6916 0.2358 0.1201
7.8100 0.6912 0.2468 0.1257
7.8200 0.6907 0.2580 0.1319
7.8300 0.6902 0.2693 0.1387
7.8400 0.6895 0.2809 0.1460
7.8500 0.6888 0.2926 0.1539
7.8600 0.6879 0.3045 0.1622
7.8700 0.6870 0.3165 0.1709
7.8800 0.6860 0.3285 0.1801
7.8900 0.6848 0.3406 0.1897
7.9000 0.6837 0.3528 0.1995
7.9100 0.6824 0.3650 0.2097
7.9200 0.6811 0.3771 0.2202
7.9300 0.6799 0.3893 0.2310
7.9400 0.6786 0.4014 0.2419
7.9500 0.6773 0.4135 0.2531
7.9600 0.6761 0.4255 0.2645
7.9700 0.6750 0.4374 0.2760
7.9800 0.6740 0.4492 0.2876
7.9900 0.6731 0.4608 0.2993
8.0000 0.6723 0.4723 0.3112
8.0100 0.6717 0.4836 0.3230
8.0200 0.6713 0.4948 0.3350
8.0300 0.6711 0.5058 0.3469
8.0400 0.6710 0.5165 0.3589
8.0500 0.6712 0.5270 0.3708
8.0600 0.6716 0.5373 0.3828
8.0700 0.6722 0.5474 0.3946
8.0800 0.6730 0.5572 0.4064
8.0900 0.6739 0.5667 0.4182
8.1000 0.6750 0.5759 0.4298
8.1100 0.6763 0.5848 0.4414
8.1200 0.6777 0.5934 0.4528
8.1300 0.6791 0.6017 0.4640
8.1400 0.6806 0.6097 0.4752
8.1500 0.6822 0.6174 0.4861
8.1600 0.6838 0.6247 0.4969
8.1700 0.6853 0.6317 0.5075
8.1800 0.6868 0.6383 0.5179
8.1900 0.6882 0.6445 0.5281
8.2000 0.6894 0.6504 0.5380
8.2100 0.6905 0.6559 0.5478
8.2200 0.6914 0.6610 0.5573
8.2300 0.6922 0.6658 0.5665
8.2400 0.6926 0.6701 0.5755
8.2500 0.6928 0.6741 0.5842
8.2600 0.6928 0.6777 0.5926
8.2700 0.6924 0.6809 0.6007
8.2800 0.6917 0.6837 0.6085
8.2900 0.6907 0.6861 0.6160
8.3000 0.6894 0.6881 0.6232
8.3100 0.6877 0.6897 0.6301
8.3200 0.6857 0.6909 0.6367
8.3300 0.6833 0.6917 0.6429
8.3400 0.6805 0.6921 0.6487
8.3500 0.6773 0.6921 0.6543
8.3600 0.6738 0.6917 0.6594
8.3700 0.6699 0.6909 0.6642
8.3800 0.6655 0.6896 0.6687
8.3900 0.6608 0.6880 0.6727
8.4000 0.6558 0.6860 0.6764
8.4100 0.6503 0.6836 0.6797
8.4200 0.6444 0.6808 0.6826
8.4300 0.6381 0.6776 0.6852
8.4400 0.6315 0.6740 0.6874
8.4500 0.6244 0.6700 0.6891
8.4600 0.6169 0.6656 0.6905
8.4700 0.6090 0.6609 0.6915
8.4800 0.6007 0.6558 0.6921
8.4900 0.5920 0.6502 0.6923
8.5000 0.5829 0.6444 0.6921
8.5100 0.5734 0.6381 0.6915
8.5200 0.5634 0.6315 0.6905
8.5300 0.5531 0.6245 0.6891
8.5400 0.5424 0.6172 0.6873
8.5500 0.5312 0.6095 0.6852
8.5600 0.5197 0.6015 0.6826
8.5700 0.5078 0.5931 0.6797
8.5800 0.4956 0.5844 0.6763
8.5900 0.4831 0.5754 0.6726
8.6000 0.4703 0.5660 0.6685
8.6100 0.4573 0.5564 0.6640
8.6200 0.4440 0.5464 0.6592
8.6300 0.4306 0.5361 0.6539
8.6400 0.4172 0.5256 0.6483
8.6500 0.4037 0.5148 0.6424
8.6600 0.3902 0.5037 0.6360
8.6700 0.3769 0.4923 0.6294
8.6800 0.3639 0.4807 0.6223
8.6900 0.3512 0.4689 0.6150
8.7000 0.3389 0.4569 0.6073
8.7100 0.3273 0.4446 0.5992
8.7200 0.3163 0.4321 0.5908
8.7300 0.3061 0.4195 0.5822
8.7400 0.2970 0.4067 0.5732
8.7500 0.2889 0.3937 0.5639
8.7600 0.2820 0.3806 0.5543
8.7700 0.2765 0.3673 0.5444
8.7800 0.2725 0.3540 0.5342
8.7900 0.2700 0.3406 0.5238
8.8000 0.2691 0.3271 0.5131
8.8100 0.2699 0.3135 0.5022
8.8200 0.2723 0.2999 0.4910
8.8300 0.2765 0.2863 0.4796
8.8400 0.2823 0.2727 0.4679
8.8500 0.2898 0.2591 0.4561
8.8600 0.2987 0.2456 0.4441
8.8700 0.3091 0.2322 0.4319
8.8800 0.3207 0.2188 0.4195
8.8900 0.3336 0.2056 0.4070
8.9000 0.3474 0.1925 0.3943
8.9100 0.3621 0.1796 0.3815
8.9200 0.3775 0.1669 0.3686
8.9300 0.3935 0.1544 0.3556
8.9400 0.4099 0.1421 0.3425
8.9500 0.4265 0.1302 0.3293
8.9600 0.4432 0.1186 0.3161
8.9700 0.4599 0.1073 0.3029
8.9800 0.4765 0.0964 0.2896
8.9900 0.4927 0.0860 0.2763
9.0000 0.5086 0.0760 0.2631
9.0100 0.5240 0.0665 0.2498
9.0200 0.5389 0.0576 0.2367
9.0300 0.5531 0.0493 0.2236
9.0400 0.5665 0.0417 0.2106
9.0500 0.5793 0.0348 0.1977
9.0600 0.5912 0.0287 0.1849
9.0700 0.6023 0.0235 0.1723
9.0800 0.6126 0.0192 0.1599
9.0900 0.6221 0.0161 0.1477
9.1000 0.6307 0.0142 0.1357
9.1100 0.6385 0.0136 0.1239
9.1200 0.6455 0.0142 0.1124
9.1300 0.6517 0.0161 0.1013
9.1400 0.6572 0.0192 0.0905
9.1500 0.6620 0.0234 0.0800
9.1600 0.6662 0.0285 0.0700
9.1700 0.6697 0.0345 0.0604
9.1800 0.6727 0.0413 0.0513
9.1900 0.6753 0.0488 0.0427
9.2000 0.6773 0.0569 0.0347
9.2100 0.6790 0.0655 0.0273
9.2200 0.6803 0.0748 0.0206
9.2300 0.6814 0.0844 0.0147
9.2400 0.6821 0.0946 0.0097
9.2500 0.6826 0.1051 0.0056
9.2600 0.6828 0.1160 0.0026
9.2700 0.6829 0.1272 0.0010
9.2800 0.6828 0.1387 0.0012
9.2900 0.6825 0.1505 0.0031
9.3000 0.6820 0.1625 0.0063
9.3100 0.6814 0.1748 0.0106
9.3200 0.6807 0.1872 0.0158
9.3300 0.6797 0.1998 0.0219
9.3400 0.6786 0.2125 0.0288
9.3500 0.6774 0.2254 0.0363
9.3600 0.6759 0.2384 0.0445
9.3700 0.6743 0.2514 0.0533
9.3800 0.6725 0.2645 0.0625
9.3900 0.6705 0.2777 0.0723
9.4000 0.6683 0.2909 0.0825
9.4100 0.6660 0.3041 0.0931
9.4200 0.6635 0.3173 0.1041
9.4300 0.6608 0.3304 0.1154
9.4400 0.6581 0.3436 0.1270
9.4500 0.6552 0.3566 0.1389
9.4600 0.6523 0.3696 0.1511
9.4700 0.6493 0.3825 0.1634
9.4800 0.6463 0.3954 0.1760
9.4900 0.6433 0.4080 0.1887
9.5000 0.6404 0.4206 0.2016
9.5100 0.6377 0.4330 0.2146
9.5200 0.6350 0.4453 0.2277
9.5300 0.6326 0.4574 0.2409
9.5400 0.6304 0.4693 0.2541
9.5500 0.6285 0.4810 0.2674
9.5600 0.6269 0.4925 0.2807
9.5700 0.6256 0.5038 0.2940
9.5800 0.6246 0.5148 0.3073
9.5900 0.6241 0.5256 0.3205
9.6000 0.6239 0.5362 0.3337
9.6100 0.6241 0.5464 0.3469
9.6200 0.6247 0.5564 0.3600
9.6300 0.6257 0.5661 0.3729
9.6400 0.6270 0.5755 0.3858
9.6500 0.6287 0.5846 0.3985
9.6600 0.6307 0.5934 0.4112
9.6700 0.6331 0.6018 0.4236
9.6800 0.6356 0.6099 0.4359
9.6900 0.6385 0.6177 0.4481
9.7000 0.6415 0.6251 0.4600
9.7100 0.6446 0.6322 0.4718
9.7200 0.6479 0.6389 0.4833
9.7300 0.6513 0.6452 0.4946
9.7400 0.6546 0.6511 0.5057
9.7500 0.6580 0.6567 0.5166
9.7600 0.6614 0.6618 0.5272
9.7700 0.6647 0.6666 0.5375
9.7800 0.6678 0.6710 0.5476
9.7900 0.6709 0.6749 0.5574
9.8000 0.6738 0.6785 0.5669
9.8100 0.6765 0.6817 0.5762
9.8200 0.6791 0.6844 0.5851
9.8300 0.6814 0.6868 0.5937
9.8400 0.6835 0.6887 0.6019
9.8500 0.6854 0.6902 0.6099
9.8600 0.6871 0.6913 0.6175
9.8700 0.6886 0.6920 0.6248
9.8800 0.6898 0.6923 0.6317
9.8900 0.6908 0.6922 0.6383
9.9000 0.6916 0.6916 0.6445
9.9100 0.6921 0.6907 0.6504
9.9200 0.6925 0.6894 0.6559
9.9300 0.6926 0.6876 0.6610
9.9400 0.6926 0.6855 0.6658
9.9500 0.6923 0.6830 0.6701
9.9600 0.6919 0.6800 0.6741
9.9700 0.6913 0.6767 0.6777
9.9800 0.6905 0.6730 0.6809
9.9900 0.6895 0.6690 0.6837
10.0000 0.6884 0.6645 0.6862
