 t	 x	 y	 z
0.0000 -0.0000 0.0000 -0.0000
0.0100 0.0050 0.0004 0.0001
0.0200 0.0168 0.0016 0.0005
0.0300 0.0334 0.0032 0.0011
0.0400 0.0537 0.0053 0.0018
0.0500 0.0770 0.0079 0.0027
0.0600 0.1026 0.0108 0.0037
0.0700 0.1299 0.0141 0.0048
0.0800 0.1586 0.0177 0.0061
0.0900 0.1881 0.0216 0.0075
0.1000 0.2182 0.0257 0.0089
0.1100 0.2485 0.0301 0.0105
0.1200 0.2787 0.0348 0.0121
0.1300 0.3086 0.0396 0.0138
0.1400 0.3379 0.0446 0.0156
0.1500 0.3665 0.0498 0.0174
0.1600 0.3941 0.0552 0.0193
0.1700 0.4206 0.0607 0.0212
0.1800 0.4460 0.0663 0.0232
0.1900 0.4700 0.0720 0.0252
0.2000 0.4927 0.0778 0.0272
0.2100 0.5139 0.0837 0.0293
0.2200 0.5338 0.0897 0.0313
0.2300 0.5521 0.0957 0.0334
0.2400 0.5690 0.1017 0.0355
0.2500 0.5845 0.1078 0.0375
0.2600 0.5986 0.1139 0.0396
0.2700 0.6113 0.1200 0.0416
0.2800 0.6228 0.1261 0.0437
0.2900 0.6330 0.1322 0.0457
0.3000 0.6421 0.1383 0.0476
0.3100 0.6500 0.1444 0.0496
0.3200 0.6570 0.1504 0.0515
0.3300 0.6631 0.1564 0.0534
0.3400 0.6683 0.1623 0.0552
0.3500 0.6728 0.1681 0.0570
0.3600 0.6766 0.1739 0.0587
0.3700 0.6798 0.1797 0.0604
0.3800 0.6825 0.1853 0.0620
0.3900 0.6847 0.1909 0.0636
0.4000 0.6865 0.1964 0.0652
0.4100 0.6880 0.2017 0.0666
0.4200 0.6892 0.2070 0.0680
0.4300 0.6901 0.2122 0.0694
0.4400 0.6909 0.2173 0.0707
0.4500 0.6915 0.2223 0.0719
0.4600 0.6919 0.2271 0.0731
0.4700 0.6923 0.2319 0.0742
0.4800 0.6925 0.2365 0.0753
0.4900 0.6927 0.2410 0.0763
0.5000 0.6928 0.2454 0.0772
0.5100 0.6929 0.2497 0.0781
0.5200 0.6930 0.2539 0.0790
0.5300 0.6930 0.2579 0.0797
0.5400 0.6931 0.2618 0.0805
0.5500 0.6931 0.2656 0.0812
0.5600 0.6931 0.2693 0.0818
0.5700 0.6931 0.2729 0.0824
0.5800 0.6931 0.2763 0.0829
0.5900 0.6931 0.2797 0.0835
0.6000 0.6931 0.2829 0.0840
0.6100 0.6931 0.2860 0.0844
0.6200 0.6931 0.2890 0.0848
0.6300 0.6931 0.2919 0.0852
0.6400 0.6931 0.2947 0.0856
0.6500 0.6931 0.2974 0.0860
0.6600 0.6931 0.3000 0.0864
0.6700 0.6930 0.3025 0.0867
0.6800 0.6930 0.3050 0.0870
0.6900 0.6930 0.3073 0.0874
0.7000 0.6930 0.3096 0.0877
0.7100 0.6930 0.3118 0.0881
0.7200 0.6930 0.3139 0.0884
0.7300 0.6930 0.3160 0.0888
0.7400 0.6930 0.3180 0.0892
0.7500 0.6930 0.3200 0.0896
0.7600 0.6930 0.3219 0.0900
0.7700 0.6930 0.3238 0.0905
0.7800 0.6930 0.3257 0.0910
0.7900 0.6930 0.3276 0.0915
0.8000 0.6929 0.3294 0.0921
0.8100 0.6929 0.3312 0.0927
0.8200 0.6929 0.3330 0.0933
0.8300 0.6929 0.3349 0.0940
0.8400 0.6929 0.3367 0.0947
0.8500 0.6929 0.3386 0.0954
0.8600 0.6929 0.3404 0.0962
0.8700 0.6929 0.3423 0.0971
0.8800 0.6928 0.3443 0.0980
0.8900 0.6928 0.3463 0.0989
0.9000 0.6928 0.3483 0.0999
0.9100 0.6928 0.3504 0.1009
0.9200 0.6928 0.3526 0.1019
0.9300 0.6928 0.3548 0.1030
0.9400 0.6928 0.3572 0.1042
0.9500 0.6928 0.3596 0.1053
0.9600 0.6928 0.3620 0.1065
0.9700 0.6927 0.3646 0.1077
0.9800 0.6927 0.3673 0.1090
0.9900 0.6927 0.3701 0.1103
1.0000 0.6928 0.3730 0.1116
1.0100 0.6928 0.3760 0.1129
1.0200 0.6928 0.3791 0.1142
1.0300 0.6928 0.3823 0.1156
1.0400 0.6928 0.3856 0.1169
1.0500 0.6929 0.3891 0.1183
1.0600 0.6929 0.3927 0.1196
1.0700 0.6929 0.3964 0.1210
1.0800 0.6930 0.4002 0.1223
1.0900 0.6930 0.4042 0.1236
1.1000 0.6930 0.4083 0.1249
1.1100 0.6930 0.4125 0.1262
1.1200 0.6929 0.4168 0.1275
1.1300 0.6928 0.4213 0.1287
1.1400 0.6927 0.4258 0.1299
1.1500 0.6925 0.4305 0.1310
1.1600 0.6921 0.4353 0.1321
1.1700 0.6917 0.4402 0.1331
1.1800 0.6911 0.4452 0.1341
1.1900 0.6903 0.4503 0.1351
1.2000 0.6893 0.4555 0.1359
1.2100 0.6880 0.4608 0.1367
1.2200 0.6865 0.4661 0.1375
1.2300 0.6847 0.4716 0.1381
1.2400 0.6825 0.4771 0.1387
1.2500 0.6800 0.4826 0.1392
1.2600 0.6770 0.4882 0.1397
1.2700 0.6736 0.4939 0.1400
1.2800 0.6697 0.4996 0.1403
1.2900 0.6653 0.5053 0.1404
1.3000 0.6604 0.5110 0.1405
1.3100 0.6549 0.5168 0.1405
1.3200 0.6489 0.5225 0.1404
1.3300 0.6423 0.5283 0.1402
1.3400 0.6352 0.5340 0.1399
1.3500 0.6276 0.5397 0.1395
1.3600 0.6195 0.5454 0.1390
1.3700 0.6109 0.5510 0.1384
1.3800 0.6020 0.5566 0.1377
1.3900 0.5927 0.5621 0.1369
1.4000 0.5832 0.5676 0.1360
1.4100 0.5734 0.5730 0.1350
1.4200 0.5636 0.5783 0.1339
1.4300 0.5539 0.5835 0.1327
1.4400 0.5442 0.5886 0.1314
1.4500 0.5348 0.5937 0.1300
1.4600 0.5257 0.5986 0.1285
1.4700 0.5171 0.6034 0.1270
1.4800 0.5091 0.6081 0.1253
1.4900 0.5018 0.6127 0.1235
1.5000 0.4953 0.6171 0.1217
1.5100 0.4897 0.6214 0.1197
1.5200 0.4851 0.6256 0.1177
1.5300 0.4815 0.6297 0.1156
1.5400 0.4790 0.6336 0.1135
1.5500 0.4776 0.6374 0.1112
1.5600 0.4774 0.6410 0.1089
1.5700 0.4783 0.6445 0.1065
1.5800 0.4803 0.6478 0.1041
1.5900 0.4833 0.6510 0.1016
1.6000 0.4873 0.6541 0.0991
1.6100 0.4923 0.6570 0.0965
1.6200 0.4981 0.6597 0.0939
1.6300 0.5045 0.6623 0.0912
1.6400 0.5117 0.6648 0.0885
1.6500 0.5193 0.6672 0.0858
1.6600 0.5273 0.6694 0.0830
1.6700 0.5356 0.6715 0.0802
1.6800 0.5442 0.6734 0.0774
1.6900 0.5528 0.6752 0.0747
1.7000 0.5614 0.6769 0.0719
1.7100 0.5699 0.6785 0.0691
1.7200 0.5782 0.6800 0.0663
1.7300 0.5864 0.6813 0.0635
1.7400 0.5942 0.6826 0.0608
1.7500 0.6017 0.6837 0.0580
1.7600 0.6089 0.6848 0.0553
1.7700 0.6156 0.6857 0.0527
1.7800 0.6220 0.6866 0.0500
1.7900 0.6279 0.6874 0.0475
1.8000 0.6333 0.6881 0.0449
1.8100 0.6384 0.6888 0.0425
1.8200 0.6430 0.6893 0.0400
1.8300 0.6472 0.6898 0.0377
1.8400 0.6510 0.6903 0.0354
1.8500 0.6545 0.6907 0.0332
1.8600 0.6575 0.6910 0.0310
1.8700 0.6603 0.6914 0.0290
1.8800 0.6627 0.6916 0.0270
1.8900 0.6649 0.6919 0.0251
1.9000 0.6667 0.6921 0.0233
1.9100 0.6683 0.6922 0.0216
1.9200 0.6697 0.6924 0.0200
1.9300 0.6709 0.6925 0.0185
1.9400 0.6719 0.6926 0.0170
1.9500 0.6728 0.6927 0.0157
1.9600 0.6734 0.6927 0.0145
1.9700 0.6740 0.6928 0.0134
1.9800 0.6744 0.6928 0.0123
1.9900 0.6746 0.6929 0.0114
2.0000 0.6748 0.6929 0.0106
2.0100 0.6749 0.6929 0.0099
2.0200 0.6749 0.6929 0.0092
2.0300 0.6748 0.6930 0.0087
2.0400 0.6746 0.6930 0.0083
2.0500 0.6744 0.6930 0.0079
2.0600 0.6741 0.6929 0.0077
2.0700 0.6737 0.6929 0.0075
2.0800 0.6733 0.6929 0.0074
2.0900 0.6728 0.6929 0.0074
2.1000 0.6723 0.6929 0.0074
2.1100 0.6718 0.6929 0.0075
2.1200 0.6712 0.6928 0.0076
2.1300 0.6706 0.6928 0.0078
2.1400 0.6700 0.6927 0.0080
2.1500 0.6693 0.6927 0.0083
2.1600 0.6686 0.6926 0.0086
2.1700 0.6679 0.6925 0.0089
2.1800 0.6672 0.6924 0.0093
2.1900 0.6664 0.6923 0.0096
2.2000 0.6656 0.6922 0.0100
2.2100 0.6648 0.6921 0.0103
2.2200 0.6640 0.6920 0.0107
2.2300 0.6631 0.6919 0.0110
2.2400 0.6622 0.6917 0.0114
2.2500 0.6613 0.6916 0.0118
2.2600 0.6603 0.6914 0.0121
2.2700 0.6593 0.6912 0.0124
2.2800 0.6583 0.6910 0.0128
2.2900 0.6573 0.6909 0.0131
2.3000 0.6562 0.6907 0.0134
2.3100 0.6551 0.6905 0.0137
2.3200 0.6540 0.6903 0.0140
2.3300 0.6528 0.6900 0.0143
2.3400 0.6516 0.6898 0.0146
2.3500 0.6504 0.6896 0.0148
2.3600 0.6491 0.6894 0.0151
2.3700 0.6478 0.6892 0.0154
2.3800 0.6465 0.6890 0.0157
2.3900 0.6452 0.6888 0.0160
2.4000 0.6438 0.6886 0.0163
2.4100 0.6424 0.6884 0.0166
2.4200 0.6410 0.6883 0.0169
2.4300 0.6396 0.6881 0.0173
2.4400 0.6381 0.6879 0.0177
2.4500 0.6366 0.6878 0.0181
2.4600 0.6351 0.6877 0.0185
2.4700 0.6336 0.6876 0.0190
2.4800 0.6320 0.6875 0.0195
2.4900 0.6304 0.6875 0.0201
2.5000 0.6287 0.6874 0.0207
2.5100 0.6270 0.6874 0.0214
2.5200 0.6252 0.6874 0.0221
2.5300 0.6234 0.6874 0.0229
2.5400 0.6214 0.6875 0.0238
2.5500 0.6194 0.6875 0.0247
2.5600 0.6172 0.6876 0.0257
2.5700 0.6149 0.6877 0.0268
2.5800 0.6124 0.6879 0.0279
2.5900 0.6098 0.6880 0.0291
2.6000 0.6069 0.6882 0.0304
2.6100 0.6038 0.6884 0.0318
2.6200 0.6004 0.6886 0.0332
2.6300 0.5967 0.6888 0.0348
2.6400 0.5927 0.6890 0.0364
2.6500 0.5883 0.6893 0.0381
2.6600 0.5835 0.6895 0.0398
2.6700 0.5783 0.6898 0.0417
2.6800 0.5726 0.6901 0.0436
2.6900 0.5664 0.6903 0.0456
2.7000 0.5596 0.6906 0.0476
2.7100 0.5522 0.6909 0.0497
2.7200 0.5441 0.6911 0.0519
2.7300 0.5354 0.6914 0.0542
2.7400 0.5260 0.6916 0.0565
2.7500 0.5158 0.6919 0.0588
2.7600 0.5048 0.6921 0.0613
2.7700 0.4930 0.6923 0.0637
2.7800 0.4804 0.6925 0.0662
2.7900 0.4669 0.6927 0.0688
2.8000 0.4526 0.6928 0.0713
2.8100 0.4375 0.6929 0.0740
2.8200 0.4215 0.6930 0.0766
2.8300 0.4048 0.6931 0.0792
2.8400 0.3873 0.6931 0.0819
2.8500 0.3691 0.6931 0.0846
2.8600 0.3504 0.6931 0.0873
2.8700 0.3312 0.6931 0.0899
2.8800 0.3117 0.6930 0.0926
2.8900 0.2919 0.6929 0.0953
2.9000 0.2722 0.6928 0.0979
2.9100 0.2527 0.6926 0.1005
2.9200 0.2337 0.6924 0.1032
2.9300 0.2155 0.6922 0.1057
2.9400 0.1983 0.6920 0.1083
2.9500 0.1826 0.6917 0.1108
2.9600 0.1686 0.6915 0.1132
2.9700 0.1569 0.6912 0.1156
2.9800 0.1478 0.6909 0.1180
2.9900 0.1417 0.6905 0.1203
3.0000 0.1388 0.6902 0.1225
3.0100 0.1395 0.6899 0.1246
3.0200 0.1437 0.6895 0.1267
3.0300 0.1515 0.6892 0.1287
3.0400 0.1628 0.6888 0.1307
3.0500 0.1772 0.6885 0.1325
3.0600 0.1944 0.6882 0.1343
3.0700 0.2142 0.6878 0.1360
3.0800 0.2361 0.6875 0.1376
3.0900 0.2598 0.6873 0.1391
3.1000 0.2849 0.6870 0.1405
3.1100 0.3110 0.6867 0.1418
3.1200 0.3379 0.6865 0.1430
3.1300 0.3651 0.6863 0.1442
3.1400 0.3923 0.6862 0.1452
3.1500 0.4194 0.6860 0.1461
3.1600 0.4460 0.6860 0.1469
3.1700 0.4719 0.6859 0.1476
3.1800 0.4969 0.6859 0.1482
3.1900 0.5208 0.6859 0.1486
3.2000 0.5435 0.6859 0.1490
3.2100 0.5647 0.6860 0.1493
3.2200 0.5844 0.6862 0.1495
3.2300 0.6025 0.6863 0.1495
3.2400 0.6189 0.6865 0.1495
3.2500 0.6336 0.6868 0.1493
3.2600 0.6466 0.6870 0.1491
3.2700 0.6579 0.6873 0.1487
3.2800 0.6674 0.6876 0.1483
3.2900 0.6753 0.6880 0.1477
3.3000 0.6816 0.6884 0.1471
3.3100 0.6864 0.6887 0.1464
3.3200 0.6897 0.6891 0.1455
3.3300 0.6918 0.6895 0.1446
3.3400 0.6926 0.6900 0.1436
3.3500 0.6924 0.6904 0.1425
3.3600 0.6912 0.6908 0.1414
3.3700 0.6893 0.6912 0.1401
3.3800 0.6866 0.6915 0.1388
3.3900 0.6834 0.6919 0.1374
3.4000 0.6799 0.6922 0.1360
3.4100 0.6760 0.6925 0.1345
3.4200 0.6720 0.6927 0.1329
3.4300 0.6679 0.6929 0.1313
3.4400 0.6639 0.6930 0.1296
3.4500 0.6601 0.6931 0.1279
3.4600 0.6564 0.6931 0.1262
3.4700 0.6531 0.6931 0.1244
3.4800 0.6501 0.6929 0.1226
3.4900 0.6474 0.6927 0.1207
3.5000 0.6452 0.6924 0.1189
3.5100 0.6433 0.6920 0.1170
3.5200 0.6419 0.6915 0.1151
3.5300 0.6409 0.6909 0.1132
3.5400 0.6402 0.6902 0.1113
3.5500 0.6400 0.6894 0.1094
3.5600 0.6401 0.6885 0.1075
3.5700 0.6405 0.6875 0.1056
3.5800 0.6412 0.6863 0.1037
3.5900 0.6421 0.6850 0.1019
3.6000 0.6433 0.6837 0.1001
3.6100 0.6446 0.6821 0.0983
3.6200 0.6461 0.6805 0.0965
3.6300 0.6477 0.6787 0.0947
3.6400 0.6494 0.6769 0.0930
3.6500 0.6511 0.6749 0.0914
3.6600 0.6529 0.6728 0.0897
3.6700 0.6547 0.6705 0.0882
3.6800 0.6564 0.6682 0.0866
3.6900 0.6582 0.6657 0.0851
3.7000 0.6599 0.6631 0.0837
3.7100 0.6615 0.6604 0.0823
3.7200 0.6631 0.6577 0.0810
3.7300 0.6646 0.6548 0.0797
3.7400 0.6661 0.6518 0.0784
3.7500 0.6674 0.6487 0.0772
3.7600 0.6687 0.6456 0.0761
3.7700 0.6700 0.6423 0.0750
3.7800 0.6711 0.6390 0.0740
3.7900 0.6722 0.6357 0.0730
3.8000 0.6732 0.6322 0.0720
3.8100 0.6741 0.6287 0.0711
3.8200 0.6750 0.6252 0.0703
3.8300 0.6758 0.6216 0.0694
3.8400 0.6765 0.6180 0.0687
3.8500 0.6772 0.6144 0.0679
3.8600 0.6779 0.6107 0.0672
3.8700 0.6784 0.6071 0.0665
3.8800 0.6790 0.6034 0.0658
3.8900 0.6795 0.5998 0.0651
3.9000 0.6799 0.5961 0.0645
3.9100 0.6803 0.5925 0.0639
3.9200 0.6807 0.5889 0.0632
3.9300 0.6811 0.5853 0.0626
3.9400 0.6814 0.5817 0.0620
3.9500 0.6817 0.5782 0.0614
3.9600 0.6819 0.5748 0.0608
3.9700 0.6822 0.5714 0.0601
3.9800 0.6824 0.5680 0.0595
3.9900 0.6826 0.5648 0.0588
4.0000 0.6828 0.5615 0.0581
4.0100 0.6830 0.5584 0.0574
4.0200 0.6831 0.5554 0.0567
4.0300 0.6833 0.5524 0.0560
4.0400 0.6835 0.5495 0.0552
4.0500 0.6837 0.5467 0.0544
4.0600 0.6839 0.5439 0.0535
4.0700 0.6841 0.5413 0.0526
4.0800 0.6843 0.5387 0.0517
4.0900 0.6846 0.5363 0.0507
4.1000 0.6849 0.5339 0.0497
4.1100 0.6852 0.5316 0.0487
4.1200 0.6855 0.5294 0.0476
4.1300 0.6859 0.5273 0.0464
4.1400 0.6863 0.5252 0.0453
4.1500 0.6868 0.5233 0.0441
4.1600 0.6873 0.5214 0.0428
4.1700 0.6879 0.5196 0.0415
4.1800 0.6885 0.5178 0.0402
4.1900 0.6891 0.5162 0.0388
4.2000 0.6897 0.5146 0.0374
4.2100 0.6903 0.5130 0.0360
4.2200 0.6909 0.5116 0.0345
4.2300 0.6915 0.5101 0.0330
4.2400 0.6920 0.5087 0.0315
4.2500 0.6924 0.5074 0.0300
4.2600 0.6927 0.5061 0.0284
4.2700 0.6928 0.5048 0.0269
4.2800 0.6928 0.5036 0.0253
4.2900 0.6925 0.5024 0.0237
4.3000 0.6919 0.5011 0.0222
4.3100 0.6910 0.5000 0.0206
4.3200 0.6897 0.4988 0.0191
4.3300 0.6880 0.4976 0.0175
4.3400 0.6859 0.4964 0.0160
4.3500 0.6832 0.4952 0.0145
4.3600 0.6799 0.4939 0.0131
4.3700 0.6760 0.4927 0.0117
4.3800 0.6716 0.4914 0.0103
4.3900 0.6664 0.4901 0.0090
4.4000 0.6606 0.4888 0.0078
4.4100 0.6540 0.4874 0.0067
4.4200 0.6468 0.4860 0.0056
4.4300 0.6388 0.4845 0.0047
4.4400 0.6302 0.4829 0.0038
4.4500 0.6210 0.4813 0.0031
4.4600 0.6111 0.4797 0.0025
4.4700 0.6006 0.4779 0.0021
4.4800 0.5897 0.4761 0.0018
4.4900 0.5784 0.4742 0.0017
4.5000 0.5667 0.4722 0.0019
4.5100 0.5549 0.4701 0.0021
4.5200 0.5429 0.4679 0.0026
4.5300 0.5309 0.4656 0.0033
4.5400 0.5190 0.4633 0.0041
4.5500 0.5074 0.4608 0.0050
4.5600 0.4962 0.4582 0.0061
4.5700 0.4855 0.4555 0.0073
4.5800 0.4755 0.4526 0.0087
4.5900 0.4662 0.4497 0.0101
4.6000 0.4579 0.4466 0.0117
4.6100 0.4505 0.4434 0.0134
4.6200 0.4442 0.4401 0.0151
4.6300 0.4390 0.4366 0.0170
4.6400 0.4350 0.4330 0.0189
4.6500 0.4323 0.4293 0.0209
4.6600 0.4307 0.4254 0.0230
4.6700 0.4305 0.4214 0.0251
4.6800 0.4313 0.4172 0.0273
4.6900 0.4334 0.4129 0.0296
4.7000 0.4365 0.4085 0.0319
4.7100 0.4405 0.4039 0.0342
4.7200 0.4455 0.3992 0.0365
4.7300 0.4512 0.3943 0.0389
4.7400 0.4576 0.3893 0.0413
4.7500 0.4646 0.3841 0.0437
4.7600 0.4720 0.3788 0.0461
4.7700 0.4797 0.3733 0.0486
4.7800 0.4877 0.3678 0.0510
4.7900 0.4958 0.3620 0.0534
4.8000 0.5039 0.3562 0.0558
4.8100 0.5120 0.3502 0.0581
4.8200 0.5199 0.3440 0.0605
4.8300 0.5276 0.3378 0.0628
4.8400 0.5351 0.3314 0.0651
4.8500 0.5423 0.3249 0.0673
4.8600 0.5492 0.3182 0.0695
4.8700 0.5557 0.3115 0.0717
4.8800 0.5618 0.3047 0.0738
4.8900 0.5675 0.2977 0.0758
4.9000 0.5728 0.2907 0.0778
4.9100 0.5776 0.2835 0.0798
4.9200 0.5820 0.2763 0.0816
4.9300 0.5860 0.2690 0.0835
4.9400 0.5896 0.2616 0.0852
4.9500 0.5928 0.2542 0.0869
4.9600 0.5956 0.2467 0.0885
4.9700 0.5980 0.2391 0.0900
4.9800 0.6000 0.2315 0.0915
4.9900 0.6017 0.2239 0.0929
5.0000 0.6030 0.2162 0.0942
5.0100 0.6040 0.2086 0.0954
5.0200 0.6047 0.2009 0.0966
5.0300 0.6051 0.1932 0.0977
5.0400 0.6053 0.1855 0.0987
5.0500 0.6052 0.1779 0.0996
5.0600 0.6048 0.1703 0.1005
5.0700 0.6042 0.1627 0.1013
5.0800 0.6034 0.1552 0.1020
5.0900 0.6024 0.1478 0.1027
5.1000 0.6012 0.1404 0.1033
5.1100 0.5999 0.1331 0.1038
5.1200 0.5984 0.1259 0.1042
5.1300 0.5967 0.1188 0.1046
5.1400 0.5950 0.1119 0.1050
5.1500 0.5931 0.1051 0.1053
5.1600 0.5911 0.0984 0.1055
5.1700 0.5890 0.0919 0.1057
5.1800 0.5868 0.0855 0.1058
5.1900 0.5846 0.0794 0.1059
5.2000 0.5823 0.0734 0.1059
5.2100 0.5799 0.0677 0.1060
5.2200 0.5775 0.0622 0.1059
5.2300 0.5750 0.0569 0.1059
5.2400 0.5725 0.0519 0.1058
5.2500 0.5700 0.0471 0.1057
5.2600 0.5674 0.0426 0.1056
5.2700 0.5647 0.0384 0.1055
5.2800 0.5621 0.0345 0.1054
5.2900 0.5594 0.0309 0.1053
5.3000 0.5567 0.0277 0.1051
5.3100 0.5539 0.0248 0.1050
5.3200 0.5511 0.0223 0.1049
5.3300 0.5483 0.0202 0.1048
5.3400 0.5454 0.0185 0.1047
5.3500 0.5425 0.0171 0.1046
5.3600 0.5396 0.0162 0.1045
5.3700 0.5366 0.0157 0.1045
5.3800 0.5336 0.0156 0.1045
5.3900 0.5306 0.0159 0.1045
5.4000 0.5275 0.0166 0.1046
5.4100 0.5244 0.0176 0.1046
5.4200 0.5213 0.0190 0.1047
5.4300 0.5182 0.0207 0.1049
5.4400 0.5151 0.0226 0.1051
5.4500 0.5119 0.0248 0.1053
5.4600 0.5088 0.0272 0.1056
5.4700 0.5058 0.0298 0.1059
5.4800 0.5027 0.0326 0.1062
5.4900 0.4997 0.0356 0.1066
5.5000 0.4968 0.0386 0.1070
5.5100 0.4939 0.0418 0.1075
5.5200 0.4911 0.0451 0.1080
5.5300 0.4884 0.0484 0.1085
5.5400 0.4858 0.0519 0.1091
5.5500 0.4833 0.0553 0.1097
5.5600 0.4809 0.0588 0.1103
5.5700 0.4786 0.0624 0.1110
5.5800 0.4763 0.0659 0.1117
5.5900 0.4742 0.0695 0.1124
5.6000 0.4722 0.0730 0.1131
5.6100 0.4703 0.0765 0.1138
5.6200 0.4684 0.0800 0.1145
5.6300 0.4666 0.0835 0.1153
5.6400 0.4649 0.0869 0.1160
5.6500 0.4632 0.0903 0.1168
5.6600 0.4615 0.0936 0.1175
5.6700 0.4597 0.0969 0.1183
5.6800 0.4580 0.1001 0.1190
5.6900 0.4562 0.1033 0.1197
5.7000 0.4543 0.1064 0.1204
5.7100 0.4523 0.1094 0.1210
5.7200 0.4502 0.1123 0.1216
5.7300 0.4479 0.1152 0.1222
5.7400 0.4455 0.1180 0.1228
5.7500 0.4428 0.1207 0.1233
5.7600 0.4399 0.1233 0.1237
5.7700 0.4368 0.1258 0.1242
5.7800 0.4334 0.1283 0.1245
5.7900 0.4298 0.1307 0.1248
5.8000 0.4259 0.1330 0.1251
5.8100 0.4217 0.1352 0.1253
5.8200 0.4172 0.1374 0.1254
5.8300 0.4125 0.1395 0.1254
5.8400 0.4075 0.1415 0.1254
5.8500 0.4023 0.1434 0.1253
5.8600 0.3968 0.1453 0.1251
5.8700 0.3913 0.1471 0.1248
5.8800 0.3856 0.1489 0.1245
5.8900 0.3800 0.1506 0.1241
5.9000 0.3743 0.1523 0.1236
5.9100 0.3688 0.1539 0.1230
5.9200 0.3634 0.1555 0.1223
5.9300 0.3584 0.1571 0.1215
5.9400 0.3538 0.1587 0.1207
5.9500 0.3498 0.1602 0.1197
5.9600 0.3464 0.1618 0.1187
5.9700 0.3438 0.1633 0.1176
5.9800 0.3421 0.1649 0.1163
5.9900 0.3415 0.1665 0.1150
6.0000 0.3421 0.1681 0.1137
6.0100 0.3439 0.1697 0.1122
6.0200 0.3471 0.1714 0.1106
6.0300 0.3517 0.1731 0.1090
6.0400 0.3578 0.1749 0.1072
6.0500 0.3654 0.1768 0.1054
6.0600 0.3745 0.1787 0.1035
6.0700 0.3850 0.1807 0.1016
6.0800 0.3969 0.1828 0.0995
6.0900 0.4102 0.1850 0.0974
6.1000 0.4246 0.1873 0.0953
6.1100 0.4400 0.1898 0.0930
6.1200 0.4564 0.1923 0.0907
6.1300 0.4734 0.1950 0.0884
6.1400 0.4910 0.1978 0.0860
6.1500 0.5089 0.2008 0.0836
6.1600 0.5269 0.2039 0.0811
6.1700 0.5448 0.2071 0.0785
6.1800 0.5625 0.2105 0.0760
6.1900 0.5797 0.2141 0.0734
6.2000 0.5962 0.2178 0.0707
6.2100 0.6119 0.2217 0.0681
6.2200 0.6265 0.2258 0.0654
6.2300 0.6400 0.2300 0.0628
6.2400 0.6522 0.2345 0.0601
6.2500 0.6629 0.2390 0.0574
6.2600 0.6721 0.2438 0.0548
6.2700 0.6797 0.2487 0.0521
6.2800 0.6856 0.2538 0.0495
6.2900 0.6898 0.2590 0.0469
6.3000 0.6923 0.2644 0.0443
6.3100 0.6931 0.2700 0.0418
6.3200 0.6922 0.2757 0.0393
6.3300 0.6897 0.2816 0.0368
6.3400 0.6857 0.2876 0.0344
6.3500 0.6802 0.2938 0.0321
6.3600 0.6735 0.3001 0.0298
6.3700 0.6655 0.3065 0.0276
6.3800 0.6566 0.3131 0.0254
6.3900 0.6468 0.3198 0.0233
6.4000 0.6363 0.3265 0.0214
6.4100 0.6254 0.3334 0.0195
6.4200 0.6142 0.3404 0.0177
6.4300 0.6028 0.3475 0.0160
6.4400 0.5917 0.3546 0.0143
6.4500 0.5808 0.3618 0.0128
6.4600 0.5703 0.3691 0.0115
6.4700 0.5606 0.3764 0.0102
6.4800 0.5516 0.3837 0.0090
6.4900 0.5436 0.3911 0.0080
6.5000 0.5367 0.3985 0.0071
6.5100 0.5309 0.4059 0.0063
6.5200 0.5263 0.4133 0.0057
6.5300 0.5229 0.4207 0.0052
6.5400 0.5208 0.4281 0.0048
6.5500 0.5199 0.4355 0.0046
6.5600 0.5202 0.4429 0.0045
6.5700 0.5217 0.4502 0.0045
6.5800 0.5242 0.4574 0.0046
6.5900 0.5276 0.4646 0.0049
6.6000 0.5320 0.4717 0.0053
6.6100 0.5371 0.4788 0.0057
6.6200 0.5428 0.4857 0.0063
6.6300 0.5491 0.4926 0.0069
6.6400 0.5557 0.4994 0.0076
6.6500 0.5627 0.5061 0.0083
6.6600 0.5699 0.5126 0.0091
6.6700 0.5772 0.5191 0.0100
6.6800 0.5844 0.5254 0.0109
6.6900 0.5917 0.5316 0.0118
6.7000 0.5987 0.5377 0.0127
6.7100 0.6056 0.5436 0.0137
6.7200 0.6123 0.5494 0.0146
6.7300 0.6187 0.5550 0.0156
6.7400 0.6248 0.5605 0.0165
6.7500 0.6305 0.5659 0.0175
6.7600 0.6360 0.5711 0.0185
6.7700 0.6410 0.5762 0.0194
6.7800 0.6457 0.5811 0.0204
6.7900 0.6501 0.5858 0.0213
6.8000 0.6541 0.5904 0.0222
6.8100 0.6578 0.5948 0.0231
6.8200 0.6611 0.5991 0.0239
6.8300 0.6642 0.6032 0.0248
6.8400 0.6670 0.6072 0.0256
6.8500 0.6695 0.6110 0.0264
6.8600 0.6717 0.6147 0.0272
6.8700 0.6737 0.6182 0.0279
6.8800 0.6755 0.6216 0.0287
6.8900 0.6771 0.6248 0.0294
6.9000 0.6785 0.6279 0.0301
6.9100 0.6798 0.6308 0.0307
6.9200 0.6809 0.6336 0.0314
6.9300 0.6819 0.6363 0.0320
6.9400 0.6827 0.6388 0.0327
6.9500 0.6834 0.6412 0.0333
6.9600 0.6841 0.6435 0.0339
6.9700 0.6846 0.6457 0.0345
6.9800 0.6851 0.6477 0.0351
6.9900 0.6855 0.6497 0.0357
7.0000 0.6859 0.6515 0.0364
7.0100 0.6862 0.6532 0.0370
7.0200 0.6864 0.6548 0.0376
7.0300 0.6866 0.6563 0.0383
7.0400 0.6868 0.6578 0.0389
7.0500 0.6869 0.6591 0.0396
7.0600 0.6870 0.6604 0.0404
7.0700 0.6871 0.6615 0.0411
7.0800 0.6871 0.6626 0.0419
7.0900 0.6872 0.6636 0.0427
7.1000 0.6872 0.6645 0.0436
7.1100 0.6872 0.6654 0.0445
7.1200 0.6873 0.6662 0.0455
7.1300 0.6873 0.6669 0.0465
7.1400 0.6873 0.6676 0.0475
7.1500 0.6874 0.6682 0.0487
7.1600 0.6875 0.6687 0.0498
7.1700 0.6875 0.6692 0.0511
7.1800 0.6877 0.6697 0.0524
7.1900 0.6878 0.6701 0.0537
7.2000 0.6880 0.6704 0.0551
7.2100 0.6882 0.6707 0.0566
7.2200 0.6885 0.6710 0.0581
7.2300 0.6888 0.6712 0.0597
7.2400 0.6892 0.6714 0.0614
7.2500 0.6896 0.6716 0.0631
7.2600 0.6900 0.6717 0.0649
7.2700 0.6904 0.6718 0.0667
7.2800 0.6909 0.6718 0.0686
7.2900 0.6914 0.6718 0.0706
7.3000 0.6918 0.6719 0.0726
7.3100 0.6922 0.6718 0.0746
7.3200 0.6925 0.6718 0.0767
7.3300 0.6928 0.6717 0.0789
7.3400 0.6929 0.6716 0.0810
7.3500 0.6928 0.6715 0.0832
7.3600 0.6925 0.6714 0.0855
7.3700 0.6919 0.6713 0.0878
7.3800 0.6910 0.6712 0.0901
7.3900 0.6898 0.6711 0.0924
7.4000 0.6881 0.6709 0.0947
7.4100 0.6859 0.6708 0.0971
7.4200 0.6833 0.6706 0.0994
7.4300 0.6800 0.6705 0.1018
7.4400 0.6761 0.6703 0.1041
7.4500 0.6715 0.6702 0.1064
7.4600 0.6663 0.6701 0.1088
7.4700 0.6602 0.6700 0.1111
7.4800 0.6534 0.6699 0.1134
7.4900 0.6458 0.6698 0.1156
7.5000 0.6373 0.6697 0.1178
7.5100 0.6281 0.6697 0.1200
7.5200 0.6180 0.6697 0.1222
7.5300 0.6072 0.6697 0.1243
7.5400 0.5957 0.6697 0.1263
7.5500 0.5835 0.6698 0.1283
7.5600 0.5706 0.6699 0.1303
7.5700 0.5572 0.6700 0.1321
7.5800 0.5434 0.6702 0.1340
7.5900 0.5292 0.6703 0.1357
7.6000 0.5147 0.6706 0.1373
7.6100 0.5002 0.6708 0.1389
7.6200 0.4857 0.6711 0.1404
7.6300 0.4713 0.6715 0.1419
7.6400 0.4572 0.6718 0.1432
7.6500 0.4437 0.6722 0.1444
7.6600 0.4307 0.6727 0.1456
7.6700 0.4185 0.6731 0.1466
7.6800 0.4071 0.6737 0.1476
7.6900 0.3968 0.6742 0.1484
7.7000 0.3877 0.6748 0.1492
7.7100 0.3798 0.6754 0.1499
7.7200 0.3732 0.6760 0.1504
7.7300 0.3679 0.6767 0.1509
7.7400 0.3641 0.6774 0.1512
7.7500 0.3618 0.6781 0.1514
7.7600 0.3608 0.6788 0.1516
7.7700 0.3612 0.6795 0.1516
7.7800 0.3629 0.6803 0.1515
7.7900 0.3657 0.6811 0.1513
7.8000 0.3698 0.6818 0.1510
7.8100 0.3748 0.6826 0.1506
7.8200 0.3807 0.6834 0.1501
7.8300 0.3873 0.6841 0.1495
7.8400 0.3946 0.6849 0.1487
7.8500 0.4023 0.6856 0.1479
7.8600 0.4105 0.6864 0.1470
7.8700 0.4189 0.6871 0.1460
7.8800 0.4274 0.6878 0.1449
7.8900 0.4359 0.6884 0.1437
7.9000 0.4444 0.6890 0.1424
7.9100 0.4528 0.6896 0.1410
7.9200 0.4609 0.6902 0.1395
7.9300 0.4688 0.6907 0.1380
7.9400 0.4763 0.6911 0.1364
7.9500 0.4835 0.6916 0.1347
7.9600 0.4902 0.6919 0.1329
7.9700 0.4965 0.6922 0.1311
7.9800 0.5024 0.6925 0.1292
7.9900 0.5077 0.6927 0.1272
8.0000 0.5126 0.6928 0.1252
8.0100 0.5170 0.6929 0.1231
8.0200 0.5209 0.6929 0.1210
8.0300 0.5244 0.6929 0.1188
8.0400 0.5273 0.6928 0.1167
8.0500 0.5298 0.6926 0.1144
8.0600 0.5318 0.6924 0.1122
8.0700 0.5334 0.6921 0.1099
8.0800 0.5346 0.6918 0.1076
8.0900 0.5354 0.6914 0.1053
8.1000 0.5357 0.6910 0.1030
8.1100 0.5357 0.6905 0.1007
8.1200 0.5354 0.6900 0.0983
8.1300 0.5347 0.6894 0.0960
8.1400 0.5337 0.6888 0.0937
8.1500 0.5324 0.6882 0.0914
8.1600 0.5309 0.6875 0.0892
8.1700 0.5291 0.6868 0.0869
8.1800 0.5270 0.6861 0.0847
8.1900 0.5248 0.6854 0.0825
8.2000 0.5224 0.6846 0.0804
8.2100 0.5198 0.6839 0.0782
8.2200 0.5171 0.6831 0.0762
8.2300 0.5142 0.6824 0.0741
8.2400 0.5112 0.6817 0.0722
8.2500 0.5082 0.6809 0.0702
8.2600 0.5050 0.6802 0.0684
8.2700 0.5018 0.6796 0.0666
8.2800 0.4986 0.6789 0.0648
8.2900 0.4953 0.6783 0.0631
8.3000 0.4919 0.6777 0.0614
8.3100 0.4886 0.6772 0.0599
8.3200 0.4852 0.6767 0.0583
8.3300 0.4819 0.6763 0.0569
8.3400 0.4785 0.6759 0.0555
8.3500 0.4751 0.6756 0.0542
8.3600 0.4717 0.6754 0.0529
8.3700 0.4684 0.6752 0.0517
8.3800 0.4650 0.6750 0.0505
8.3900 0.4617 0.6750 0.0494
8.4000 0.4583 0.6749 0.0483
8.4100 0.4550 0.6750 0.0473
8.4200 0.4517 0.6751 0.0464
8.4300 0.4483 0.6753 0.0455
8.4400 0.4451 0.6756 0.0446
8.4500 0.4418 0.6759 0.0438
8.4600 0.4385 0.6763 0.0430
8.4700 0.4353 0.6767 0.0423
8.4800 0.4322 0.6772 0.0416
8.4900 0.4291 0.6777 0.0409
8.5000 0.4260 0.6783 0.0402
8.5100 0.4231 0.6790 0.0396
8.5200 0.4202 0.6796 0.0389
8.5300 0.4175 0.6804 0.0383
8.5400 0.4149 0.6811 0.0377
8.5500 0.4124 0.6819 0.0371
8.5600 0.4101 0.6826 0.0365
8.5700 0.4081 0.6834 0.0359
8.5800 0.4062 0.6842 0.0353
8.5900 0.4045 0.6850 0.0347
8.6000 0.4031 0.6858 0.0340
8.6100 0.4020 0.6866 0.0334
8.6200 0.4011 0.6874 0.0327
8.6300 0.4006 0.6881 0.0321
8.6400 0.4003 0.6888 0.0314
8.6500 0.4003 0.6895 0.0307
8.6600 0.4007 0.6901 0.0300
8.6700 0.4013 0.6907 0.0292
8.6800 0.4023 0.6912 0.0284
8.6900 0.4035 0.6917 0.0276
8.7000 0.4050 0.6921 0.0268
8.7100 0.4068 0.6925 0.0260
8.7200 0.4089 0.6927 0.0251
8.7300 0.4112 0.6929 0.0242
8.7400 0.4137 0.6930 0.0233
8.7500 0.4164 0.6931 0.0224
8.7600 0.4192 0.6930 0.0215
8.7700 0.4222 0.6929 0.0205
8.7800 0.4253 0.6926 0.0196
8.7900 0.4285 0.6923 0.0186
8.8000 0.4317 0.6919 0.0177
8.8100 0.4349 0.6914 0.0167
8.8200 0.4381 0.6908 0.0157
8.8300 0.4414 0.6901 0.0148
8.8400 0.4445 0.6893 0.0139
8.8500 0.4477 0.6884 0.0129
8.8600 0.4507 0.6875 0.0120
8.8700 0.4537 0.6864 0.0112
8.8800 0.4566 0.6853 0.0104
8.8900 0.4595 0.6841 0.0096
8.9000 0.4622 0.6828 0.0089
8.9100 0.4649 0.6814 0.0082
8.9200 0.4675 0.6800 0.0077
8.9300 0.4701 0.6785 0.0072
8.9400 0.4727 0.6769 0.0068
8.9500 0.4753 0.6753 0.0064
8.9600 0.4780 0.6736 0.0062
8.9700 0.4807 0.6719 0.0061
8.9800 0.4835 0.6702 0.0062
8.9900 0.4865 0.6684 0.0063
9.0000 0.4897 0.6666 0.0066
9.0100 0.4932 0.6647 0.0070
9.0200 0.4969 0.6629 0.0075
9.0300 0.5010 0.6610 0.0082
9.0400 0.5054 0.6591 0.0090
9.0500 0.5102 0.6572 0.0099
9.0600 0.5155 0.6553 0.0109
9.0700 0.5212 0.6534 0.0121
9.0800 0.5274 0.6515 0.0134
9.0900 0.5341 0.6497 0.0148
9.1000 0.5413 0.6478 0.0163
9.1100 0.5490 0.6460 0.0179
9.1200 0.5572 0.6443 0.0196
9.1300 0.5657 0.6425 0.0214
9.1400 0.5747 0.6408 0.0233
9.1500 0.5839 0.6392 0.0252
9.1600 0.5934 0.6375 0.0273
9.1700 0.6030 0.6360 0.0294
9.1800 0.6128 0.6345 0.0316
9.1900 0.6224 0.6330 0.0339
9.2000 0.6319 0.6316 0.0362
9.2100 0.6412 0.6302 0.0386
9.2200 0.6500 0.6289 0.0410
9.2300 0.6583 0.6277 0.0435
9.2400 0.6660 0.6265 0.0460
9.2500 0.6729 0.6254 0.0485
9.2600 0.6789 0.6243 0.0510
9.2700 0.6839 0.6233 0.0536
9.2800 0.6877 0.6224 0.0562
9.2900 0.6904 0.6215 0.0588
9.3000 0.6918 0.6206 0.0614
9.3100 0.6919 0.6199 0.0640
9.3200 0.6905 0.6191 0.0666
9.3300 0.6878 0.6184 0.0692
9.3400 0.6836 0.6178 0.0717
9.3500 0.6779 0.6172 0.0743
9.3600 0.6709 0.6167 0.0768
9.3700 0.6625 0.6161 0.0793
9.3800 0.6529 0.6156 0.0817
9.3900 0.6421 0.6152 0.0841
9.4000 0.6303 0.6148 0.0865
9.4100 0.6175 0.6144 0.0888
9.4200 0.6041 0.6140 0.0910
9.4300 0.5900 0.6136 0.0932
9.4400 0.5756 0.6132 0.0954
9.4500 0.5611 0.6129 0.0974
9.4600 0.5466 0.6125 0.0994
9.4700 0.5325 0.6121 0.1014
9.4800 0.5188 0.6118 0.1032
9.4900 0.5059 0.6114 0.1050
9.5000 0.4940 0.6110 0.1067
9.5100 0.4833 0.6106 0.1083
9.5200 0.4739 0.6102 0.1099
9.5300 0.4661 0.6097 0.1113
9.5400 0.4599 0.6092 0.1127
9.5500 0.4555 0.6087 0.1140
9.5600 0.4529 0.6082 0.1152
9.5700 0.4522 0.6076 0.1163
9.5800 0.4532 0.6069 0.1174
9.5900 0.4560 0.6063 0.1183
9.6000 0.4605 0.6055 0.1192
9.6100 0.4665 0.6047 0.1199
9.6200 0.4738 0.6039 0.1206
9.6300 0.4824 0.6029 0.1212
9.6400 0.4921 0.6019 0.1217
9.6500 0.5026 0.6009 0.1222
9.6600 0.5137 0.5997 0.1225
9.6700 0.5253 0.5985 0.1228
9.6800 0.5372 0.5972 0.1230
9.6900 0.5493 0.5959 0.1231
9.7000 0.5613 0.5944 0.1232
9.7100 0.5731 0.5928 0.1231
9.7200 0.5847 0.5912 0.1230
9.7300 0.5959 0.5894 0.1229
9.7400 0.6065 0.5876 0.1227
9.7500 0.6166 0.5856 0.1224
9.7600 0.6261 0.5836 0.1220
9.7700 0.6349 0.5814 0.1217
9.7800 0.6430 0.5791 0.1212
9.7900 0.6503 0.5767 0.1207
9.8000 0.6570 0.5742 0.1202
9.8100 0.6630 0.5715 0.1197
9.8200 0.6682 0.5687 0.1191
9.8300 0.6728 0.5658 0.1185
9.8400 0.6768 0.5628 0.1178
9.8500 0.6802 0.5596 0.1172
9.8600 0.6830 0.5563 0.1165
9.8700 0.6854 0.5528 0.1158
9.8800 0.6872 0.5492 0.1151
9.8900 0.6887 0.5455 0.1144
9.9000 0.6898 0.5416 0.1137
9.9100 0.6905 0.5375 0.1130
9.9200 0.6910 0.5333 0.1123
9.9300 0.6913 0.5290 0.1116
9.9400 0.6913 0.5245 0.1109
9.9500 0.6913 0.5198 0.1102
9.9600 0.6911 0.5150 0.1096
9.9700 0.6908 0.5100 0.1090
9.9800 0.6904 0.5049 0.1084
9.9900 0.6900 0.4996 0.1079
10.0000 0.6896 0.4942 0.1073
