 t	 x	 y	 z	 w
0.0000 1.0000 1.0000 1.0000 1.0000
0.0100 0.9968 0.9998 0.9999 0.9999
0.0200 0.9871 0.9991 0.9996 0.9998
0.0300 0.9713 0.9979 0.9990 0.9995
0.0400 0.9495 0.9963 0.9983 0.9991
0.0500 0.9222 0.9942 0.9973 0.9986
0.0600 0.8899 0.9916 0.9962 0.9979
0.0700 0.8530 0.9886 0.9948 0.9972
0.0800 0.8123 0.9852 0.9932 0.9964
0.0900 0.7685 0.9813 0.9915 0.9955
0.1000 0.7221 0.9770 0.9895 0.9945
0.1100 0.6741 0.9723 0.9874 0.9934
0.1200 0.6249 0.9673 0.9852 0.9923
0.1300 0.5754 0.9618 0.9827 0.9910
0.1400 0.5261 0.9559 0.9802 0.9898
0.1500 0.4777 0.9497 0.9775 0.9884
0.1600 0.4307 0.9432 0.9746 0.9871
0.1700 0.3855 0.9363 0.9717 0.9857
0.1800 0.3425 0.9292 0.9686 0.9843
0.1900 0.3021 0.9217 0.9654 0.9828
0.2000 0.2645 0.9140 0.9622 0.9814
0.2100 0.2297 0.9060 0.9589 0.9800
0.2200 0.1980 0.8977 0.9555 0.9786
0.2300 0.1693 0.8892 0.9521 0.9771
0.2400 0.1435 0.8806 0.9486 0.9758
0.2500 0.1206 0.8717 0.9452 0.9744
0.2600 0.1005 0.8627 0.9417 0.9731
0.2700 0.0830 0.8535 0.9382 0.9719
0.2800 0.0678 0.8442 0.9347 0.9707
0.2900 0.0548 0.8347 0.9312 0.9696
0.3000 0.0438 0.8252 0.9278 0.9685
0.3100 0.0346 0.8156 0.9244 0.9675
0.3200 0.0268 0.8059 0.9210 0.9666
0.3300 0.0205 0.7962 0.9177 0.9658
0.3400 0.0152 0.7864 0.9145 0.9650
0.3500 0.0109 0.7766 0.9114 0.9644
0.3600 0.0075 0.7668 0.9083 0.9638
0.3700 0.0047 0.7571 0.9054 0.9633
0.3800 0.0024 0.7473 0.9025 0.9629
0.3900 0.0006 0.7376 0.8997 0.9626
0.4000 -0.0009 0.7280 0.8971 0.9623
0.4100 -0.0022 0.7184 0.8945 0.9622
0.4200 -0.0032 0.7089 0.8921 0.9621
0.4300 -0.0041 0.6995 0.8897 0.9621
0.4400 -0.0049 0.6902 0.8875 0.9622
0.4500 -0.0056 0.6811 0.8855 0.9624
0.4600 -0.0063 0.6720 0.8835 0.9626
0.4700 -0.0069 0.6631 0.8816 0.9629
0.4800 -0.0075 0.6544 0.8799 0.9632
0.4900 -0.0082 0.6458 0.8783 0.9636
0.5000 -0.0088 0.6373 0.8768 0.9641
0.5100 -0.0094 0.6290 0.8754 0.9646
0.5200 -0.0100 0.6209 0.8741 0.9652
0.5300 -0.0107 0.6130 0.8730 0.9658
0.5400 -0.0114 0.6052 0.8719 0.9664
0.5500 -0.0120 0.5976 0.8709 0.9670
0.5600 -0.0127 0.5901 0.8700 0.9677
0.5700 -0.0134 0.5829 0.8692 0.9684
0.5800 -0.0141 0.5758 0.8685 0.9691
0.5900 -0.0148 0.5688 0.8678 0.9698
0.6000 -0.0156 0.5620 0.8672 0.9705
0.6100 -0.0163 0.5554 0.8667 0.9712
0.6200 -0.0170 0.5489 0.8663 0.9719
0.6300 -0.0178 0.5426 0.8659 0.9726
0.6400 -0.0185 0.5363 0.8655 0.9733
0.6500 -0.0193 0.5302 0.8652 0.9740
0.6600 -0.0201 0.5242 0.8649 0.9747
0.6700 -0.0208 0.5183 0.8647 0.9754
0.6800 -0.0216 0.5125 0.8644 0.9761
0.6900 -0.0224 0.5067 0.8642 0.9767
0.7000 -0.0232 0.5010 0.8640 0.9773
0.7100 -0.0239 0.4954 0.8638 0.9780
0.7200 -0.0247 0.4898 0.8636 0.9786
0.7300 -0.0255 0.4842 0.8634 0.9792
0.7400 -0.0263 0.4786 0.8632 0.9798
0.7500 -0.0270 0.4730 0.8630 0.9804
0.7600 -0.0278 0.4674 0.8628 0.9810
0.7700 -0.0286 0.4617 0.8626 0.9815
0.7800 -0.0293 0.4560 0.8623 0.9821
0.7900 -0.0301 0.4503 0.8621 0.9827
0.8000 -0.0308 0.4445 0.8618 0.9832
0.8100 -0.0316 0.4387 0.8615 0.9838
0.8200 -0.0323 0.4328 0.8613 0.9844
0.8300 -0.0331 0.4267 0.8610 0.9849
0.8400 -0.0338 0.4206 0.8607 0.9855
0.8500 -0.0345 0.4144 0.8604 0.9861
0.8600 -0.0353 0.4081 0.8601 0.9867
0.8700 -0.0360 0.4017 0.8598 0.9873
0.8800 -0.0367 0.3952 0.8595 0.9879
0.8900 -0.0374 0.3886 0.8592 0.9885
0.9000 -0.0381 0.3819 0.8590 0.9891
0.9100 -0.0388 0.3751 0.8588 0.9898
0.9200 -0.0394 0.3681 0.8586 0.9904
0.9300 -0.0401 0.3611 0.8584 0.9910
0.9400 -0.0408 0.3539 0.8583 0.9917
0.9500 -0.0415 0.3467 0.8583 0.9923
0.9600 -0.0421 0.3393 0.8583 0.9929
0.9700 -0.0428 0.3319 0.8583 0.9936
0.9800 -0.0434 0.3243 0.8584 0.9942
0.9900 -0.0441 0.3167 0.8586 0.9948
1.0000 -0.0447 0.3090 0.8589 0.9954
1.0100 -0.0454 0.3013 0.8593 0.9959
1.0200 -0.0460 0.2935 0.8598 0.9965
1.0300 -0.0467 0.2856 0.8603 0.9970
1.0400 -0.0473 0.2777 0.8610 0.9974
1.0500 -0.0480 0.2698 0.8618 0.9979
1.0600 -0.0486 0.2618 0.8627 0.9983
1.0700 -0.0493 0.2539 0.8637 0.9986
1.0800 -0.0499 0.2459 0.8648 0.9989
1.0900 -0.0505 0.2379 0.8661 0.9991
1.1000 -0.0511 0.2300 0.8675 0.9992
1.1100 -0.0518 0.2221 0.8690 0.9993
1.1200 -0.0524 0.2143 0.8707 0.9993
1.1300 -0.0529 0.2065 0.8725 0.9993
1.1400 -0.0535 0.1988 0.8745 0.9991
1.1500 -0.0539 0.1913 0.8765 0.9989
1.1600 -0.0543 0.1838 0.8788 0.9985
1.1700 -0.0546 0.1765 0.8811 0.9981
1.1800 -0.0548 0.1693 0.8836 0.9976
1.1900 -0.0549 0.1622 0.8863 0.9970
1.2000 -0.0547 0.1554 0.8890 0.9963
1.2100 -0.0543 0.1488 0.8919 0.9956
1.2200 -0.0536 0.1424 0.8949 0.9947
1.2300 -0.0525 0.1362 0.8980 0.9937
1.2400 -0.0510 0.1303 0.9012 0.9927
1.2500 -0.0491 0.1247 0.9045 0.9915
1.2600 -0.0465 0.1194 0.9079 0.9903
1.2700 -0.0433 0.1145 0.9114 0.9890
1.2800 -0.0394 0.1098 0.9150 0.9876
1.2900 -0.0346 0.1056 0.9186 0.9862
1.3000 -0.0290 0.1017 0.9222 0.9847
1.3100 -0.0225 0.0982 0.9259 0.9831
1.3200 -0.0149 0.0952 0.9297 0.9815
1.3300 -0.0063 0.0926 0.9334 0.9799
1.3400 0.0033 0.0904 0.9372 0.9782
1.3500 0.0140 0.0887 0.9409 0.9765
1.3600 0.0258 0.0876 0.9446 0.9747
1.3700 0.0385 0.0869 0.9483 0.9730
1.3800 0.0522 0.0867 0.9520 0.9713
1.3900 0.0666 0.0871 0.9556 0.9696
1.4000 0.0818 0.0880 0.9591 0.9679
1.4100 0.0974 0.0895 0.9626 0.9662
1.4200 0.1134 0.0915 0.9659 0.9646
1.4300 0.1295 0.0940 0.9692 0.9630
1.4400 0.1455 0.0972 0.9723 0.9615
1.4500 0.1612 0.1009 0.9754 0.9600
1.4600 0.1763 0.1052 0.9782 0.9587
1.4700 0.1905 0.1100 0.9810 0.9574
1.4800 0.2037 0.1154 0.9836 0.9562
1.4900 0.2155 0.1214 0.9860 0.9551
1.5000 0.2257 0.1279 0.9882 0.9541
1.5100 0.2343 0.1350 0.9903 0.9532
1.5200 0.2409 0.1426 0.9922 0.9524
1.5300 0.2455 0.1507 0.9939 0.9517
1.5400 0.2479 0.1594 0.9954 0.9512
1.5500 0.2482 0.1685 0.9966 0.9508
1.5600 0.2463 0.1782 0.9977 0.9505
1.5700 0.2422 0.1883 0.9986 0.9504
1.5800 0.2361 0.1989 0.9992 0.9504
1.5900 0.2280 0.2099 0.9997 0.9505
1.6000 0.2180 0.2214 0.9999 0.9507
1.6100 0.2064 0.2333 0.9999 0.9511
1.6200 0.1934 0.2455 0.9997 0.9516
1.6300 0.1791 0.2582 0.9992 0.9522
1.6400 0.1638 0.2711 0.9986 0.9529
1.6500 0.1477 0.2845 0.9978 0.9538
1.6600 0.1311 0.2981 0.9967 0.9547
1.6700 0.1141 0.3120 0.9955 0.9558
1.6800 0.0971 0.3262 0.9941 0.9569
1.6900 0.0801 0.3406 0.9925 0.9581
1.7000 0.0634 0.3552 0.9907 0.9594
1.7100 0.0471 0.3701 0.9888 0.9608
1.7200 0.0314 0.3851 0.9867 0.9623
1.7300 0.0163 0.4003 0.9844 0.9638
1.7400 0.0019 0.4156 0.9821 0.9653
1.7500 -0.0117 0.4310 0.9795 0.9669
1.7600 -0.0245 0.4465 0.9769 0.9685
1.7700 -0.0365 0.4621 0.9741 0.9701
1.7800 -0.0477 0.4777 0.9713 0.9718
1.7900 -0.0581 0.4934 0.9684 0.9734
1.8000 -0.0677 0.5090 0.9654 0.9751
1.8100 -0.0766 0.5246 0.9623 0.9767
1.8200 -0.0848 0.5402 0.9592 0.9783
1.8300 -0.0924 0.5557 0.9560 0.9799
1.8400 -0.0994 0.5712 0.9528 0.9814
1.8500 -0.1059 0.5865 0.9496 0.9829
1.8600 -0.1118 0.6016 0.9464 0.9844
1.8700 -0.1174 0.6167 0.9431 0.9857
1.8800 -0.1224 0.6315 0.9399 0.9871
1.8900 -0.1271 0.6462 0.9367 0.9883
1.9000 -0.1314 0.6607 0.9336 0.9895
1.9100 -0.1353 0.6749 0.9304 0.9907
1.9200 -0.1389 0.6889 0.9274 0.9917
1.9300 -0.1422 0.7026 0.9244 0.9927
1.9400 -0.1451 0.7160 0.9214 0.9936
1.9500 -0.1477 0.7292 0.9185 0.9944
1.9600 -0.1499 0.7420 0.9157 0.9951
1.9700 -0.1518 0.7546 0.9130 0.9958
1.9800 -0.1534 0.7668 0.9103 0.9964
1.9900 -0.1547 0.7786 0.9078 0.9969
2.0000 -0.1556 0.7901 0.9053 0.9973
2.0100 -0.1562 0.8013 0.9030 0.9977
2.0200 -0.1565 0.8120 0.9007 0.9979
2.0300 -0.1565 0.8224 0.8985 0.9982
2.0400 -0.1562 0.8325 0.8965 0.9983
2.0500 -0.1556 0.8421 0.8945 0.9984
2.0600 -0.1548 0.8514 0.8926 0.9984
2.0700 -0.1537 0.8603 0.8908 0.9984
2.0800 -0.1523 0.8688 0.8892 0.9984
2.0900 -0.1508 0.8769 0.8876 0.9982
2.1000 -0.1490 0.8846 0.8861 0.9981
2.1100 -0.1471 0.8920 0.8847 0.9979
2.1200 -0.1450 0.8990 0.8833 0.9977
2.1300 -0.1429 0.9056 0.8821 0.9974
2.1400 -0.1406 0.9119 0.8809 0.9971
2.1500 -0.1383 0.9179 0.8798 0.9968
2.1600 -0.1359 0.9235 0.8788 0.9965
2.1700 -0.1336 0.9287 0.8778 0.9961
2.1800 -0.1312 0.9337 0.8769 0.9958
2.1900 -0.1290 0.9383 0.8761 0.9954
2.2000 -0.1268 0.9426 0.8752 0.9950
2.2100 -0.1247 0.9467 0.8745 0.9946
2.2200 -0.1228 0.9504 0.8737 0.9942
2.2300 -0.1210 0.9539 0.8730 0.9937
2.2400 -0.1195 0.9571 0.8723 0.9933
2.2500 -0.1181 0.9601 0.8716 0.9929
2.2600 -0.1170 0.9628 0.8709 0.9924
2.2700 -0.1162 0.9653 0.8703 0.9919
2.2800 -0.1156 0.9676 0.8696 0.9915
2.2900 -0.1154 0.9697 0.8690 0.9910
2.3000 -0.1154 0.9716 0.8683 0.9905
2.3100 -0.1158 0.9733 0.8676 0.9900
2.3200 -0.1165 0.9748 0.8669 0.9894
2.3300 -0.1176 0.9762 0.8662 0.9889
2.3400 -0.1190 0.9774 0.8655 0.9883
2.3500 -0.1208 0.9784 0.8648 0.9877
2.3600 -0.1229 0.9793 0.8641 0.9871
2.3700 -0.1254 0.9800 0.8633 0.9865
2.3800 -0.1282 0.9806 0.8625 0.9858
2.3900 -0.1313 0.9811 0.8618 0.9851
2.4000 -0.1347 0.9814 0.8610 0.9844
2.4100 -0.1385 0.9816 0.8602 0.9836
2.4200 -0.1424 0.9818 0.8594 0.9829
2.4300 -0.1466 0.9818 0.8586 0.9820
2.4400 -0.1510 0.9816 0.8578 0.9812
2.4500 -0.1556 0.9814 0.8570 0.9803
2.4600 -0.1602 0.9811 0.8563 0.9794
2.4700 -0.1650 0.9807 0.8555 0.9785
2.4800 -0.1698 0.9801 0.8548 0.9776
2.4900 -0.1746 0.9795 0.8541 0.9766
2.5000 -0.1793 0.9788 0.8535 0.9756
2.5100 -0.1839 0.9779 0.8528 0.9746
2.5200 -0.1883 0.9770 0.8523 0.9736
2.5300 -0.1925 0.9759 0.8518 0.9725
2.5400 -0.1964 0.9747 0.8513 0.9715
2.5500 -0.2000 0.9734 0.8509 0.9704
2.5600 -0.2032 0.9720 0.8506 0.9694
2.5700 -0.2059 0.9704 0.8504 0.9683
2.5800 -0.2081 0.9687 0.8503 0.9673
2.5900 -0.2098 0.9668 0.8503 0.9663
2.6000 -0.2108 0.9648 0.8504 0.9653
2.6100 -0.2112 0.9627 0.8506 0.9644
2.6200 -0.2109 0.9604 0.8509 0.9635
2.6300 -0.2099 0.9578 0.8513 0.9626
2.6400 -0.2080 0.9551 0.8519 0.9618
2.6500 -0.2054 0.9522 0.8526 0.9610
2.6600 -0.2019 0.9491 0.8535 0.9603
2.6700 -0.1975 0.9458 0.8545 0.9596
2.6800 -0.1922 0.9423 0.8556 0.9591
2.6900 -0.1859 0.9385 0.8569 0.9586
2.7000 -0.1786 0.9344 0.8584 0.9582
2.7100 -0.1703 0.9301 0.8600 0.9578
2.7200 -0.1608 0.9255 0.8618 0.9576
2.7300 -0.1503 0.9206 0.8637 0.9575
2.7400 -0.1385 0.9154 0.8658 0.9574
2.7500 -0.1254 0.9100 0.8680 0.9575
2.7600 -0.1109 0.9042 0.8704 0.9577
2.7700 -0.0950 0.8981 0.8730 0.9579
2.7800 -0.0775 0.8916 0.8757 0.9583
2.7900 -0.0583 0.8848 0.8785 0.9588
2.8000 -0.0374 0.8777 0.8815 0.9593
2.8100 -0.0146 0.8702 0.8846 0.9600
2.8200 0.0101 0.8624 0.8878 0.9608
2.8300 0.0369 0.8542 0.8912 0.9617
2.8400 0.0658 0.8457 0.8946 0.9626
2.8500 0.0968 0.8368 0.8982 0.9637
2.8600 0.1299 0.8275 0.9018 0.9648
2.8700 0.1652 0.8179 0.9055 0.9661
2.8800 0.2025 0.8079 0.9093 0.9674
2.8900 0.2418 0.7975 0.9132 0.9687
2.9000 0.2828 0.7868 0.9171 0.9701
2.9100 0.3252 0.7758 0.9210 0.9716
2.9200 0.3689 0.7644 0.9250 0.9731
2.9300 0.4134 0.7527 0.9290 0.9746
2.9400 0.4582 0.7406 0.9330 0.9762
2.9500 0.5030 0.7283 0.9370 0.9778
2.9600 0.5473 0.7156 0.9409 0.9794
2.9700 0.5903 0.7026 0.9448 0.9810
2.9800 0.6316 0.6894 0.9487 0.9825
2.9900 0.6705 0.6759 0.9525 0.9841
3.0000 0.7065 0.6621 0.9562 0.9856
3.0100 0.7389 0.6481 0.9599 0.9871
3.0200 0.7671 0.6338 0.9634 0.9885
3.0300 0.7908 0.6193 0.9668 0.9899
3.0400 0.8094 0.6047 0.9702 0.9912
3.0500 0.8226 0.5898 0.9733 0.9924
3.0600 0.8301 0.5748 0.9764 0.9936
3.0700 0.8317 0.5597 0.9793 0.9947
3.0800 0.8274 0.5444 0.9820 0.9956
3.0900 0.8171 0.5290 0.9845 0.9965
3.1000 0.8012 0.5135 0.9869 0.9973
3.1100 0.7799 0.4980 0.9891 0.9980
3.1200 0.7535 0.4824 0.9911 0.9985
3.1300 0.7225 0.4668 0.9929 0.9990
3.1400 0.6876 0.4511 0.9945 0.9993
3.1500 0.6493 0.4355 0.9958 0.9996
3.1600 0.6083 0.4199 0.9970 0.9997
3.1700 0.5654 0.4044 0.9980 0.9997
3.1800 0.5213 0.3890 0.9987 0.9996
3.1900 0.4767 0.3737 0.9993 0.9993
3.2000 0.4325 0.3585 0.9996 0.9990
3.2100 0.3892 0.3434 0.9997 0.9986
3.2200 0.3475 0.3286 0.9996 0.9980
3.2300 0.3079 0.3139 0.9993 0.9974
3.2400 0.2710 0.2995 0.9988 0.9967
3.2500 0.2372 0.2854 0.9981 0.9959
3.2600 0.2067 0.2715 0.9972 0.9950
3.2700 0.1799 0.2579 0.9962 0.9941
3.2800 0.1568 0.2446 0.9949 0.9930
3.2900 0.1374 0.2317 0.9935 0.9920
3.3000 0.1218 0.2191 0.9918 0.9909
3.3100 0.1099 0.2070 0.9901 0.9897
3.3200 0.1014 0.1953 0.9882 0.9885
3.3300 0.0960 0.1839 0.9861 0.9873
3.3400 0.0937 0.1731 0.9839 0.9861
3.3500 0.0939 0.1627 0.9816 0.9848
3.3600 0.0964 0.1528 0.9792 0.9836
3.3700 0.1008 0.1434 0.9767 0.9824
3.3800 0.1068 0.1346 0.9741 0.9811
3.3900 0.1140 0.1262 0.9714 0.9799
3.4000 0.1221 0.1185 0.9686 0.9788
3.4100 0.1307 0.1112 0.9658 0.9776
3.4200 0.1395 0.1046 0.9630 0.9765
3.4300 0.1483 0.0985 0.9601 0.9755
3.4400 0.1569 0.0929 0.9572 0.9745
3.4500 0.1649 0.0880 0.9542 0.9735
3.4600 0.1724 0.0836 0.9513 0.9726
3.4700 0.1790 0.0799 0.9483 0.9718
3.4800 0.1848 0.0767 0.9454 0.9710
3.4900 0.1895 0.0741 0.9425 0.9703
3.5000 0.1933 0.0720 0.9396 0.9696
3.5100 0.1959 0.0705 0.9368 0.9691
3.5200 0.1976 0.0696 0.9340 0.9686
3.5300 0.1981 0.0693 0.9312 0.9681
3.5400 0.1976 0.0695 0.9285 0.9677
3.5500 0.1962 0.0702 0.9259 0.9674
3.5600 0.1938 0.0714 0.9233 0.9671
3.5700 0.1906 0.0732 0.9208 0.9669
3.5800 0.1866 0.0754 0.9184 0.9668
3.5900 0.1819 0.0781 0.9160 0.9667
3.6000 0.1766 0.0813 0.9138 0.9667
3.6100 0.1708 0.0849 0.9116 0.9667
3.6200 0.1646 0.0890 0.9094 0.9668
3.6300 0.1580 0.0934 0.9074 0.9669
3.6400 0.1511 0.0983 0.9054 0.9670
3.6500 0.1441 0.1036 0.9036 0.9672
3.6600 0.1370 0.1092 0.9018 0.9674
3.6700 0.1298 0.1151 0.9000 0.9676
3.6800 0.1227 0.1214 0.8984 0.9679
3.6900 0.1158 0.1280 0.8968 0.9682
3.7000 0.1090 0.1349 0.8953 0.9685
3.7100 0.1025 0.1420 0.8938 0.9688
3.7200 0.0963 0.1494 0.8924 0.9691
3.7300 0.0904 0.1570 0.8911 0.9694
3.7400 0.0849 0.1649 0.8898 0.9698
3.7500 0.0799 0.1729 0.8886 0.9701
3.7600 0.0752 0.1811 0.8874 0.9704
3.7700 0.0711 0.1895 0.8862 0.9708
3.7800 0.0674 0.1981 0.8851 0.9711
3.7900 0.0642 0.2067 0.8839 0.9715
3.8000 0.0616 0.2155 0.8828 0.9718
3.8100 0.0594 0.2244 0.8817 0.9722
3.8200 0.0578 0.2333 0.8807 0.9725
3.8300 0.0566 0.2424 0.8796 0.9729
3.8400 0.0560 0.2514 0.8785 0.9732
3.8500 0.0558 0.2605 0.8774 0.9736
3.8600 0.0561 0.2696 0.8764 0.9739
3.8700 0.0568 0.2787 0.8753 0.9743
3.8800 0.0579 0.2878 0.8741 0.9747
3.8900 0.0594 0.2969 0.8730 0.9751
3.9000 0.0613 0.3059 0.8719 0.9755
3.9100 0.0635 0.3149 0.8707 0.9759
3.9200 0.0660 0.3238 0.8696 0.9764
3.9300 0.0687 0.3326 0.8684 0.9768
3.9400 0.0717 0.3413 0.8672 0.9773
3.9500 0.0749 0.3499 0.8659 0.9778
3.9600 0.0783 0.3584 0.8647 0.9783
3.9700 0.0817 0.3668 0.8634 0.9789
3.9800 0.0853 0.3751 0.8622 0.9795
3.9900 0.0889 0.3832 0.8609 0.9801
4.0000 0.0925 0.3912 0.8596 0.9807
4.0100 0.0961 0.3991 0.8583 0.9814
4.0200 0.0996 0.4068 0.8570 0.9821
4.0300 0.1031 0.4144 0.8558 0.9828
4.0400 0.1063 0.4218 0.8545 0.9836
4.0500 0.1094 0.4291 0.8533 0.9843
4.0600 0.1123 0.4363 0.8521 0.9851
4.0700 0.1149 0.4433 0.8509 0.9860
4.0800 0.1173 0.4501 0.8497 0.9868
4.0900 0.1193 0.4569 0.8486 0.9876
4.1000 0.1210 0.4635 0.8476 0.9885
4.1100 0.1223 0.4701 0.8466 0.9893
4.1200 0.1232 0.4765 0.8457 0.9902
4.1300 0.1237 0.4828 0.8449 0.9911
4.1400 0.1237 0.4891 0.8441 0.9919
4.1500 0.1233 0.4952 0.8435 0.9927
4.1600 0.1224 0.5014 0.8429 0.9935
4.1700 0.1210 0.5074 0.8425 0.9943
4.1800 0.1191 0.5135 0.8422 0.9951
4.1900 0.1167 0.5195 0.8420 0.9958
4.2000 0.1138 0.5255 0.8419 0.9964
4.2100 0.1104 0.5315 0.8420 0.9971
4.2200 0.1066 0.5375 0.8422 0.9976
4.2300 0.1023 0.5435 0.8426 0.9981
4.2400 0.0976 0.5496 0.8432 0.9985
4.2500 0.0926 0.5557 0.8439 0.9989
4.2600 0.0872 0.5619 0.8447 0.9992
4.2700 0.0815 0.5682 0.8457 0.9993
4.2800 0.0756 0.5745 0.8469 0.9994
4.2900 0.0696 0.5809 0.8483 0.9994
4.3000 0.0635 0.5874 0.8499 0.9994
4.3100 0.0575 0.5941 0.8516 0.9992
4.3200 0.0516 0.6008 0.8535 0.9989
4.3300 0.0459 0.6077 0.8556 0.9985
4.3400 0.0407 0.6146 0.8578 0.9980
4.3500 0.0359 0.6217 0.8602 0.9974
4.3600 0.0317 0.6290 0.8628 0.9967
4.3700 0.0282 0.6363 0.8655 0.9959
4.3800 0.0257 0.6438 0.8684 0.9950
4.3900 0.0240 0.6514 0.8714 0.9940
4.4000 0.0235 0.6592 0.8746 0.9929
4.4100 0.0242 0.6670 0.8779 0.9917
4.4200 0.0261 0.6750 0.8814 0.9905
4.4300 0.0293 0.6832 0.8850 0.9891
4.4400 0.0339 0.6914 0.8887 0.9877
4.4500 0.0398 0.6998 0.8925 0.9862
4.4600 0.0470 0.7082 0.8963 0.9847
4.4700 0.0556 0.7168 0.9003 0.9831
4.4800 0.0653 0.7254 0.9043 0.9814
4.4900 0.0762 0.7342 0.9084 0.9798
4.5000 0.0880 0.7430 0.9126 0.9781
4.5100 0.1005 0.7519 0.9168 0.9764
4.5200 0.1136 0.7608 0.9210 0.9746
4.5300 0.1271 0.7698 0.9252 0.9729
4.5400 0.1407 0.7789 0.9294 0.9712
4.5500 0.1542 0.7879 0.9335 0.9695
4.5600 0.1673 0.7970 0.9377 0.9678
4.5700 0.1798 0.8060 0.9418 0.9662
4.5800 0.1914 0.8151 0.9458 0.9647
4.5900 0.2019 0.8241 0.9498 0.9631
4.6000 0.2111 0.8331 0.9537 0.9617
4.6100 0.2189 0.8420 0.9575 0.9603
4.6200 0.2251 0.8509 0.9612 0.9590
4.6300 0.2296 0.8596 0.9648 0.9578
4.6400 0.2322 0.8682 0.9682 0.9567
4.6500 0.2331 0.8768 0.9715 0.9557
4.6600 0.2322 0.8851 0.9747 0.9548
4.6700 0.2296 0.8934 0.9777 0.9540
4.6800 0.2253 0.9014 0.9805 0.9534
4.6900 0.2194 0.9092 0.9832 0.9528
4.7000 0.2122 0.9169 0.9856 0.9524
4.7100 0.2037 0.9243 0.9879 0.9521
4.7200 0.1941 0.9314 0.9900 0.9519
4.7300 0.1837 0.9383 0.9919 0.9519
4.7400 0.1726 0.9449 0.9936 0.9519
4.7500 0.1611 0.9512 0.9951 0.9521
4.7600 0.1492 0.9572 0.9963 0.9524
4.7700 0.1372 0.9628 0.9974 0.9529
4.7800 0.1253 0.9681 0.9983 0.9534
4.7900 0.1135 0.9731 0.9989 0.9541
4.8000 0.1020 0.9776 0.9993 0.9548
4.8100 0.0909 0.9818 0.9996 0.9557
4.8200 0.0803 0.9855 0.9996 0.9566
4.8300 0.0701 0.9889 0.9994 0.9576
4.8400 0.0605 0.9918 0.9991 0.9588
4.8500 0.0515 0.9942 0.9985 0.9599
4.8600 0.0430 0.9963 0.9977 0.9612
4.8700 0.0350 0.9979 0.9968 0.9625
4.8800 0.0275 0.9990 0.9957 0.9638
4.8900 0.0206 0.9997 0.9944 0.9652
4.9000 0.0140 0.9999 0.9930 0.9667
4.9100 0.0079 0.9996 0.9914 0.9681
4.9200 0.0021 0.9989 0.9897 0.9696
4.9300 -0.0034 0.9977 0.9879 0.9711
4.9400 -0.0086 0.9960 0.9859 0.9726
4.9500 -0.0135 0.9939 0.9838 0.9740
4.9600 -0.0181 0.9913 0.9816 0.9755
4.9700 -0.0226 0.9883 0.9794 0.9769
4.9800 -0.0268 0.9848 0.9770 0.9784
4.9900 -0.0307 0.9809 0.9746 0.9798
5.0000 -0.0345 0.9765 0.9721 0.9811
5.0100 -0.0380 0.9718 0.9696 0.9824
5.0200 -0.0413 0.9666 0.9670 0.9837
5.0300 -0.0443 0.9610 0.9644 0.9849
5.0400 -0.0471 0.9550 0.9617 0.9861
5.0500 -0.0496 0.9487 0.9591 0.9872
5.0600 -0.0519 0.9420 0.9564 0.9882
5.0700 -0.0538 0.9349 0.9538 0.9892
5.0800 -0.0554 0.9275 0.9511 0.9901
5.0900 -0.0567 0.9198 0.9485 0.9910
5.1000 -0.0577 0.9117 0.9459 0.9918
5.1100 -0.0584 0.9034 0.9433 0.9925
5.1200 -0.0588 0.8949 0.9408 0.9932
5.1300 -0.0590 0.8860 0.9383 0.9938
5.1400 -0.0588 0.8769 0.9359 0.9944
5.1500 -0.0584 0.8676 0.9335 0.9949
5.1600 -0.0577 0.8581 0.9311 0.9953
5.1700 -0.0568 0.8485 0.9288 0.9957
5.1800 -0.0557 0.8386 0.9266 0.9961
5.1900 -0.0544 0.8286 0.9244 0.9964
5.2000 -0.0531 0.8185 0.9223 0.9966
5.2100 -0.0516 0.8083 0.9203 0.9968
5.2200 -0.0500 0.7979 0.9183 0.9970
5.2300 -0.0484 0.7875 0.9164 0.9972
5.2400 -0.0469 0.7771 0.9145 0.9973
5.2500 -0.0454 0.7666 0.9127 0.9973
5.2600 -0.0439 0.7561 0.9109 0.9974
5.2700 -0.0426 0.7456 0.9092 0.9974
5.2800 -0.0415 0.7351 0.9076 0.9974
5.2900 -0.0406 0.7247 0.9060 0.9973
5.3000 -0.0399 0.7143 0.9044 0.9973
5.3100 -0.0395 0.7040 0.9029 0.9972
5.3200 -0.0393 0.6938 0.9014 0.9971
5.3300 -0.0396 0.6837 0.8999 0.9970
5.3400 -0.0402 0.6737 0.8984 0.9969
5.3500 -0.0412 0.6638 0.8970 0.9967
5.3600 -0.0426 0.6540 0.8956 0.9966
5.3700 -0.0445 0.6445 0.8942 0.9964
5.3800 -0.0468 0.6350 0.8928 0.9962
5.3900 -0.0496 0.6258 0.8914 0.9959
5.4000 -0.0529 0.6167 0.8899 0.9957
5.4100 -0.0567 0.6079 0.8885 0.9954
5.4200 -0.0610 0.5992 0.8871 0.9951
5.4300 -0.0657 0.5907 0.8856 0.9948
5.4400 -0.0710 0.5824 0.8842 0.9944
5.4500 -0.0767 0.5743 0.8827 0.9940
5.4600 -0.0829 0.5664 0.8812 0.9936
5.4700 -0.0896 0.5587 0.8797 0.9931
5.4800 -0.0966 0.5513 0.8781 0.9926
5.4900 -0.1040 0.5440 0.8765 0.9921
5.5000 -0.1118 0.5369 0.8749 0.9915
5.5100 -0.1199 0.5300 0.8733 0.9909
5.5200 -0.1282 0.5232 0.8717 0.9902
5.5300 -0.1367 0.5167 0.8700 0.9895
5.5400 -0.1453 0.5103 0.8683 0.9887
5.5500 -0.1540 0.5041 0.8666 0.9879
5.5600 -0.1628 0.4980 0.8648 0.9870
5.5700 -0.1715 0.4920 0.8631 0.9861
5.5800 -0.1800 0.4862 0.8613 0.9851
5.5900 -0.1884 0.4805 0.8595 0.9841
5.6000 -0.1965 0.4749 0.8578 0.9830
5.6100 -0.2043 0.4694 0.8560 0.9819
5.6200 -0.2116 0.4640 0.8543 0.9808
5.6300 -0.2185 0.4587 0.8525 0.9796
5.6400 -0.2249 0.4534 0.8508 0.9784
5.6500 -0.2306 0.4481 0.8492 0.9772
5.6600 -0.2357 0.4429 0.8475 0.9759
5.6700 -0.2400 0.4378 0.8459 0.9746
5.6800 -0.2435 0.4326 0.8444 0.9733
5.6900 -0.2462 0.4275 0.8430 0.9720
5.7000 -0.2481 0.4223 0.8416 0.9707
5.7100 -0.2491 0.4172 0.8403 0.9693
5.7200 -0.2491 0.4120 0.8391 0.9680
5.7300 -0.2482 0.4068 0.8380 0.9667
5.7400 -0.2464 0.4016 0.8370 0.9655
5.7500 -0.2437 0.3963 0.8362 0.9642
5.7600 -0.2399 0.3910 0.8354 0.9630
5.7700 -0.2353 0.3857 0.8348 0.9619
5.7800 -0.2297 0.3802 0.8344 0.9608
5.7900 -0.2232 0.3747 0.8341 0.9598
5.8000 -0.2157 0.3692 0.8339 0.9588
5.8100 -0.2073 0.3636 0.8339 0.9579
5.8200 -0.1981 0.3579 0.8341 0.9571
5.8300 -0.1878 0.3521 0.8345 0.9563
5.8400 -0.1767 0.3462 0.8350 0.9557
5.8500 -0.1645 0.3403 0.8357 0.9551
5.8600 -0.1514 0.3342 0.8366 0.9547
5.8700 -0.1372 0.3281 0.8377 0.9544
5.8800 -0.1220 0.3219 0.8390 0.9541
5.8900 -0.1056 0.3157 0.8404 0.9540
5.9000 -0.0880 0.3093 0.8421 0.9540
5.9100 -0.0693 0.3029 0.8439 0.9541
5.9200 -0.0493 0.2964 0.8460 0.9544
5.9300 -0.0280 0.2898 0.8482 0.9547
5.9400 -0.0055 0.2831 0.8506 0.9552
5.9500 0.0183 0.2764 0.8532 0.9557
5.9600 0.0433 0.2697 0.8559 0.9564
5.9700 0.0694 0.2629 0.8589 0.9572
5.9800 0.0965 0.2560 0.8620 0.9581
5.9900 0.1245 0.2491 0.8652 0.9591
6.0000 0.1530 0.2422 0.8686 0.9602
6.0100 0.1818 0.2353 0.8722 0.9614
6.0200 0.2107 0.2284 0.8759 0.9627
6.0300 0.2393 0.2215 0.8797 0.9641
6.0400 0.2671 0.2146 0.8836 0.9655
6.0500 0.2938 0.2078 0.8876 0.9670
6.0600 0.3190 0.2010 0.8917 0.9685
6.0700 0.3420 0.1943 0.8959 0.9701
6.0800 0.3626 0.1877 0.9002 0.9718
6.0900 0.3802 0.1812 0.9045 0.9734
6.1000 0.3945 0.1749 0.9088 0.9751
6.1100 0.4051 0.1687 0.9132 0.9768
6.1200 0.4116 0.1627 0.9176 0.9784
6.1300 0.4139 0.1568 0.9220 0.9801
6.1400 0.4117 0.1512 0.9264 0.9817
6.1500 0.4051 0.1458 0.9307 0.9834
6.1600 0.3939 0.1407 0.9350 0.9849
6.1700 0.3785 0.1359 0.9393 0.9865
6.1800 0.3589 0.1313 0.9435 0.9880
6.1900 0.3355 0.1271 0.9476 0.9894
6.2000 0.3088 0.1233 0.9516 0.9907
6.2100 0.2792 0.1198 0.9555 0.9920
6.2200 0.2473 0.1166 0.9593 0.9932
6.2300 0.2138 0.1139 0.9630 0.9943
6.2400 0.1793 0.1116 0.9666 0.9953
6.2500 0.1446 0.1097 0.9700 0.9962
6.2600 0.1103 0.1083 0.9732 0.9970
6.2700 0.0771 0.1074 0.9763 0.9977
6.2800 0.0456 0.1069 0.9792 0.9983
6.2900 0.0166 0.1069 0.9820 0.9988
6.3000 -0.0095 0.1074 0.9845 0.9991
6.3100 -0.0322 0.1085 0.9869 0.9994
6.3200 -0.0511 0.1100 0.9890 0.9996
6.3300 -0.0659 0.1121 0.9910 0.9996
6.3400 -0.0765 0.1147 0.9928 0.9996
6.3500 -0.0828 0.1178 0.9943 0.9994
6.3600 -0.0847 0.1215 0.9957 0.9992
6.3700 -0.0824 0.1257 0.9968 0.9988
6.3800 -0.0761 0.1304 0.9978 0.9984
6.3900 -0.0661 0.1357 0.9985 0.9979
6.4000 -0.0527 0.1415 0.9990 0.9973
6.4100 -0.0363 0.1479 0.9994 0.9967
6.4200 -0.0173 0.1547 0.9995 0.9959
6.4300 0.0038 0.1621 0.9995 0.9951
6.4400 0.0264 0.1699 0.9992 0.9943
6.4500 0.0502 0.1783 0.9988 0.9934
6.4600 0.0745 0.1871 0.9982 0.9925
6.4700 0.0990 0.1965 0.9974 0.9916
6.4800 0.1231 0.2062 0.9965 0.9906
6.4900 0.1465 0.2165 0.9954 0.9896
6.5000 0.1688 0.2271 0.9941 0.9886
6.5100 0.1897 0.2382 0.9928 0.9876
6.5200 0.2089 0.2497 0.9912 0.9865
6.5300 0.2261 0.2616 0.9896 0.9855
6.5400 0.2412 0.2739 0.9879 0.9845
6.5500 0.2541 0.2865 0.9860 0.9836
6.5600 0.2646 0.2995 0.9841 0.9826
6.5700 0.2727 0.3128 0.9821 0.9817
6.5800 0.2784 0.3264 0.9800 0.9808
6.5900 0.2818 0.3403 0.9778 0.9799
6.6000 0.2829 0.3545 0.9756 0.9791
6.6100 0.2819 0.3689 0.9734 0.9783
6.6200 0.2787 0.3835 0.9711 0.9776
6.6300 0.2737 0.3983 0.9687 0.9768
6.6400 0.2669 0.4133 0.9664 0.9762
6.6500 0.2585 0.4285 0.9640 0.9756
6.6600 0.2487 0.4438 0.9617 0.9750
6.6700 0.2378 0.4592 0.9593 0.9745
6.6800 0.2258 0.4747 0.9569 0.9740
6.6900 0.2130 0.4902 0.9546 0.9735
6.7000 0.1996 0.5058 0.9523 0.9731
6.7100 0.1857 0.5215 0.9500 0.9728
6.7200 0.1716 0.5371 0.9477 0.9724
6.7300 0.1573 0.5527 0.9454 0.9721
6.7400 0.1432 0.5682 0.9432 0.9719
6.7500 0.1292 0.5837 0.9411 0.9716
6.7600 0.1157 0.5990 0.9389 0.9714
6.7700 0.1026 0.6143 0.9369 0.9712
6.7800 0.0901 0.6293 0.9348 0.9711
6.7900 0.0783 0.6442 0.9328 0.9709
6.8000 0.0673 0.6590 0.9309 0.9708
6.8100 0.0572 0.6735 0.9289 0.9707
6.8200 0.0479 0.6878 0.9271 0.9706
6.8300 0.0397 0.7018 0.9252 0.9705
6.8400 0.0325 0.7156 0.9234 0.9704
6.8500 0.0263 0.7290 0.9216 0.9703
6.8600 0.0212 0.7422 0.9199 0.9703
6.8700 0.0171 0.7551 0.9182 0.9702
6.8800 0.0141 0.7676 0.9165 0.9701
6.8900 0.0121 0.7798 0.9148 0.9701
6.9000 0.0112 0.7916 0.9132 0.9700
6.9100 0.0113 0.8031 0.9115 0.9700
6.9200 0.0123 0.8142 0.9099 0.9699
6.9300 0.0142 0.8250 0.9082 0.9699
6.9400 0.0170 0.8353 0.9066 0.9699
6.9500 0.0207 0.8453 0.9049 0.9699
6.9600 0.0251 0.8549 0.9033 0.9699
6.9700 0.0302 0.8641 0.9016 0.9699
6.9800 0.0359 0.8729 0.8999 0.9699
6.9900 0.0423 0.8813 0.8982 0.9700
7.0000 0.0492 0.8893 0.8965 0.9700
7.0100 0.0565 0.8970 0.8947 0.9701
7.0200 0.0643 0.9042 0.8929 0.9703
7.0300 0.0724 0.9111 0.8911 0.9704
7.0400 0.0807 0.9176 0.8892 0.9706
7.0500 0.0892 0.9238 0.8873 0.9708
7.0600 0.0978 0.9295 0.8854 0.9711
7.0700 0.1065 0.9350 0.8834 0.9714
7.0800 0.1152 0.9400 0.8814 0.9718
7.0900 0.1237 0.9448 0.8794 0.9722
7.1000 0.1322 0.9492 0.8773 0.9726
7.1100 0.1403 0.9533 0.8752 0.9731
7.1200 0.1482 0.9571 0.8731 0.9736
7.1300 0.1558 0.9606 0.8709 0.9742
7.1400 0.1629 0.9638 0.8687 0.9748
7.1500 0.1695 0.9667 0.8665 0.9755
7.1600 0.1756 0.9694 0.8643 0.9763
7.1700 0.1811 0.9718 0.8621 0.9771
7.1800 0.1859 0.9739 0.8598 0.9779
7.1900 0.1900 0.9758 0.8576 0.9788
7.2000 0.1933 0.9775 0.8554 0.9797
7.2100 0.1959 0.9790 0.8532 0.9806
7.2200 0.1976 0.9802 0.8510 0.9816
7.2300 0.1984 0.9812 0.8488 0.9826
7.2400 0.1983 0.9821 0.8467 0.9836
7.2500 0.1973 0.9828 0.8447 0.9847
7.2600 0.1953 0.9832 0.8427 0.9858
7.2700 0.1923 0.9836 0.8408 0.9868
7.2800 0.1884 0.9837 0.8390 0.9879
7.2900 0.1835 0.9837 0.8372 0.9890
7.3000 0.1777 0.9836 0.8356 0.9900
7.3100 0.1709 0.9833 0.8340 0.9911
7.3200 0.1632 0.9829 0.8326 0.9921
7.3300 0.1547 0.9824 0.8313 0.9930
7.3400 0.1454 0.9818 0.8301 0.9940
7.3500 0.1354 0.9810 0.8291 0.9949
7.3600 0.1247 0.9802 0.8282 0.9957
7.3700 0.1135 0.9792 0.8275 0.9965
7.3800 0.1019 0.9781 0.8270 0.9972
7.3900 0.0899 0.9770 0.8266 0.9978
7.4000 0.0777 0.9757 0.8264 0.9983
7.4100 0.0655 0.9743 0.8264 0.9988
7.4200 0.0533 0.9729 0.8265 0.9991
7.4300 0.0414 0.9713 0.8269 0.9994
7.4400 0.0299 0.9696 0.8274 0.9996
7.4500 0.0190 0.9678 0.8282 0.9996
7.4600 0.0089 0.9659 0.8292 0.9996
7.4700 -0.0003 0.9639 0.8303 0.9995
7.4800 -0.0085 0.9618 0.8317 0.9992
7.4900 -0.0154 0.9596 0.8333 0.9988
7.5000 -0.0209 0.9572 0.8351 0.9984
7.5100 -0.0249 0.9547 0.8371 0.9978
7.5200 -0.0274 0.9520 0.8393 0.9971
7.5300 -0.0282 0.9492 0.8417 0.9963
7.5400 -0.0272 0.9463 0.8443 0.9954
7.5500 -0.0246 0.9431 0.8471 0.9944
7.5600 -0.0202 0.9398 0.8500 0.9933
7.5700 -0.0141 0.9363 0.8532 0.9921
7.5800 -0.0065 0.9325 0.8565 0.9909
7.5900 0.0025 0.9286 0.8599 0.9896
7.6000 0.0129 0.9244 0.8636 0.9882
7.6100 0.0244 0.9200 0.8673 0.9867
7.6200 0.0369 0.9154 0.8712 0.9852
7.6300 0.0500 0.9105 0.8752 0.9836
7.6400 0.0637 0.9054 0.8794 0.9820
7.6500 0.0776 0.9000 0.8836 0.9804
7.6600 0.0916 0.8943 0.8879 0.9788
7.6700 0.1053 0.8883 0.8923 0.9771
7.6800 0.1187 0.8820 0.8967 0.9755
7.6900 0.1314 0.8754 0.9012 0.9738
7.7000 0.1433 0.8685 0.9057 0.9722
7.7100 0.1543 0.8613 0.9103 0.9706
7.7200 0.1642 0.8538 0.9148 0.9691
7.7300 0.1730 0.8459 0.9193 0.9676
7.7400 0.1807 0.8377 0.9239 0.9661
7.7500 0.1871 0.8292 0.9283 0.9648
7.7600 0.1925 0.8204 0.9328 0.9634
7.7700 0.1967 0.8112 0.9371 0.9622
7.7800 0.1999 0.8017 0.9414 0.9611
7.7900 0.2022 0.7919 0.9457 0.9600
7.8000 0.2037 0.7817 0.9498 0.9590
7.8100 0.2045 0.7712 0.9538 0.9582
7.8200 0.2048 0.7604 0.9577 0.9574
7.8300 0.2048 0.7492 0.9614 0.9568
7.8400 0.2045 0.7378 0.9651 0.9562
7.8500 0.2040 0.7260 0.9685 0.9558
7.8600 0.2036 0.7139 0.9718 0.9555
7.8700 0.2033 0.7015 0.9750 0.9552
7.8800 0.2032 0.6889 0.9779 0.9552
7.8900 0.2033 0.6759 0.9807 0.9552
7.9000 0.2037 0.6627 0.9833 0.9553
7.9100 0.2044 0.6492 0.9857 0.9555
7.9200 0.2054 0.6355 0.9880 0.9559
7.9300 0.2068 0.6215 0.9900 0.9563
7.9400 0.2084 0.6073 0.9918 0.9568
7.9500 0.2102 0.5929 0.9934 0.9575
7.9600 0.2122 0.5783 0.9948 0.9582
7.9700 0.2144 0.5635 0.9960 0.9590
7.9800 0.2166 0.5485 0.9971 0.9598
7.9900 0.2189 0.5334 0.9979 0.9607
8.0000 0.2211 0.5182 0.9985 0.9617
8.0100 0.2232 0.5028 0.9989 0.9628
8.0200 0.2253 0.4874 0.9992 0.9639
8.0300 0.2271 0.4719 0.9992 0.9650
8.0400 0.2288 0.4563 0.9991 0.9662
8.0500 0.2303 0.4407 0.9988 0.9674
8.0600 0.2316 0.4251 0.9984 0.9686
8.0700 0.2326 0.4095 0.9977 0.9698
8.0800 0.2334 0.3940 0.9970 0.9711
8.0900 0.2341 0.3785 0.9961 0.9723
8.1000 0.2345 0.3631 0.9950 0.9735
8.1100 0.2348 0.3478 0.9939 0.9748
8.1200 0.2350 0.3327 0.9926 0.9760
8.1300 0.2350 0.3178 0.9912 0.9772
8.1400 0.2349 0.3030 0.9897 0.9783
8.1500 0.2348 0.2885 0.9881 0.9795
8.1600 0.2346 0.2742 0.9864 0.9806
8.1700 0.2344 0.2601 0.9846 0.9816
8.1800 0.2342 0.2464 0.9828 0.9827
8.1900 0.2341 0.2330 0.9809 0.9837
8.2000 0.2339 0.2200 0.9790 0.9846
8.2100 0.2338 0.2073 0.9770 0.9855
8.2200 0.2337 0.1950 0.9750 0.9864
8.2300 0.2337 0.1831 0.9729 0.9872
8.2400 0.2337 0.1717 0.9709 0.9880
8.2500 0.2338 0.1607 0.9688 0.9888
8.2600 0.2339 0.1502 0.9667 0.9895
8.2700 0.2340 0.1402 0.9647 0.9901
8.2800 0.2341 0.1307 0.9626 0.9907
8.2900 0.2341 0.1217 0.9605 0.9913
8.3000 0.2341 0.1133 0.9585 0.9919
8.3100 0.2341 0.1053 0.9564 0.9924
8.3200 0.2340 0.0980 0.9544 0.9928
8.3300 0.2337 0.0912 0.9524 0.9933
8.3400 0.2333 0.0850 0.9504 0.9937
8.3500 0.2328 0.0793 0.9485 0.9941
8.3600 0.2320 0.0743 0.9465 0.9945
8.3700 0.2311 0.0698 0.9446 0.9948
8.3800 0.2299 0.0659 0.9427 0.9951
8.3900 0.2284 0.0626 0.9409 0.9954
8.4000 0.2266 0.0598 0.9390 0.9957
8.4100 0.2245 0.0576 0.9372 0.9960
8.4200 0.2220 0.0560 0.9354 0.9962
8.4300 0.2192 0.0550 0.9336 0.9964
8.4400 0.2160 0.0545 0.9318 0.9967
8.4500 0.2123 0.0546 0.9301 0.9968
8.4600 0.2083 0.0553 0.9283 0.9970
8.4700 0.2039 0.0564 0.9266 0.9972
8.4800 0.1990 0.0581 0.9248 0.9973
8.4900 0.1937 0.0603 0.9230 0.9974
8.5000 0.1879 0.0631 0.9213 0.9975
8.5100 0.1817 0.0663 0.9195 0.9976
8.5200 0.1750 0.0699 0.9177 0.9976
8.5300 0.1680 0.0741 0.9158 0.9976
8.5400 0.1605 0.0787 0.9140 0.9976
8.5500 0.1526 0.0837 0.9121 0.9976
8.5600 0.1444 0.0892 0.9102 0.9975
8.5700 0.1358 0.0951 0.9083 0.9973
8.5800 0.1269 0.1013 0.9063 0.9972
8.5900 0.1178 0.1080 0.9042 0.9969
8.6000 0.1083 0.1149 0.9022 0.9966
8.6100 0.0987 0.1223 0.9001 0.9963
8.6200 0.0889 0.1299 0.8979 0.9959
8.6300 0.0790 0.1379 0.8957 0.9955
8.6400 0.0690 0.1461 0.8934 0.9950
8.6500 0.0591 0.1546 0.8911 0.9944
8.6600 0.0491 0.1634 0.8887 0.9938
8.6700 0.0392 0.1724 0.8863 0.9931
8.6800 0.0295 0.1815 0.8839 0.9923
8.6900 0.0200 0.1909 0.8814 0.9915
8.7000 0.0106 0.2005 0.8788 0.9906
8.7100 0.0016 0.2101 0.8763 0.9897
8.7200 -0.0071 0.2200 0.8737 0.9886
8.7300 -0.0154 0.2299 0.8710 0.9876
8.7400 -0.0234 0.2399 0.8684 0.9864
8.7500 -0.0310 0.2500 0.8657 0.9852
8.7600 -0.0381 0.2601 0.8631 0.9840
8.7700 -0.0447 0.2702 0.8604 0.9827
8.7800 -0.0509 0.2804 0.8577 0.9813
8.7900 -0.0567 0.2905 0.8551 0.9799
8.8000 -0.0620 0.3007 0.8525 0.9785
8.8100 -0.0669 0.3107 0.8499 0.9770
8.8200 -0.0714 0.3207 0.8473 0.9755
8.8300 -0.0755 0.3307 0.8448 0.9740
8.8400 -0.0793 0.3405 0.8424 0.9725
8.8500 -0.0828 0.3503 0.8400 0.9710
8.8600 -0.0860 0.3599 0.8377 0.9695
8.8700 -0.0890 0.3694 0.8355 0.9680
8.8800 -0.0919 0.3787 0.8334 0.9665
8.8900 -0.0945 0.3880 0.8314 0.9651
8.9000 -0.0971 0.3970 0.8296 0.9636
8.9100 -0.0996 0.4059 0.8278 0.9623
8.9200 -0.1019 0.4147 0.8262 0.9610
8.9300 -0.1041 0.4233 0.8247 0.9597
8.9400 -0.1062 0.4317 0.8234 0.9585
8.9500 -0.1082 0.4400 0.8223 0.9574
8.9600 -0.1099 0.4481 0.8213 0.9564
8.9700 -0.1114 0.4560 0.8205 0.9555
8.9800 -0.1125 0.4638 0.8199 0.9546
8.9900 -0.1132 0.4715 0.8195 0.9539
9.0000 -0.1134 0.4790 0.8193 0.9532
9.0100 -0.1131 0.4863 0.8193 0.9527
9.0200 -0.1121 0.4935 0.8195 0.9523
9.0300 -0.1105 0.5006 0.8199 0.9520
9.0400 -0.1081 0.5076 0.8205 0.9519
9.0500 -0.1049 0.5145 0.8214 0.9518
9.0600 -0.1010 0.5213 0.8225 0.9519
9.0700 -0.0965 0.5280 0.8238 0.9521
9.0800 -0.0913 0.5346 0.8253 0.9524
9.0900 -0.0856 0.5412 0.8270 0.9529
9.1000 -0.0795 0.5477 0.8290 0.9534
9.1100 -0.0733 0.5542 0.8311 0.9541
9.1200 -0.0672 0.5607 0.8335 0.9549
9.1300 -0.0615 0.5671 0.8361 0.9559
9.1400 -0.0564 0.5735 0.8389 0.9569
9.1500 -0.0522 0.5799 0.8419 0.9580
9.1600 -0.0492 0.5863 0.8450 0.9592
9.1700 -0.0478 0.5928 0.8484 0.9605
9.1800 -0.0483 0.5992 0.8519 0.9619
9.1900 -0.0508 0.6057 0.8555 0.9633
9.2000 -0.0556 0.6123 0.8593 0.9648
9.2100 -0.0628 0.6189 0.8633 0.9664
9.2200 -0.0726 0.6255 0.8674 0.9680
9.2300 -0.0850 0.6323 0.8716 0.9697
9.2400 -0.0998 0.6391 0.8759 0.9713
9.2500 -0.1170 0.6459 0.8803 0.9730
9.2600 -0.1364 0.6528 0.8847 0.9747
9.2700 -0.1575 0.6599 0.8893 0.9764
9.2800 -0.1801 0.6670 0.8938 0.9781
9.2900 -0.2037 0.6741 0.8985 0.9798
9.3000 -0.2278 0.6814 0.9031 0.9815
9.3100 -0.2518 0.6888 0.9078 0.9831
9.3200 -0.2752 0.6962 0.9125 0.9846
9.3300 -0.2972 0.7038 0.9171 0.9861
9.3400 -0.3175 0.7114 0.9217 0.9876
9.3500 -0.3353 0.7191 0.9263 0.9890
9.3600 -0.3501 0.7269 0.9308 0.9903
9.3700 -0.3615 0.7348 0.9353 0.9915
9.3800 -0.3691 0.7428 0.9396 0.9927
9.3900 -0.3725 0.7509 0.9439 0.9937
9.4000 -0.3715 0.7590 0.9481 0.9947
9.4100 -0.3660 0.7671 0.9521 0.9956
9.4200 -0.3559 0.7754 0.9561 0.9964
9.4300 -0.3413 0.7837 0.9599 0.9971
9.4400 -0.3224 0.7920 0.9635 0.9977
9.4500 -0.2994 0.8003 0.9670 0.9981
9.4600 -0.2727 0.8087 0.9703 0.9985
9.4700 -0.2427 0.8171 0.9735 0.9988
9.4800 -0.2098 0.8255 0.9765 0.9990
9.4900 -0.1747 0.8338 0.9793 0.9991
9.5000 -0.1378 0.8422 0.9819 0.9991
9.5100 -0.0999 0.8505 0.9843 0.9991
9.5200 -0.0614 0.8587 0.9866 0.9989
9.5300 -0.0230 0.8669 0.9886 0.9987
9.5400 0.0148 0.8750 0.9905 0.9984
9.5500 0.0514 0.8830 0.9921 0.9980
9.5600 0.0863 0.8909 0.9936 0.9976
9.5700 0.1190 0.8986 0.9949 0.9971
9.5800 0.1492 0.9062 0.9960 0.9965
9.5900 0.1765 0.9136 0.9969 0.9959
9.6000 0.2007 0.9208 0.9976 0.9953
9.6100 0.2215 0.9278 0.9981 0.9946
9.6200 0.2388 0.9346 0.9984 0.9939
9.6300 0.2526 0.9411 0.9986 0.9931
9.6400 0.2627 0.9474 0.9986 0.9924
9.6500 0.2693 0.9533 0.9985 0.9916
9.6600 0.2724 0.9590 0.9982 0.9908
9.6700 0.2721 0.9644 0.9977 0.9901
9.6800 0.2687 0.9695 0.9971 0.9893
9.6900 0.2623 0.9742 0.9964 0.9885
9.7000 0.2531 0.9785 0.9956 0.9877
9.7100 0.2415 0.9825 0.9946 0.9870
9.7200 0.2276 0.9861 0.9935 0.9862
9.7300 0.2118 0.9893 0.9924 0.9855
9.7400 0.1944 0.9921 0.9911 0.9848
9.7500 0.1757 0.9944 0.9898 0.9841
9.7600 0.1559 0.9964 0.9883 0.9834
9.7700 0.1353 0.9979 0.9868 0.9827
9.7800 0.1142 0.9989 0.9853 0.9821
9.7900 0.0930 0.9996 0.9837 0.9815
9.8000 0.0717 0.9997 0.9820 0.9809
9.8100 0.0507 0.9994 0.9803 0.9803
9.8200 0.0302 0.9987 0.9786 0.9798
9.8300 0.0104 0.9975 0.9769 0.9793
9.8400 -0.0086 0.9958 0.9751 0.9787
9.8500 -0.0266 0.9937 0.9733 0.9782
9.8600 -0.0435 0.9911 0.9715 0.9778
9.8700 -0.0591 0.9880 0.9697 0.9773
9.8800 -0.0733 0.9845 0.9679 0.9768
9.8900 -0.0862 0.9806 0.9661 0.9764
9.9000 -0.0975 0.9762 0.9643 0.9759
9.9100 -0.1074 0.9714 0.9625 0.9755
9.9200 -0.1157 0.9661 0.9607 0.9750
9.9300 -0.1225 0.9605 0.9590 0.9746
9.9400 -0.1278 0.9544 0.9572 0.9742
9.9500 -0.1315 0.9479 0.9554 0.9737
9.9600 -0.1338 0.9411 0.9536 0.9733
9.9700 -0.1347 0.9339 0.9519 0.9729
9.9800 -0.1342 0.9263 0.9501 0.9724
9.9900 -0.1324 0.9183 0.9484 0.9720
10.0000 -0.1293 0.9101 0.9467 0.9715
