 t	 x	 y	 z	 w
0.0000 0.0000 -0.0000 -0.0000 0.0000
0.0100 0.0106 0.0011 0.0005 0.0003
0.0200 0.0344 0.0037 0.0017 0.0010
0.0300 0.0669 0.0075 0.0036 0.0020
0.0400 0.1054 0.0123 0.0059 0.0033
0.0500 0.1478 0.0181 0.0087 0.0049
0.0600 0.1926 0.0246 0.0120 0.0067
0.0700 0.2385 0.0318 0.0155 0.0087
0.0800 0.2843 0.0397 0.0194 0.0110
0.0900 0.3292 0.0482 0.0237 0.0133
0.1000 0.3723 0.0571 0.0281 0.0158
0.1100 0.4132 0.0665 0.0328 0.0185
0.1200 0.4512 0.0762 0.0377 0.0212
0.1300 0.4863 0.0863 0.0428 0.0240
0.1400 0.5181 0.0967 0.0481 0.0268
0.1500 0.5465 0.1074 0.0535 0.0298
0.1600 0.5717 0.1182 0.0589 0.0327
0.1700 0.5936 0.1293 0.0645 0.0356
0.1800 0.6125 0.1405 0.0701 0.0386
0.1900 0.6286 0.1517 0.0758 0.0415
0.2000 0.6421 0.1631 0.0815 0.0444
0.2100 0.6533 0.1745 0.0872 0.0472
0.2200 0.6624 0.1859 0.0929 0.0500
0.2300 0.6697 0.1973 0.0986 0.0527
0.2400 0.6756 0.2087 0.1043 0.0553
0.2500 0.6801 0.2200 0.1098 0.0579
0.2600 0.6836 0.2313 0.1154 0.0603
0.2700 0.6863 0.2425 0.1208 0.0626
0.2800 0.6883 0.2535 0.1261 0.0648
0.2900 0.6898 0.2644 0.1314 0.0668
0.3000 0.6908 0.2752 0.1365 0.0688
0.3100 0.6916 0.2858 0.1415 0.0706
0.3200 0.6921 0.2962 0.1464 0.0722
0.3300 0.6925 0.3065 0.1511 0.0737
0.3400 0.6927 0.3166 0.1557 0.0751
0.3500 0.6929 0.3264 0.1601 0.0763
0.3600 0.6930 0.3361 0.1644 0.0773
0.3700 0.6930 0.3455 0.1685 0.0783
0.3800 0.6931 0.3548 0.1724 0.0790
0.3900 0.6931 0.3638 0.1762 0.0796
0.4000 0.6931 0.3725 0.1798 0.0801
0.4100 0.6931 0.3810 0.1832 0.0804
0.4200 0.6931 0.3893 0.1865 0.0806
0.4300 0.6931 0.3974 0.1896 0.0807
0.4400 0.6931 0.4052 0.1925 0.0806
0.4500 0.6931 0.4127 0.1953 0.0804
0.4600 0.6931 0.4201 0.1979 0.0801
0.4700 0.6931 0.4272 0.2003 0.0797
0.4800 0.6931 0.4340 0.2026 0.0791
0.4900 0.6931 0.4406 0.2047 0.0785
0.5000 0.6931 0.4470 0.2067 0.0778
0.5100 0.6931 0.4532 0.2085 0.0770
0.5200 0.6930 0.4591 0.2102 0.0761
0.5300 0.6930 0.4648 0.2118 0.0752
0.5400 0.6930 0.4704 0.2133 0.0742
0.5500 0.6930 0.4757 0.2146 0.0731
0.5600 0.6930 0.4808 0.2158 0.0720
0.5700 0.6930 0.4857 0.2169 0.0709
0.5800 0.6930 0.4904 0.2179 0.0697
0.5900 0.6930 0.4950 0.2188 0.0685
0.6000 0.6930 0.4994 0.2197 0.0673
0.6100 0.6930 0.5036 0.2204 0.0661
0.6200 0.6930 0.5077 0.2211 0.0649
0.6300 0.6929 0.5116 0.2217 0.0637
0.6400 0.6929 0.5154 0.2223 0.0625
0.6500 0.6929 0.5191 0.2229 0.0613
0.6600 0.6929 0.5227 0.2234 0.0601
0.6700 0.6929 0.5261 0.2238 0.0589
0.6800 0.6929 0.5295 0.2243 0.0578
0.6900 0.6929 0.5328 0.2247 0.0566
0.7000 0.6928 0.5360 0.2251 0.0555
0.7100 0.6928 0.5391 0.2256 0.0544
0.7200 0.6928 0.5421 0.2260 0.0534
0.7300 0.6928 0.5452 0.2265 0.0523
0.7400 0.6928 0.5481 0.2269 0.0513
0.7500 0.6928 0.5510 0.2274 0.0502
0.7600 0.6927 0.5539 0.2279 0.0492
0.7700 0.6927 0.5568 0.2284 0.0482
0.7800 0.6927 0.5597 0.2290 0.0472
0.7900 0.6927 0.5625 0.2296 0.0462
0.8000 0.6926 0.5654 0.2302 0.0452
0.8100 0.6926 0.5682 0.2309 0.0442
0.8200 0.6926 0.5710 0.2316 0.0432
0.8300 0.6926 0.5739 0.2324 0.0421
0.8400 0.6926 0.5768 0.2331 0.0411
0.8500 0.6925 0.5796 0.2339 0.0400
0.8600 0.6925 0.5825 0.2347 0.0389
0.8700 0.6925 0.5854 0.2356 0.0377
0.8800 0.6925 0.5884 0.2364 0.0366
0.8900 0.6924 0.5913 0.2373 0.0354
0.9000 0.6924 0.5943 0.2381 0.0341
0.9100 0.6924 0.5973 0.2390 0.0328
0.9200 0.6924 0.6003 0.2399 0.0315
0.9300 0.6923 0.6033 0.2407 0.0301
0.9400 0.6923 0.6063 0.2416 0.0287
0.9500 0.6923 0.6094 0.2424 0.0273
0.9600 0.6923 0.6124 0.2431 0.0258
0.9700 0.6922 0.6155 0.2438 0.0243
0.9800 0.6922 0.6185 0.2445 0.0227
0.9900 0.6922 0.6215 0.2451 0.0212
1.0000 0.6921 0.6246 0.2457 0.0196
1.0100 0.6921 0.6276 0.2462 0.0180
1.0200 0.6921 0.6306 0.2466 0.0164
1.0300 0.6921 0.6336 0.2469 0.0148
1.0400 0.6920 0.6365 0.2471 0.0133
1.0500 0.6920 0.6395 0.2472 0.0117
1.0600 0.6920 0.6423 0.2471 0.0103
1.0700 0.6920 0.6452 0.2470 0.0088
1.0800 0.6919 0.6480 0.2467 0.0075
1.0900 0.6919 0.6507 0.2463 0.0063
1.1000 0.6919 0.6534 0.2457 0.0051
1.1100 0.6919 0.6560 0.2450 0.0041
1.1200 0.6918 0.6585 0.2441 0.0033
1.1300 0.6918 0.6610 0.2431 0.0026
1.1400 0.6918 0.6634 0.2419 0.0022
1.1500 0.6918 0.6657 0.2405 0.0021
1.1600 0.6918 0.6679 0.2389 0.0022
1.1700 0.6918 0.6700 0.2371 0.0025
1.1800 0.6918 0.6720 0.2352 0.0032
1.1900 0.6918 0.6740 0.2330 0.0041
1.2000 0.6919 0.6758 0.2307 0.0053
1.2100 0.6919 0.6775 0.2281 0.0067
1.2200 0.6920 0.6792 0.2254 0.0083
1.2300 0.6921 0.6807 0.2224 0.0102
1.2400 0.6922 0.6821 0.2193 0.0122
1.2500 0.6923 0.6834 0.2159 0.0144
1.2600 0.6924 0.6846 0.2124 0.0168
1.2700 0.6926 0.6858 0.2086 0.0193
1.2800 0.6927 0.6868 0.2047 0.0220
1.2900 0.6928 0.6877 0.2005 0.0248
1.3000 0.6928 0.6885 0.1962 0.0277
1.3100 0.6928 0.6893 0.1916 0.0307
1.3200 0.6927 0.6899 0.1869 0.0338
1.3300 0.6925 0.6905 0.1820 0.0370
1.3400 0.6921 0.6910 0.1770 0.0402
1.3500 0.6915 0.6914 0.1718 0.0435
1.3600 0.6906 0.6917 0.1664 0.0468
1.3700 0.6895 0.6921 0.1609 0.0501
1.3800 0.6881 0.6923 0.1552 0.0534
1.3900 0.6864 0.6925 0.1495 0.0567
1.4000 0.6844 0.6927 0.1436 0.0599
1.4100 0.6820 0.6928 0.1376 0.0631
1.4200 0.6793 0.6929 0.1315 0.0663
1.4300 0.6763 0.6930 0.1253 0.0694
1.4400 0.6730 0.6930 0.1191 0.0724
1.4500 0.6696 0.6930 0.1128 0.0753
1.4600 0.6661 0.6931 0.1065 0.0781
1.4700 0.6626 0.6931 0.1002 0.0807
1.4800 0.6592 0.6931 0.0939 0.0833
1.4900 0.6560 0.6931 0.0876 0.0857
1.5000 0.6532 0.6931 0.0813 0.0879
1.5100 0.6507 0.6931 0.0751 0.0900
1.5200 0.6488 0.6931 0.0690 0.0919
1.5300 0.6475 0.6931 0.0629 0.0937
1.5400 0.6468 0.6930 0.0570 0.0953
1.5500 0.6468 0.6930 0.0513 0.0966
1.5600 0.6474 0.6929 0.0457 0.0978
1.5700 0.6487 0.6928 0.0403 0.0988
1.5800 0.6506 0.6927 0.0351 0.0996
1.5900 0.6530 0.6925 0.0301 0.1002
1.6000 0.6559 0.6923 0.0255 0.1006
1.6100 0.6591 0.6920 0.0211 0.1008
1.6200 0.6626 0.6917 0.0170 0.1008
1.6300 0.6661 0.6912 0.0133 0.1006
1.6400 0.6697 0.6907 0.0099 0.1002
1.6500 0.6732 0.6901 0.0070 0.0996
1.6600 0.6765 0.6894 0.0045 0.0987
1.6700 0.6796 0.6886 0.0025 0.0978
1.6800 0.6825 0.6876 0.0012 0.0966
1.6900 0.6850 0.6865 0.0004 0.0952
1.7000 0.6871 0.6852 0.0006 0.0937
1.7100 0.6889 0.6838 0.0015 0.0920
1.7200 0.6904 0.6822 0.0030 0.0901
1.7300 0.6915 0.6804 0.0050 0.0881
1.7400 0.6923 0.6784 0.0075 0.0860
1.7500 0.6928 0.6761 0.0103 0.0837
1.7600 0.6931 0.6737 0.0135 0.0813
1.7700 0.6931 0.6710 0.0170 0.0788
1.7800 0.6930 0.6681 0.0208 0.0762
1.7900 0.6927 0.6649 0.0248 0.0735
1.8000 0.6923 0.6615 0.0289 0.0707
1.8100 0.6918 0.6578 0.0333 0.0679
1.8200 0.6912 0.6538 0.0378 0.0650
1.8300 0.6905 0.6495 0.0424 0.0621
1.8400 0.6898 0.6450 0.0472 0.0591
1.8500 0.6891 0.6402 0.0520 0.0561
1.8600 0.6883 0.6351 0.0568 0.0531
1.8700 0.6875 0.6296 0.0617 0.0502
1.8800 0.6867 0.6240 0.0666 0.0472
1.8900 0.6859 0.6180 0.0715 0.0443
1.9000 0.6851 0.6117 0.0764 0.0414
1.9100 0.6842 0.6051 0.0813 0.0386
1.9200 0.6834 0.5983 0.0861 0.0359
1.9300 0.6826 0.5912 0.0909 0.0332
1.9400 0.6817 0.5838 0.0956 0.0307
1.9500 0.6809 0.5762 0.1002 0.0282
1.9600 0.6800 0.5683 0.1047 0.0258
1.9700 0.6792 0.5602 0.1092 0.0236
1.9800 0.6783 0.5519 0.1135 0.0214
1.9900 0.6775 0.5433 0.1178 0.0194
2.0000 0.6767 0.5346 0.1219 0.0176
2.0100 0.6758 0.5256 0.1259 0.0159
2.0200 0.6751 0.5166 0.1298 0.0143
2.0300 0.6743 0.5073 0.1336 0.0129
2.0400 0.6735 0.4979 0.1372 0.0116
2.0500 0.6728 0.4884 0.1407 0.0105
2.0600 0.6721 0.4789 0.1441 0.0095
2.0700 0.6714 0.4692 0.1473 0.0087
2.0800 0.6708 0.4594 0.1505 0.0080
2.0900 0.6702 0.4497 0.1535 0.0075
2.1000 0.6696 0.4399 0.1564 0.0071
2.1100 0.6690 0.4300 0.1591 0.0069
2.1200 0.6685 0.4202 0.1618 0.0068
2.1300 0.6680 0.4104 0.1643 0.0068
2.1400 0.6675 0.4007 0.1667 0.0069
2.1500 0.6671 0.3910 0.1690 0.0071
2.1600 0.6666 0.3814 0.1712 0.0074
2.1700 0.6662 0.3718 0.1733 0.0078
2.1800 0.6658 0.3624 0.1754 0.0082
2.1900 0.6654 0.3531 0.1773 0.0087
2.2000 0.6651 0.3438 0.1792 0.0092
2.2100 0.6647 0.3348 0.1810 0.0098
2.2200 0.6643 0.3258 0.1828 0.0104
2.2300 0.6640 0.3170 0.1845 0.0111
2.2400 0.6636 0.3084 0.1862 0.0118
2.2500 0.6632 0.2999 0.1878 0.0125
2.2600 0.6629 0.2916 0.1894 0.0132
2.2700 0.6625 0.2835 0.1910 0.0139
2.2800 0.6621 0.2756 0.1926 0.0147
2.2900 0.6617 0.2678 0.1942 0.0155
2.3000 0.6613 0.2602 0.1957 0.0163
2.3100 0.6608 0.2528 0.1973 0.0171
2.3200 0.6604 0.2455 0.1989 0.0180
2.3300 0.6600 0.2385 0.2005 0.0188
2.3400 0.6595 0.2316 0.2022 0.0198
2.3500 0.6591 0.2249 0.2038 0.0207
2.3600 0.6587 0.2184 0.2056 0.0217
2.3700 0.6582 0.2120 0.2073 0.0228
2.3800 0.6578 0.2058 0.2091 0.0239
2.3900 0.6574 0.1997 0.2109 0.0250
2.4000 0.6570 0.1938 0.2127 0.0262
2.4100 0.6566 0.1881 0.2146 0.0275
2.4200 0.6563 0.1825 0.2166 0.0288
2.4300 0.6560 0.1770 0.2186 0.0302
2.4400 0.6558 0.1716 0.2206 0.0316
2.4500 0.6557 0.1664 0.2226 0.0332
2.4600 0.6556 0.1612 0.2247 0.0348
2.4700 0.6556 0.1562 0.2268 0.0364
2.4800 0.6557 0.1513 0.2290 0.0382
2.4900 0.6558 0.1464 0.2312 0.0400
2.5000 0.6561 0.1417 0.2333 0.0418
2.5100 0.6565 0.1370 0.2355 0.0438
2.5200 0.6571 0.1324 0.2377 0.0457
2.5300 0.6577 0.1278 0.2399 0.0478
2.5400 0.6585 0.1233 0.2421 0.0498
2.5500 0.6594 0.1189 0.2443 0.0520
2.5600 0.6605 0.1145 0.2465 0.0541
2.5700 0.6617 0.1101 0.2486 0.0563
2.5800 0.6630 0.1058 0.2507 0.0585
2.5900 0.6644 0.1015 0.2527 0.0607
2.6000 0.6660 0.0972 0.2547 0.0629
2.6100 0.6676 0.0930 0.2566 0.0651
2.6200 0.6694 0.0888 0.2584 0.0673
2.6300 0.6712 0.0847 0.2601 0.0695
2.6400 0.6731 0.0806 0.2618 0.0716
2.6500 0.6750 0.0766 0.2633 0.0737
2.6600 0.6770 0.0726 0.2648 0.0757
2.6700 0.6790 0.0688 0.2661 0.0777
2.6800 0.6809 0.0650 0.2672 0.0796
2.6900 0.6828 0.0613 0.2683 0.0814
2.7000 0.6847 0.0578 0.2692 0.0831
2.7100 0.6865 0.0544 0.2699 0.0847
2.7200 0.6881 0.0511 0.2705 0.0861
2.7300 0.6896 0.0481 0.2709 0.0875
2.7400 0.6909 0.0453 0.2711 0.0887
2.7500 0.6920 0.0428 0.2712 0.0898
2.7600 0.6927 0.0406 0.2711 0.0908
2.7700 0.6931 0.0387 0.2707 0.0916
2.7800 0.6930 0.0372 0.2702 0.0922
2.7900 0.6923 0.0362 0.2695 0.0927
2.8000 0.6910 0.0355 0.2685 0.0930
2.8100 0.6889 0.0354 0.2674 0.0931
2.8200 0.6859 0.0358 0.2660 0.0931
2.8300 0.6818 0.0367 0.2644 0.0928
2.8400 0.6764 0.0382 0.2626 0.0924
2.8500 0.6696 0.0403 0.2606 0.0919
2.8600 0.6613 0.0429 0.2583 0.0911
2.8700 0.6511 0.0462 0.2559 0.0901
2.8800 0.6389 0.0500 0.2532 0.0890
2.8900 0.6246 0.0544 0.2502 0.0877
2.9000 0.6080 0.0594 0.2471 0.0862
2.9100 0.5891 0.0649 0.2437 0.0845
2.9200 0.5677 0.0709 0.2401 0.0827
2.9300 0.5439 0.0775 0.2363 0.0807
2.9400 0.5177 0.0845 0.2323 0.0785
2.9500 0.4893 0.0921 0.2280 0.0762
2.9600 0.4591 0.1001 0.2235 0.0738
2.9700 0.4273 0.1085 0.2189 0.0712
2.9800 0.3945 0.1174 0.2140 0.0685
2.9900 0.3614 0.1266 0.2089 0.0657
3.0000 0.3287 0.1363 0.2037 0.0627
3.0100 0.2975 0.1463 0.1983 0.0597
3.0200 0.2688 0.1566 0.1927 0.0567
3.0300 0.2437 0.1672 0.1869 0.0535
3.0400 0.2236 0.1782 0.1810 0.0503
3.0500 0.2095 0.1894 0.1750 0.0471
3.0600 0.2023 0.2008 0.1688 0.0438
3.0700 0.2027 0.2124 0.1625 0.0405
3.0800 0.2106 0.2243 0.1562 0.0373
3.0900 0.2256 0.2363 0.1497 0.0341
3.1000 0.2468 0.2485 0.1431 0.0309
3.1100 0.2730 0.2608 0.1365 0.0277
3.1200 0.3029 0.2732 0.1299 0.0247
3.1300 0.3354 0.2856 0.1232 0.0217
3.1400 0.3693 0.2982 0.1165 0.0189
3.1500 0.4036 0.3107 0.1098 0.0162
3.1600 0.4374 0.3233 0.1032 0.0136
3.1700 0.4700 0.3358 0.0965 0.0112
3.1800 0.5007 0.3483 0.0900 0.0090
3.1900 0.5292 0.3608 0.0835 0.0070
3.2000 0.5551 0.3732 0.0771 0.0052
3.2100 0.5784 0.3855 0.0708 0.0037
3.2200 0.5988 0.3976 0.0647 0.0024
3.2300 0.6164 0.4096 0.0587 0.0015
3.2400 0.6315 0.4215 0.0529 0.0008
3.2500 0.6440 0.4332 0.0473 0.0006
3.2600 0.6544 0.4447 0.0419 0.0008
3.2700 0.6627 0.4559 0.0367 0.0014
3.2800 0.6694 0.4670 0.0318 0.0022
3.2900 0.6745 0.4778 0.0272 0.0034
3.3000 0.6785 0.4883 0.0229 0.0048
3.3100 0.6815 0.4986 0.0189 0.0064
3.3200 0.6837 0.5086 0.0152 0.0081
3.3300 0.6852 0.5183 0.0120 0.0100
3.3400 0.6863 0.5277 0.0091 0.0120
3.3500 0.6869 0.5368 0.0067 0.0142
3.3600 0.6872 0.5456 0.0047 0.0164
3.3700 0.6873 0.5541 0.0033 0.0187
3.3800 0.6871 0.5622 0.0024 0.0210
3.3900 0.6867 0.5700 0.0022 0.0234
3.4000 0.6861 0.5775 0.0026 0.0257
3.4100 0.6852 0.5847 0.0036 0.0281
3.4200 0.6842 0.5915 0.0050 0.0305
3.4300 0.6831 0.5980 0.0069 0.0328
3.4400 0.6818 0.6042 0.0091 0.0351
3.4500 0.6804 0.6101 0.0117 0.0374
3.4600 0.6789 0.6156 0.0145 0.0396
3.4700 0.6773 0.6209 0.0175 0.0418
3.4800 0.6757 0.6258 0.0207 0.0438
3.4900 0.6741 0.6305 0.0241 0.0458
3.5000 0.6726 0.6348 0.0277 0.0477
3.5100 0.6712 0.6389 0.0313 0.0496
3.5200 0.6699 0.6428 0.0351 0.0513
3.5300 0.6687 0.6463 0.0389 0.0529
3.5400 0.6676 0.6497 0.0427 0.0544
3.5500 0.6668 0.6528 0.0466 0.0559
3.5600 0.6661 0.6556 0.0506 0.0572
3.5700 0.6657 0.6583 0.0545 0.0584
3.5800 0.6654 0.6607 0.0584 0.0596
3.5900 0.6653 0.6630 0.0623 0.0606
3.6000 0.6653 0.6651 0.0662 0.0615
3.6100 0.6656 0.6670 0.0700 0.0623
3.6200 0.6660 0.6687 0.0738 0.0631
3.6300 0.6665 0.6703 0.0775 0.0637
3.6400 0.6671 0.6718 0.0812 0.0643
3.6500 0.6679 0.6731 0.0848 0.0648
3.6600 0.6687 0.6743 0.0883 0.0652
3.6700 0.6695 0.6754 0.0917 0.0656
3.6800 0.6704 0.6763 0.0951 0.0659
3.6900 0.6714 0.6772 0.0984 0.0661
3.7000 0.6723 0.6779 0.1015 0.0663
3.7100 0.6732 0.6786 0.1047 0.0664
3.7200 0.6741 0.6792 0.1077 0.0665
3.7300 0.6750 0.6797 0.1107 0.0665
3.7400 0.6759 0.6801 0.1135 0.0666
3.7500 0.6767 0.6805 0.1163 0.0666
3.7600 0.6775 0.6808 0.1191 0.0666
3.7700 0.6782 0.6811 0.1217 0.0665
3.7800 0.6788 0.6812 0.1244 0.0665
3.7900 0.6795 0.6814 0.1269 0.0665
3.8000 0.6800 0.6814 0.1294 0.0664
3.8100 0.6805 0.6815 0.1319 0.0663
3.8200 0.6809 0.6814 0.1343 0.0663
3.8300 0.6813 0.6813 0.1367 0.0662
3.8400 0.6817 0.6812 0.1391 0.0662
3.8500 0.6820 0.6810 0.1415 0.0661
3.8600 0.6822 0.6808 0.1438 0.0661
3.8700 0.6824 0.6806 0.1462 0.0660
3.8800 0.6826 0.6803 0.1485 0.0660
3.8900 0.6827 0.6799 0.1509 0.0659
3.9000 0.6828 0.6796 0.1533 0.0658
3.9100 0.6829 0.6791 0.1557 0.0658
3.9200 0.6829 0.6787 0.1582 0.0657
3.9300 0.6829 0.6782 0.1607 0.0656
3.9400 0.6829 0.6777 0.1632 0.0654
3.9500 0.6829 0.6771 0.1657 0.0652
3.9600 0.6828 0.6765 0.1684 0.0650
3.9700 0.6828 0.6759 0.1710 0.0648
3.9800 0.6828 0.6753 0.1738 0.0645
3.9900 0.6827 0.6746 0.1766 0.0641
4.0000 0.6827 0.6740 0.1794 0.0637
4.0100 0.6826 0.6733 0.1823 0.0632
4.0200 0.6826 0.6726 0.1853 0.0627
4.0300 0.6826 0.6718 0.1883 0.0621
4.0400 0.6826 0.6711 0.1914 0.0614
4.0500 0.6827 0.6704 0.1946 0.0606
4.0600 0.6827 0.6697 0.1978 0.0598
4.0700 0.6828 0.6689 0.2010 0.0588
4.0800 0.6830 0.6682 0.2043 0.0578
4.0900 0.6831 0.6675 0.2077 0.0566
4.1000 0.6834 0.6668 0.2111 0.0554
4.1100 0.6836 0.6661 0.2145 0.0541
4.1200 0.6839 0.6655 0.2180 0.0526
4.1300 0.6842 0.6648 0.2215 0.0511
4.1400 0.6846 0.6642 0.2249 0.0495
4.1500 0.6850 0.6636 0.2284 0.0478
4.1600 0.6854 0.6630 0.2319 0.0460
4.1700 0.6858 0.6625 0.2354 0.0441
4.1800 0.6863 0.6620 0.2388 0.0421
4.1900 0.6868 0.6615 0.2423 0.0401
4.2000 0.6873 0.6610 0.2456 0.0380
4.2100 0.6878 0.6606 0.2490 0.0358
4.2200 0.6883 0.6602 0.2522 0.0336
4.2300 0.6888 0.6598 0.2554 0.0314
4.2400 0.6893 0.6594 0.2585 0.0291
4.2500 0.6898 0.6591 0.2615 0.0268
4.2600 0.6902 0.6588 0.2644 0.0245
4.2700 0.6906 0.6585 0.2672 0.0222
4.2800 0.6909 0.6582 0.2699 0.0199
4.2900 0.6912 0.6579 0.2725 0.0176
4.3000 0.6915 0.6577 0.2749 0.0154
4.3100 0.6917 0.6575 0.2772 0.0133
4.3200 0.6919 0.6572 0.2793 0.0113
4.3300 0.6921 0.6570 0.2813 0.0093
4.3400 0.6921 0.6568 0.2831 0.0075
4.3500 0.6922 0.6565 0.2847 0.0059
4.3600 0.6922 0.6563 0.2861 0.0044
4.3700 0.6922 0.6560 0.2873 0.0032
4.3800 0.6921 0.6557 0.2884 0.0022
4.3900 0.6919 0.6554 0.2892 0.0014
4.4000 0.6917 0.6551 0.2899 0.0010
4.4100 0.6914 0.6548 0.2903 0.0010
4.4200 0.6909 0.6544 0.2905 0.0014
4.4300 0.6903 0.6540 0.2905 0.0021
4.4400 0.6896 0.6535 0.2903 0.0032
4.4500 0.6886 0.6530 0.2898 0.0045
4.4600 0.6874 0.6525 0.2891 0.0061
4.4700 0.6860 0.6519 0.2881 0.0080
4.4800 0.6842 0.6512 0.2869 0.0100
4.4900 0.6822 0.6505 0.2855 0.0123
4.5000 0.6798 0.6497 0.2839 0.0147
4.5100 0.6771 0.6489 0.2819 0.0173
4.5200 0.6741 0.6479 0.2798 0.0201
4.5300 0.6709 0.6469 0.2774 0.0229
4.5400 0.6675 0.6458 0.2747 0.0259
4.5500 0.6639 0.6446 0.2719 0.0290
4.5600 0.6603 0.6433 0.2687 0.0321
4.5700 0.6568 0.6419 0.2654 0.0353
4.5800 0.6534 0.6404 0.2618 0.0385
4.5900 0.6503 0.6387 0.2580 0.0418
4.6000 0.6475 0.6370 0.2539 0.0451
4.6100 0.6452 0.6351 0.2496 0.0483
4.6200 0.6434 0.6330 0.2452 0.0516
4.6300 0.6422 0.6308 0.2405 0.0548
4.6400 0.6416 0.6284 0.2356 0.0579
4.6500 0.6417 0.6259 0.2305 0.0610
4.6600 0.6424 0.6232 0.2252 0.0640
4.6700 0.6438 0.6203 0.2197 0.0669
4.6800 0.6457 0.6172 0.2141 0.0697
4.6900 0.6480 0.6139 0.2083 0.0723
4.7000 0.6508 0.6104 0.2023 0.0749
4.7100 0.6539 0.6067 0.1962 0.0773
4.7200 0.6572 0.6027 0.1900 0.0796
4.7300 0.6606 0.5985 0.1837 0.0817
4.7400 0.6641 0.5941 0.1772 0.0837
4.7500 0.6675 0.5893 0.1707 0.0855
4.7600 0.6709 0.5844 0.1641 0.0872
4.7700 0.6740 0.5791 0.1574 0.0886
4.7800 0.6769 0.5736 0.1507 0.0899
4.7900 0.6796 0.5678 0.1439 0.0910
4.8000 0.6820 0.5617 0.1372 0.0919
4.8100 0.6842 0.5553 0.1304 0.0927
4.8200 0.6861 0.5485 0.1236 0.0932
4.8300 0.6877 0.5415 0.1169 0.0936
4.8400 0.6891 0.5342 0.1102 0.0938
4.8500 0.6902 0.5265 0.1035 0.0938
4.8600 0.6911 0.5186 0.0970 0.0936
4.8700 0.6918 0.5103 0.0905 0.0932
4.8800 0.6923 0.5017 0.0842 0.0927
4.8900 0.6927 0.4928 0.0780 0.0920
4.9000 0.6929 0.4836 0.0720 0.0912
4.9100 0.6930 0.4741 0.0661 0.0902
4.9200 0.6929 0.4643 0.0604 0.0890
4.9300 0.6927 0.4542 0.0549 0.0878
4.9400 0.6924 0.4438 0.0496 0.0863
4.9500 0.6920 0.4332 0.0446 0.0848
4.9600 0.6915 0.4223 0.0398 0.0831
4.9700 0.6909 0.4111 0.0353 0.0814
4.9800 0.6902 0.3997 0.0310 0.0795
4.9900 0.6893 0.3880 0.0271 0.0776
5.0000 0.6884 0.3761 0.0235 0.0756
5.0100 0.6873 0.3641 0.0202 0.0735
5.0200 0.6862 0.3518 0.0172 0.0713
5.0300 0.6849 0.3394 0.0146 0.0691
5.0400 0.6836 0.3268 0.0124 0.0669
5.0500 0.6821 0.3142 0.0106 0.0646
5.0600 0.6806 0.3014 0.0091 0.0624
5.0700 0.6789 0.2885 0.0081 0.0601
5.0800 0.6772 0.2755 0.0076 0.0578
5.0900 0.6754 0.2626 0.0074 0.0556
5.1000 0.6735 0.2496 0.0077 0.0533
5.1100 0.6716 0.2366 0.0083 0.0511
5.1200 0.6696 0.2236 0.0093 0.0489
5.1300 0.6676 0.2108 0.0105 0.0468
5.1400 0.6655 0.1980 0.0121 0.0447
5.1500 0.6634 0.1853 0.0139 0.0427
5.1600 0.6613 0.1728 0.0159 0.0407
5.1700 0.6592 0.1604 0.0180 0.0388
5.1800 0.6571 0.1483 0.0203 0.0370
5.1900 0.6550 0.1364 0.0227 0.0352
5.2000 0.6529 0.1248 0.0252 0.0335
5.2100 0.6508 0.1135 0.0278 0.0319
5.2200 0.6487 0.1025 0.0305 0.0303
5.2300 0.6466 0.0919 0.0332 0.0288
5.2400 0.6446 0.0818 0.0359 0.0274
5.2500 0.6425 0.0721 0.0387 0.0261
5.2600 0.6405 0.0628 0.0414 0.0249
5.2700 0.6386 0.0541 0.0442 0.0237
5.2800 0.6366 0.0460 0.0470 0.0225
5.2900 0.6347 0.0386 0.0497 0.0215
5.3000 0.6328 0.0317 0.0524 0.0205
5.3100 0.6309 0.0257 0.0551 0.0195
5.3200 0.6291 0.0204 0.0578 0.0186
5.3300 0.6273 0.0159 0.0605 0.0177
5.3400 0.6255 0.0124 0.0631 0.0169
5.3500 0.6238 0.0100 0.0657 0.0161
5.3600 0.6221 0.0086 0.0682 0.0153
5.3700 0.6204 0.0084 0.0708 0.0146
5.3800 0.6188 0.0094 0.0733 0.0139
5.3900 0.6172 0.0114 0.0758 0.0132
5.4000 0.6157 0.0143 0.0783 0.0126
5.4100 0.6142 0.0180 0.0808 0.0120
5.4200 0.6128 0.0224 0.0833 0.0114
5.4300 0.6115 0.0274 0.0858 0.0108
5.4400 0.6103 0.0329 0.0883 0.0103
5.4500 0.6092 0.0388 0.0908 0.0098
5.4600 0.6082 0.0451 0.0933 0.0093
5.4700 0.6073 0.0517 0.0958 0.0089
5.4800 0.6065 0.0586 0.0984 0.0085
5.4900 0.6060 0.0657 0.1010 0.0082
5.5000 0.6056 0.0730 0.1037 0.0079
5.5100 0.6054 0.0804 0.1064 0.0077
5.5200 0.6054 0.0879 0.1092 0.0077
5.5300 0.6056 0.0956 0.1120 0.0077
5.5400 0.6061 0.1032 0.1149 0.0078
5.5500 0.6068 0.1110 0.1179 0.0080
5.5600 0.6078 0.1187 0.1210 0.0083
5.5700 0.6091 0.1264 0.1241 0.0088
5.5800 0.6107 0.1341 0.1274 0.0093
5.5900 0.6125 0.1418 0.1307 0.0101
5.6000 0.6146 0.1494 0.1341 0.0109
5.6100 0.6170 0.1570 0.1377 0.0119
5.6200 0.6197 0.1645 0.1413 0.0131
5.6300 0.6226 0.1719 0.1450 0.0144
5.6400 0.6258 0.1792 0.1488 0.0158
5.6500 0.6292 0.1864 0.1527 0.0174
5.6600 0.6328 0.1936 0.1567 0.0191
5.6700 0.6366 0.2006 0.1608 0.0209
5.6800 0.6405 0.2075 0.1650 0.0229
5.6900 0.6445 0.2144 0.1692 0.0250
5.7000 0.6485 0.2211 0.1736 0.0272
5.7100 0.6526 0.2277 0.1780 0.0296
5.7200 0.6567 0.2342 0.1824 0.0320
5.7300 0.6607 0.2407 0.1869 0.0345
5.7400 0.6647 0.2470 0.1915 0.0371
5.7500 0.6685 0.2532 0.1961 0.0398
5.7600 0.6721 0.2594 0.2007 0.0425
5.7700 0.6756 0.2655 0.2053 0.0453
5.7800 0.6788 0.2715 0.2099 0.0482
5.7900 0.6817 0.2774 0.2146 0.0511
5.8000 0.6844 0.2832 0.2192 0.0539
5.8100 0.6868 0.2890 0.2238 0.0569
5.8200 0.6888 0.2947 0.2283 0.0597
5.8300 0.6904 0.3004 0.2329 0.0626
5.8400 0.6916 0.3060 0.2373 0.0655
5.8500 0.6924 0.3116 0.2417 0.0683
5.8600 0.6928 0.3172 0.2460 0.0711
5.8700 0.6926 0.3228 0.2503 0.0737
5.8800 0.6919 0.3283 0.2544 0.0764
5.8900 0.6906 0.3339 0.2585 0.0789
5.9000 0.6886 0.3394 0.2624 0.0813
5.9100 0.6859 0.3450 0.2662 0.0837
5.9200 0.6824 0.3505 0.2698 0.0859
5.9300 0.6780 0.3561 0.2733 0.0879
5.9400 0.6728 0.3618 0.2767 0.0899
5.9500 0.6665 0.3675 0.2799 0.0917
5.9600 0.6592 0.3732 0.2829 0.0933
5.9700 0.6508 0.3790 0.2858 0.0948
5.9800 0.6413 0.3848 0.2884 0.0960
5.9900 0.6307 0.3907 0.2909 0.0972
6.0000 0.6190 0.3967 0.2931 0.0981
6.0100 0.6064 0.4028 0.2952 0.0988
6.0200 0.5930 0.4089 0.2970 0.0994
6.0300 0.5789 0.4152 0.2986 0.0998
6.0400 0.5645 0.4215 0.3000 0.0999
6.0500 0.5501 0.4279 0.3012 0.0999
6.0600 0.5359 0.4344 0.3021 0.0997
6.0700 0.5225 0.4409 0.3028 0.0992
6.0800 0.5102 0.4476 0.3033 0.0986
6.0900 0.4995 0.4543 0.3035 0.0978
6.1000 0.4909 0.4611 0.3034 0.0968
6.1100 0.4848 0.4680 0.3031 0.0955
6.1200 0.4814 0.4749 0.3026 0.0941
6.1300 0.4810 0.4819 0.3018 0.0926
6.1400 0.4836 0.4889 0.3008 0.0908
6.1500 0.4893 0.4960 0.2995 0.0889
6.1600 0.4978 0.5031 0.2979 0.0868
6.1700 0.5088 0.5102 0.2961 0.0845
6.1800 0.5220 0.5173 0.2941 0.0821
6.1900 0.5368 0.5244 0.2918 0.0796
6.2000 0.5526 0.5315 0.2893 0.0769
6.2100 0.5690 0.5386 0.2865 0.0741
6.2200 0.5855 0.5456 0.2835 0.0712
6.2300 0.6014 0.5526 0.2802 0.0683
6.2400 0.6166 0.5595 0.2767 0.0652
6.2500 0.6305 0.5663 0.2730 0.0620
6.2600 0.6430 0.5730 0.2690 0.0589
6.2700 0.6539 0.5796 0.2649 0.0556
6.2800 0.6632 0.5860 0.2605 0.0524
6.2900 0.6709 0.5924 0.2559 0.0491
6.3000 0.6770 0.5986 0.2511 0.0458
6.3100 0.6818 0.6046 0.2461 0.0426
6.3200 0.6853 0.6105 0.2409 0.0393
6.3300 0.6879 0.6161 0.2356 0.0362
6.3400 0.6897 0.6216 0.2301 0.0330
6.3500 0.6908 0.6269 0.2244 0.0300
6.3600 0.6916 0.6320 0.2186 0.0270
6.3700 0.6920 0.6369 0.2127 0.0242
6.3800 0.6922 0.6416 0.2066 0.0215
6.3900 0.6924 0.6461 0.2004 0.0189
6.4000 0.6923 0.6503 0.1942 0.0164
6.4100 0.6922 0.6543 0.1878 0.0141
6.4200 0.6918 0.6581 0.1814 0.0120
6.4300 0.6911 0.6617 0.1749 0.0101
6.4400 0.6902 0.6651 0.1684 0.0083
6.4500 0.6888 0.6682 0.1619 0.0068
6.4600 0.6870 0.6711 0.1553 0.0055
6.4700 0.6846 0.6738 0.1487 0.0045
6.4800 0.6818 0.6762 0.1422 0.0037
6.4900 0.6785 0.6785 0.1357 0.0032
6.5000 0.6746 0.6806 0.1292 0.0029
6.5100 0.6704 0.6824 0.1228 0.0029
6.5200 0.6659 0.6841 0.1165 0.0032
6.5300 0.6612 0.6856 0.1103 0.0037
6.5400 0.6564 0.6869 0.1041 0.0045
6.5500 0.6516 0.6881 0.0981 0.0054
6.5600 0.6470 0.6891 0.0922 0.0064
6.5700 0.6427 0.6900 0.0865 0.0076
6.5800 0.6388 0.6907 0.0809 0.0089
6.5900 0.6353 0.6913 0.0755 0.0103
6.6000 0.6324 0.6918 0.0703 0.0118
6.6100 0.6301 0.6922 0.0653 0.0133
6.6200 0.6285 0.6925 0.0604 0.0149
6.6300 0.6275 0.6927 0.0558 0.0165
6.6400 0.6271 0.6929 0.0515 0.0181
6.6500 0.6274 0.6930 0.0473 0.0197
6.6600 0.6283 0.6930 0.0434 0.0213
6.6700 0.6297 0.6930 0.0398 0.0229
6.6800 0.6315 0.6930 0.0364 0.0245
6.6900 0.6338 0.6929 0.0332 0.0261
6.7000 0.6364 0.6929 0.0304 0.0276
6.7100 0.6392 0.6928 0.0278 0.0291
6.7200 0.6422 0.6928 0.0255 0.0306
6.7300 0.6453 0.6927 0.0234 0.0320
6.7400 0.6484 0.6927 0.0217 0.0334
6.7500 0.6515 0.6926 0.0202 0.0347
6.7600 0.6545 0.6926 0.0190 0.0360
6.7700 0.6574 0.6926 0.0180 0.0372
6.7800 0.6602 0.6927 0.0173 0.0384
6.7900 0.6628 0.6927 0.0168 0.0396
6.8000 0.6652 0.6927 0.0165 0.0407
6.8100 0.6675 0.6928 0.0165 0.0418
6.8200 0.6695 0.6929 0.0167 0.0429
6.8300 0.6713 0.6929 0.0170 0.0439
6.8400 0.6728 0.6930 0.0175 0.0449
6.8500 0.6742 0.6931 0.0182 0.0459
6.8600 0.6754 0.6931 0.0190 0.0468
6.8700 0.6764 0.6931 0.0199 0.0478
6.8800 0.6773 0.6931 0.0209 0.0487
6.8900 0.6779 0.6930 0.0220 0.0496
6.9000 0.6784 0.6929 0.0231 0.0506
6.9100 0.6788 0.6927 0.0244 0.0515
6.9200 0.6791 0.6924 0.0257 0.0525
6.9300 0.6792 0.6921 0.0270 0.0534
6.9400 0.6792 0.6916 0.0284 0.0544
6.9500 0.6791 0.6911 0.0298 0.0554
6.9600 0.6790 0.6904 0.0313 0.0563
6.9700 0.6787 0.6897 0.0328 0.0574
6.9800 0.6783 0.6888 0.0343 0.0584
6.9900 0.6779 0.6877 0.0359 0.0594
7.0000 0.6774 0.6865 0.0374 0.0605
7.0100 0.6768 0.6852 0.0391 0.0616
7.0200 0.6761 0.6837 0.0407 0.0627
7.0300 0.6754 0.6821 0.0424 0.0638
7.0400 0.6746 0.6802 0.0442 0.0649
7.0500 0.6738 0.6782 0.0460 0.0660
7.0600 0.6730 0.6761 0.0479 0.0670
7.0700 0.6721 0.6737 0.0498 0.0681
7.0800 0.6712 0.6712 0.0518 0.0692
7.0900 0.6703 0.6685 0.0538 0.0703
7.1000 0.6695 0.6656 0.0560 0.0713
7.1100 0.6687 0.6625 0.0583 0.0723
7.1200 0.6679 0.6593 0.0606 0.0732
7.1300 0.6672 0.6558 0.0631 0.0741
7.1400 0.6665 0.6522 0.0656 0.0749
7.1500 0.6660 0.6485 0.0683 0.0757
7.1600 0.6656 0.6445 0.0711 0.0764
7.1700 0.6653 0.6404 0.0741 0.0770
7.1800 0.6651 0.6361 0.0771 0.0776
7.1900 0.6651 0.6317 0.0804 0.0780
7.2000 0.6652 0.6272 0.0837 0.0784
7.2100 0.6655 0.6225 0.0872 0.0786
7.2200 0.6660 0.6176 0.0909 0.0787
7.2300 0.6666 0.6127 0.0946 0.0788
7.2400 0.6674 0.6076 0.0986 0.0786
7.2500 0.6683 0.6025 0.1027 0.0784
7.2600 0.6693 0.5972 0.1069 0.0780
7.2700 0.6705 0.5919 0.1112 0.0775
7.2800 0.6718 0.5865 0.1157 0.0769
7.2900 0.6732 0.5810 0.1204 0.0761
7.3000 0.6746 0.5754 0.1251 0.0752
7.3100 0.6761 0.5698 0.1300 0.0741
7.3200 0.6776 0.5642 0.1349 0.0729
7.3300 0.6791 0.5586 0.1400 0.0715
7.3400 0.6806 0.5529 0.1452 0.0700
7.3500 0.6820 0.5473 0.1504 0.0684
7.3600 0.6834 0.5416 0.1558 0.0666
7.3700 0.6846 0.5360 0.1612 0.0647
7.3800 0.6858 0.5303 0.1666 0.0627
7.3900 0.6869 0.5247 0.1722 0.0606
7.4000 0.6878 0.5191 0.1777 0.0583
7.4100 0.6886 0.5136 0.1833 0.0559
7.4200 0.6893 0.5081 0.1889 0.0535
7.4300 0.6899 0.5027 0.1944 0.0509
7.4400 0.6904 0.4973 0.2000 0.0483
7.4500 0.6907 0.4919 0.2056 0.0456
7.4600 0.6910 0.4866 0.2111 0.0429
7.4700 0.6912 0.4814 0.2165 0.0401
7.4800 0.6912 0.4762 0.2219 0.0373
7.4900 0.6912 0.4711 0.2273 0.0344
7.5000 0.6911 0.4660 0.2325 0.0316
7.5100 0.6909 0.4610 0.2377 0.0288
7.5200 0.6906 0.4560 0.2427 0.0260
7.5300 0.6901 0.4510 0.2476 0.0233
7.5400 0.6894 0.4461 0.2524 0.0206
7.5500 0.6885 0.4412 0.2571 0.0181
7.5600 0.6873 0.4363 0.2616 0.0156
7.5700 0.6858 0.4315 0.2660 0.0133
7.5800 0.6841 0.4266 0.2702 0.0111
7.5900 0.6820 0.4217 0.2742 0.0091
7.6000 0.6795 0.4169 0.2780 0.0073
7.6100 0.6767 0.4120 0.2816 0.0057
7.6200 0.6735 0.4070 0.2851 0.0043
7.6300 0.6700 0.4021 0.2883 0.0033
7.6400 0.6663 0.3971 0.2913 0.0025
7.6500 0.6624 0.3920 0.2941 0.0022
7.6600 0.6584 0.3868 0.2967 0.0021
7.6700 0.6543 0.3816 0.2990 0.0025
7.6800 0.6504 0.3763 0.3011 0.0032
7.6900 0.6466 0.3710 0.3030 0.0043
7.7000 0.6431 0.3655 0.3046 0.0056
7.7100 0.6399 0.3599 0.3060 0.0072
7.7200 0.6372 0.3542 0.3071 0.0091
7.7300 0.6350 0.3484 0.3080 0.0111
7.7400 0.6333 0.3424 0.3087 0.0133
7.7500 0.6322 0.3363 0.3091 0.0156
7.7600 0.6317 0.3301 0.3092 0.0181
7.7700 0.6317 0.3238 0.3091 0.0208
7.7800 0.6322 0.3173 0.3087 0.0235
7.7900 0.6333 0.3106 0.3081 0.0262
7.8000 0.6347 0.3038 0.3072 0.0291
7.8100 0.6365 0.2969 0.3060 0.0320
7.8200 0.6385 0.2898 0.3046 0.0349
7.8300 0.6408 0.2825 0.3030 0.0378
7.8400 0.6433 0.2751 0.3011 0.0407
7.8500 0.6458 0.2676 0.2989 0.0435
7.8600 0.6484 0.2599 0.2966 0.0464
7.8700 0.6509 0.2520 0.2939 0.0492
7.8800 0.6534 0.2440 0.2911 0.0519
7.8900 0.6559 0.2358 0.2880 0.0545
7.9000 0.6583 0.2275 0.2846 0.0571
7.9100 0.6605 0.2191 0.2811 0.0596
7.9200 0.6627 0.2105 0.2774 0.0619
7.9300 0.6648 0.2018 0.2734 0.0642
7.9400 0.6667 0.1930 0.2692 0.0663
7.9500 0.6686 0.1842 0.2649 0.0683
7.9600 0.6704 0.1752 0.2604 0.0702
7.9700 0.6721 0.1661 0.2557 0.0719
7.9800 0.6738 0.1570 0.2508 0.0735
7.9900 0.6753 0.1479 0.2458 0.0749
8.0000 0.6769 0.1387 0.2406 0.0762
8.0100 0.6784 0.1296 0.2353 0.0774
8.0200 0.6798 0.1204 0.2299 0.0784
8.0300 0.6813 0.1113 0.2243 0.0792
8.0400 0.6826 0.1023 0.2187 0.0799
8.0500 0.6839 0.0934 0.2129 0.0805
8.0600 0.6852 0.0846 0.2071 0.0809
8.0700 0.6864 0.0760 0.2012 0.0811
8.0800 0.6875 0.0676 0.1953 0.0812
8.0900 0.6885 0.0594 0.1893 0.0812
8.1000 0.6895 0.0515 0.1833 0.0811
8.1100 0.6903 0.0440 0.1773 0.0808
8.1200 0.6909 0.0369 0.1713 0.0804
8.1300 0.6915 0.0302 0.1652 0.0799
8.1400 0.6919 0.0241 0.1592 0.0793
8.1500 0.6921 0.0186 0.1533 0.0786
8.1600 0.6921 0.0138 0.1474 0.0779
8.1700 0.6920 0.0098 0.1415 0.0770
8.1800 0.6917 0.0068 0.1357 0.0760
8.1900 0.6912 0.0049 0.1301 0.0750
8.2000 0.6906 0.0044 0.1245 0.0739
8.2100 0.6897 0.0053 0.1190 0.0728
8.2200 0.6887 0.0076 0.1136 0.0716
8.2300 0.6875 0.0110 0.1084 0.0704
8.2400 0.6862 0.0155 0.1033 0.0692
8.2500 0.6847 0.0210 0.0983 0.0679
8.2600 0.6831 0.0273 0.0936 0.0666
8.2700 0.6814 0.0343 0.0889 0.0653
8.2800 0.6795 0.0421 0.0844 0.0640
8.2900 0.6776 0.0504 0.0802 0.0628
8.3000 0.6755 0.0594 0.0760 0.0615
8.3100 0.6734 0.0689 0.0721 0.0602
8.3200 0.6713 0.0788 0.0683 0.0589
8.3300 0.6690 0.0892 0.0648 0.0577
8.3400 0.6668 0.1000 0.0614 0.0565
8.3500 0.6645 0.1111 0.0581 0.0553
8.3600 0.6622 0.1226 0.0551 0.0541
8.3700 0.6599 0.1343 0.0523 0.0529
8.3800 0.6577 0.1462 0.0496 0.0518
8.3900 0.6554 0.1584 0.0471 0.0507
8.4000 0.6532 0.1707 0.0447 0.0496
8.4100 0.6511 0.1832 0.0425 0.0485
8.4200 0.6490 0.1958 0.0405 0.0475
8.4300 0.6469 0.2084 0.0386 0.0464
8.4400 0.6450 0.2211 0.0369 0.0454
8.4500 0.6431 0.2338 0.0353 0.0443
8.4600 0.6414 0.2465 0.0338 0.0433
8.4700 0.6397 0.2591 0.0325 0.0423
8.4800 0.6382 0.2717 0.0312 0.0413
8.4900 0.6368 0.2843 0.0301 0.0402
8.5000 0.6356 0.2967 0.0290 0.0392
8.5100 0.6345 0.3090 0.0281 0.0381
8.5200 0.6335 0.3212 0.0272 0.0370
8.5300 0.6328 0.3332 0.0264 0.0359
8.5400 0.6322 0.3450 0.0257 0.0347
8.5500 0.6318 0.3567 0.0250 0.0336
8.5600 0.6316 0.3681 0.0245 0.0324
8.5700 0.6317 0.3793 0.0239 0.0311
8.5800 0.6319 0.3904 0.0235 0.0299
8.5900 0.6324 0.4011 0.0231 0.0286
8.6000 0.6330 0.4116 0.0227 0.0272
8.6100 0.6339 0.4219 0.0225 0.0259
8.6200 0.6351 0.4319 0.0222 0.0245
8.6300 0.6364 0.4416 0.0221 0.0231
8.6400 0.6380 0.4510 0.0220 0.0216
8.6500 0.6397 0.4602 0.0221 0.0202
8.6600 0.6417 0.4690 0.0222 0.0187
8.6700 0.6438 0.4776 0.0224 0.0173
8.6800 0.6462 0.4859 0.0227 0.0158
8.6900 0.6486 0.4939 0.0231 0.0144
8.7000 0.6512 0.5016 0.0237 0.0130
8.7100 0.6539 0.5090 0.0244 0.0117
8.7200 0.6567 0.5161 0.0252 0.0104
8.7300 0.6596 0.5229 0.0262 0.0091
8.7400 0.6624 0.5294 0.0274 0.0080
8.7500 0.6653 0.5357 0.0287 0.0069
8.7600 0.6681 0.5417 0.0302 0.0060
8.7700 0.6709 0.5474 0.0319 0.0052
8.7800 0.6736 0.5528 0.0338 0.0046
8.7900 0.6761 0.5580 0.0359 0.0042
8.8000 0.6785 0.5629 0.0382 0.0040
8.8100 0.6808 0.5676 0.0407 0.0040
8.8200 0.6829 0.5721 0.0435 0.0043
8.8300 0.6848 0.5763 0.0464 0.0048
8.8400 0.6864 0.5803 0.0495 0.0055
8.8500 0.6879 0.5840 0.0529 0.0065
8.8600 0.6892 0.5876 0.0565 0.0077
8.8700 0.6902 0.5910 0.0602 0.0091
8.8800 0.6911 0.5942 0.0642 0.0108
8.8900 0.6917 0.5972 0.0684 0.0126
8.9000 0.6922 0.6000 0.0728 0.0146
8.9100 0.6925 0.6027 0.0774 0.0168
8.9200 0.6926 0.6052 0.0821 0.0191
8.9300 0.6926 0.6076 0.0871 0.0216
8.9400 0.6925 0.6098 0.0922 0.0242
8.9500 0.6921 0.6119 0.0974 0.0270
8.9600 0.6917 0.6139 0.1028 0.0298
8.9700 0.6911 0.6158 0.1084 0.0328
8.9800 0.6904 0.6175 0.1141 0.0358
8.9900 0.6896 0.6192 0.1199 0.0389
9.0000 0.6886 0.6208 0.1258 0.0420
9.0100 0.6875 0.6223 0.1318 0.0452
9.0200 0.6862 0.6237 0.1379 0.0484
9.0300 0.6847 0.6250 0.1440 0.0516
9.0400 0.6830 0.6263 0.1502 0.0548
9.0500 0.6812 0.6275 0.1565 0.0580
9.0600 0.6791 0.6287 0.1627 0.0612
9.0700 0.6768 0.6298 0.1690 0.0643
9.0800 0.6744 0.6309 0.1753 0.0673
9.0900 0.6718 0.6320 0.1815 0.0703
9.1000 0.6691 0.6330 0.1878 0.0732
9.1100 0.6663 0.6340 0.1939 0.0760
9.1200 0.6636 0.6349 0.2001 0.0787
9.1300 0.6610 0.6359 0.2061 0.0812
9.1400 0.6586 0.6368 0.2121 0.0837
9.1500 0.6565 0.6378 0.2179 0.0859
9.1600 0.6549 0.6387 0.2237 0.0881
9.1700 0.6538 0.6396 0.2294 0.0901
9.1800 0.6533 0.6405 0.2349 0.0919
9.1900 0.6535 0.6414 0.2402 0.0935
9.2000 0.6545 0.6424 0.2455 0.0950
9.2100 0.6562 0.6433 0.2505 0.0963
9.2200 0.6586 0.6442 0.2554 0.0974
9.2300 0.6617 0.6452 0.2601 0.0983
9.2400 0.6652 0.6462 0.2647 0.0990
9.2500 0.6691 0.6472 0.2690 0.0995
9.2600 0.6731 0.6482 0.2731 0.0998
9.2700 0.6771 0.6492 0.2770 0.0999
9.2800 0.6809 0.6502 0.2807 0.0999
9.2900 0.6843 0.6513 0.2842 0.0996
9.3000 0.6871 0.6524 0.2875 0.0991
9.3100 0.6893 0.6535 0.2905 0.0984
9.3200 0.6907 0.6546 0.2933 0.0976
9.3300 0.6914 0.6557 0.2958 0.0965
9.3400 0.6914 0.6569 0.2981 0.0953
9.3500 0.6907 0.6580 0.3002 0.0939
9.3600 0.6896 0.6592 0.3020 0.0924
9.3700 0.6881 0.6604 0.3035 0.0906
9.3800 0.6865 0.6616 0.3048 0.0888
9.3900 0.6849 0.6628 0.3059 0.0867
9.4000 0.6836 0.6640 0.3066 0.0846
9.4100 0.6827 0.6652 0.3072 0.0823
9.4200 0.6822 0.6664 0.3075 0.0799
9.4300 0.6823 0.6676 0.3075 0.0774
9.4400 0.6829 0.6688 0.3072 0.0748
9.4500 0.6840 0.6700 0.3068 0.0721
9.4600 0.6855 0.6711 0.3060 0.0693
9.4700 0.6871 0.6722 0.3050 0.0665
9.4800 0.6889 0.6734 0.3038 0.0636
9.4900 0.6904 0.6744 0.3024 0.0607
9.5000 0.6916 0.6755 0.3007 0.0578
9.5100 0.6923 0.6765 0.2987 0.0548
9.5200 0.6923 0.6775 0.2966 0.0519
9.5300 0.6915 0.6785 0.2942 0.0489
9.5400 0.6898 0.6794 0.2916 0.0460
9.5500 0.6873 0.6803 0.2888 0.0432
9.5600 0.6838 0.6811 0.2858 0.0404
9.5700 0.6797 0.6819 0.2826 0.0376
9.5800 0.6748 0.6826 0.2792 0.0349
9.5900 0.6695 0.6833 0.2756 0.0323
9.6000 0.6639 0.6839 0.2719 0.0298
9.6100 0.6582 0.6845 0.2680 0.0274
9.6200 0.6527 0.6851 0.2639 0.0251
9.6300 0.6474 0.6856 0.2596 0.0229
9.6400 0.6428 0.6860 0.2553 0.0209
9.6500 0.6387 0.6864 0.2508 0.0190
9.6600 0.6356 0.6868 0.2461 0.0172
9.6700 0.6333 0.6871 0.2414 0.0156
9.6800 0.6320 0.6874 0.2366 0.0141
9.6900 0.6317 0.6877 0.2316 0.0128
9.7000 0.6323 0.6878 0.2266 0.0116
9.7100 0.6338 0.6880 0.2216 0.0106
9.7200 0.6361 0.6881 0.2165 0.0097
9.7300 0.6391 0.6882 0.2113 0.0090
9.7400 0.6427 0.6882 0.2061 0.0085
9.7500 0.6467 0.6882 0.2009 0.0081
9.7600 0.6509 0.6882 0.1957 0.0078
9.7700 0.6554 0.6881 0.1905 0.0077
9.7800 0.6598 0.6880 0.1853 0.0077
9.7900 0.6642 0.6878 0.1801 0.0078
9.8000 0.6683 0.6875 0.1750 0.0080
9.8100 0.6722 0.6872 0.1699 0.0083
9.8200 0.6758 0.6869 0.1648 0.0087
9.8300 0.6790 0.6865 0.1599 0.0092
9.8400 0.6818 0.6860 0.1550 0.0097
9.8500 0.6842 0.6854 0.1502 0.0103
9.8600 0.6862 0.6847 0.1454 0.0109
9.8700 0.6877 0.6840 0.1408 0.0115
9.8800 0.6890 0.6831 0.1363 0.0122
9.8900 0.6899 0.6822 0.1319 0.0129
9.9000 0.6905 0.6811 0.1276 0.0137
9.9100 0.6908 0.6799 0.1234 0.0144
9.9200 0.6910 0.6786 0.1193 0.0152
9.9300 0.6910 0.6771 0.1153 0.0160
9.9400 0.6908 0.6755 0.1115 0.0168
9.9500 0.6906 0.6737 0.1078 0.0176
9.9600 0.6904 0.6717 0.1042 0.0185
9.9700 0.6902 0.6695 0.1007 0.0193
9.9800 0.6899 0.6672 0.0974 0.0202
9.9900 0.6897 0.6646 0.0941 0.0211
10.0000 0.6895 0.6618 0.0910 0.0221
