 t	 x	 y	 z	 w	 q
0.0000 0.0831 0.2223 0.3307 0.2692 0.0946
0.0037 0.0827 0.2212 0.3291 0.2679 0.0941
0.0075 0.0815 0.2179 0.3241 0.2638 0.0927
0.0113 0.0794 0.2124 0.3159 0.2570 0.0903
0.0150 0.0766 0.2047 0.3045 0.2477 0.0870
0.0187 0.0730 0.1951 0.2901 0.2359 0.0828
0.0225 0.0687 0.1836 0.2728 0.2218 0.0778
0.0263 0.0637 0.1702 0.2529 0.2055 0.0721
0.0300 0.0581 0.1553 0.2306 0.1873 0.0656
0.0338 0.0520 0.1389 0.2061 0.1673 0.0586
0.0375 0.0455 0.1213 0.1798 0.1458 0.0510
0.0413 0.0385 0.1025 0.1519 0.1230 0.0430
0.0450 0.0312 0.0830 0.1227 0.0992 0.0346
0.0488 0.0237 0.0628 0.0926 0.0747 0.0260
0.0525 0.0160 0.0422 0.0619 0.0496 0.0172
0.0562 0.0083 0.0215 0.0309 0.0243 0.0082
0.0600 0.0007 0.0008 -0.0000 -0.0010 -0.0007
0.0638 -0.0069 -0.0195 -0.0305 -0.0259 -0.0095
0.0675 -0.0142 -0.0394 -0.0603 -0.0503 -0.0181
0.0713 -0.0212 -0.0584 -0.0889 -0.0738 -0.0264
0.0750 -0.0279 -0.0765 -0.1161 -0.0962 -0.0343
0.0788 -0.0341 -0.0934 -0.1416 -0.1172 -0.0418
0.0825 -0.0398 -0.1089 -0.1651 -0.1366 -0.0487
0.0863 -0.0448 -0.1228 -0.1863 -0.1542 -0.0550
0.0900 -0.0493 -0.1350 -0.2050 -0.1698 -0.0606
0.0938 -0.0530 -0.1454 -0.2209 -0.1831 -0.0654
0.0975 -0.0559 -0.1537 -0.2338 -0.1940 -0.0693
0.1013 -0.0581 -0.1600 -0.2437 -0.2024 -0.0724
0.1050 -0.0595 -0.1641 -0.2503 -0.2081 -0.0745
0.1088 -0.0601 -0.1660 -0.2537 -0.2112 -0.0757
0.1125 -0.0598 -0.1657 -0.2537 -0.2115 -0.0759
0.1162 -0.0587 -0.1632 -0.2504 -0.2091 -0.0751
0.1200 -0.0568 -0.1585 -0.2438 -0.2040 -0.0733
0.1237 -0.0541 -0.1516 -0.2340 -0.1962 -0.0707
0.1275 -0.0506 -0.1427 -0.2211 -0.1860 -0.0672
0.1313 -0.0464 -0.1318 -0.2054 -0.1734 -0.0628
0.1350 -0.0416 -0.1191 -0.1869 -0.1586 -0.0577
0.1388 -0.0361 -0.1048 -0.1659 -0.1418 -0.0518
0.1425 -0.0301 -0.0890 -0.1427 -0.1231 -0.0454
0.1463 -0.0236 -0.0718 -0.1175 -0.1029 -0.0384
0.1500 -0.0167 -0.0535 -0.0906 -0.0814 -0.0309
0.1538 -0.0095 -0.0343 -0.0624 -0.0587 -0.0231
0.1575 -0.0020 -0.0144 -0.0331 -0.0351 -0.0150
0.1612 0.0057 0.0059 -0.0030 -0.0110 -0.0066
0.1650 0.0134 0.0265 0.0275 0.0136 0.0019
0.1687 0.0210 0.0471 0.0580 0.0382 0.0104
0.1725 0.0286 0.0675 0.0883 0.0627 0.0189
0.1762 0.0360 0.0874 0.1181 0.0868 0.0273
0.1800 0.0431 0.1067 0.1469 0.1104 0.0355
0.1837 0.0498 0.1251 0.1746 0.1330 0.0435
0.1875 0.0561 0.1423 0.2008 0.1545 0.0511
0.1913 0.0618 0.1583 0.2252 0.1747 0.0583
0.1950 0.0670 0.1728 0.2475 0.1933 0.0649
0.1988 0.0715 0.1856 0.2674 0.2102 0.0710
0.2025 0.0754 0.1967 0.2849 0.2250 0.0764
0.2062 0.0785 0.2058 0.2995 0.2377 0.0811
0.2100 0.0808 0.2129 0.3112 0.2480 0.0850
0.2137 0.0823 0.2179 0.3198 0.2558 0.0880
0.2175 0.0830 0.2207 0.3252 0.2611 0.0901
0.2213 0.0829 0.2213 0.3273 0.2637 0.0913
0.2250 0.0819 0.2197 0.3261 0.2636 0.0915
0.2288 0.0802 0.2159 0.3216 0.2607 0.0908
0.2325 0.0776 0.2099 0.3138 0.2553 0.0892
0.2363 0.0743 0.2018 0.3029 0.2473 0.0866
0.2400 0.0702 0.1918 0.2891 0.2368 0.0832
0.2437 0.0655 0.1798 0.2723 0.2240 0.0790
0.2475 0.0601 0.1662 0.2530 0.2090 0.0740
0.2512 0.0542 0.1510 0.2314 0.1921 0.0684
0.2550 0.0478 0.1344 0.2076 0.1736 0.0621
0.2587 0.0409 0.1166 0.1820 0.1535 0.0554
0.2625 0.0337 0.0978 0.1549 0.1322 0.0482
0.2662 0.0263 0.0783 0.1266 0.1100 0.0407
0.2700 0.0187 0.0582 0.0974 0.0870 0.0330
0.2737 0.0110 0.0379 0.0677 0.0636 0.0251
0.2775 0.0033 0.0174 0.0377 0.0399 0.0171
0.2812 -0.0043 -0.0029 0.0079 0.0162 0.0091
0.2850 -0.0117 -0.0229 -0.0216 -0.0073 0.0012
0.2888 -0.0188 -0.0423 -0.0504 -0.0303 -0.0067
0.2925 -0.0256 -0.0608 -0.0781 -0.0526 -0.0144
0.2963 -0.0320 -0.0784 -0.1046 -0.0741 -0.0218
0.3000 -0.0378 -0.0947 -0.1295 -0.0946 -0.0289
0.3037 -0.0431 -0.1097 -0.1526 -0.1137 -0.0357
0.3075 -0.0477 -0.1231 -0.1736 -0.1314 -0.0420
0.3113 -0.0517 -0.1348 -0.1923 -0.1474 -0.0479
0.3150 -0.0549 -0.1447 -0.2085 -0.1616 -0.0531
0.3187 -0.0574 -0.1526 -0.2220 -0.1738 -0.0578
0.3225 -0.0590 -0.1585 -0.2326 -0.1838 -0.0617
0.3263 -0.0599 -0.1622 -0.2402 -0.1915 -0.0649
0.3300 -0.0599 -0.1638 -0.2447 -0.1968 -0.0673
0.3337 -0.0591 -0.1632 -0.2460 -0.1995 -0.0689
0.3375 -0.0574 -0.1604 -0.2440 -0.1997 -0.0696
0.3412 -0.0550 -0.1554 -0.2388 -0.1973 -0.0693
0.3450 -0.0518 -0.1484 -0.2305 -0.1922 -0.0682
0.3488 -0.0479 -0.1393 -0.2190 -0.1847 -0.0661
0.3525 -0.0433 -0.1282 -0.2047 -0.1746 -0.0632
0.3563 -0.0380 -0.1154 -0.1875 -0.1623 -0.0595
0.3600 -0.0322 -0.1010 -0.1678 -0.1478 -0.0550
0.3638 -0.0258 -0.0850 -0.1457 -0.1314 -0.0498
0.3675 -0.0191 -0.0678 -0.1216 -0.1132 -0.0440
0.3713 -0.0120 -0.0495 -0.0958 -0.0935 -0.0376
0.3750 -0.0046 -0.0303 -0.0685 -0.0726 -0.0308
0.3788 0.0030 -0.0105 -0.0402 -0.0507 -0.0236
0.3825 0.0107 0.0097 -0.0110 -0.0280 -0.0162
0.3863 0.0184 0.0301 0.0186 -0.0050 -0.0085
0.3900 0.0260 0.0504 0.0483 0.0183 -0.0008
0.3937 0.0334 0.0705 0.0777 0.0415 0.0069
0.3975 0.0406 0.0900 0.1067 0.0645 0.0146
0.4013 0.0474 0.1089 0.1348 0.0870 0.0222
0.4050 0.0539 0.1268 0.1618 0.1087 0.0297
0.4088 0.0598 0.1435 0.1874 0.1296 0.0369
0.4125 0.0652 0.1590 0.2114 0.1495 0.0438
0.4163 0.0699 0.1730 0.2335 0.1681 0.0504
0.4200 0.0740 0.1854 0.2535 0.1853 0.0567
0.4238 0.0774 0.1960 0.2713 0.2010 0.0625
0.4275 0.0799 0.2047 0.2865 0.2149 0.0679
0.4312 0.0817 0.2115 0.2991 0.2270 0.0727
0.4350 0.0827 0.2162 0.3089 0.2371 0.0769
0.4388 0.0829 0.2187 0.3158 0.2450 0.0805
0.4425 0.0822 0.2192 0.3196 0.2507 0.0834
0.4462 0.0807 0.2174 0.3204 0.2541 0.0855
0.4500 0.0784 0.2136 0.3180 0.2550 0.0868
0.4538 0.0754 0.2076 0.3126 0.2534 0.0873
0.4575 0.0716 0.1995 0.3040 0.2493 0.0869
0.4612 0.0671 0.1895 0.2924 0.2427 0.0857
0.4650 0.0619 0.1777 0.2779 0.2337 0.0835
0.4688 0.0562 0.1641 0.2606 0.2223 0.0805
0.4725 0.0500 0.1490 0.2408 0.2086 0.0767
0.4763 0.0433 0.1324 0.2186 0.1930 0.0721
0.4800 0.0362 0.1147 0.1944 0.1754 0.0669
0.4838 0.0289 0.0960 0.1685 0.1562 0.0609
0.4875 0.0213 0.0765 0.1411 0.1356 0.0544
0.4913 0.0137 0.0565 0.1126 0.1139 0.0475
0.4950 0.0060 0.0362 0.0833 0.0914 0.0402
0.4988 -0.0016 0.0158 0.0536 0.0683 0.0326
0.5025 -0.0091 -0.0045 0.0238 0.0449 0.0248
0.5062 -0.0163 -0.0243 -0.0057 0.0214 0.0170
0.5100 -0.0232 -0.0435 -0.0346 -0.0018 0.0091
0.5138 -0.0297 -0.0619 -0.0626 -0.0245 0.0014
0.5175 -0.0357 -0.0792 -0.0893 -0.0465 -0.0063
0.5212 -0.0412 -0.0953 -0.1146 -0.0677 -0.0137
0.5250 -0.0460 -0.1099 -0.1382 -0.0877 -0.0209
0.5288 -0.0502 -0.1230 -0.1598 -0.1065 -0.0278
0.5325 -0.0537 -0.1344 -0.1792 -0.1239 -0.0343
0.5363 -0.0564 -0.1439 -0.1963 -0.1396 -0.0404
0.5400 -0.0584 -0.1516 -0.2108 -0.1537 -0.0460
0.5437 -0.0595 -0.1572 -0.2226 -0.1660 -0.0511
0.5475 -0.0598 -0.1607 -0.2317 -0.1763 -0.0557
0.5513 -0.0593 -0.1621 -0.2378 -0.1845 -0.0597
0.5550 -0.0579 -0.1614 -0.2410 -0.1905 -0.0630
0.5587 -0.0558 -0.1585 -0.2411 -0.1943 -0.0656
0.5625 -0.0528 -0.1535 -0.2382 -0.1957 -0.0674
0.5663 -0.0492 -0.1465 -0.2323 -0.1947 -0.0685
0.5700 -0.0448 -0.1375 -0.2233 -0.1913 -0.0687
0.5737 -0.0398 -0.1266 -0.2113 -0.1854 -0.0681
0.5775 -0.0341 -0.1139 -0.1965 -0.1771 -0.0666
0.5812 -0.0280 -0.0996 -0.1790 -0.1664 -0.0642
0.5850 -0.0214 -0.0838 -0.1590 -0.1534 -0.0610
0.5887 -0.0144 -0.0667 -0.1367 -0.1383 -0.0569
0.5925 -0.0071 -0.0485 -0.1123 -0.1213 -0.0521
0.5962 0.0004 -0.0294 -0.0861 -0.1024 -0.0465
0.6000 0.0080 -0.0096 -0.0585 -0.0820 -0.0402
0.6038 0.0157 0.0106 -0.0297 -0.0602 -0.0334
0.6075 0.0233 0.0310 -0.0001 -0.0375 -0.0261
0.6112 0.0308 0.0514 0.0299 -0.0140 -0.0184
0.6150 0.0380 0.0715 0.0600 0.0100 -0.0104
0.6188 0.0450 0.0911 0.0899 0.0341 -0.0022
0.6225 0.0515 0.1100 0.1191 0.0581 0.0060
0.6262 0.0576 0.1280 0.1473 0.0817 0.0143
0.6300 0.0632 0.1447 0.1743 0.1046 0.0225
0.6338 0.0682 0.1602 0.1997 0.1266 0.0305
0.6375 0.0725 0.1741 0.2232 0.1474 0.0382
0.6412 0.0761 0.1863 0.2446 0.1670 0.0456
0.6450 0.0789 0.1968 0.2638 0.1850 0.0526
0.6488 0.0810 0.2053 0.2804 0.2013 0.0592
0.6525 0.0822 0.2118 0.2944 0.2159 0.0653
0.6562 0.0827 0.2163 0.3056 0.2284 0.0708
0.6600 0.0823 0.2186 0.3139 0.2389 0.0757
0.6637 0.0811 0.2188 0.3192 0.2472 0.0800
0.6675 0.0791 0.2169 0.3215 0.2533 0.0836
0.6713 0.0763 0.2128 0.3207 0.2571 0.0865
0.6750 0.0728 0.2067 0.3169 0.2585 0.0886
0.6788 0.0685 0.1985 0.3100 0.2574 0.0899
0.6825 0.0636 0.1885 0.3001 0.2539 0.0903
0.6863 0.0581 0.1766 0.2873 0.2479 0.0899
0.6900 0.0521 0.1630 0.2717 0.2396 0.0886
0.6937 0.0455 0.1478 0.2535 0.2288 0.0864
0.6975 0.0386 0.1313 0.2328 0.2158 0.0833
0.7012 0.0314 0.1136 0.2099 0.2006 0.0794
0.7050 0.0239 0.0949 0.1849 0.1833 0.0746
0.7088 0.0163 0.0755 0.1582 0.1642 0.0691
0.7125 0.0087 0.0554 0.1301 0.1435 0.0628
0.7163 0.0011 0.0350 0.1008 0.1214 0.0559
0.7200 -0.0064 0.0145 0.0708 0.0982 0.0484
0.7238 -0.0137 -0.0058 0.0403 0.0740 0.0405
0.7275 -0.0207 -0.0258 0.0098 0.0494 0.0322
0.7312 -0.0273 -0.0451 -0.0205 0.0244 0.0236
0.7350 -0.0335 -0.0636 -0.0500 -0.0004 0.0149
0.7388 -0.0391 -0.0811 -0.0786 -0.0250 0.0061
0.7425 -0.0442 -0.0973 -0.1058 -0.0489 -0.0027
0.7463 -0.0486 -0.1121 -0.1313 -0.0719 -0.0112
0.7500 -0.0523 -0.1252 -0.1549 -0.0937 -0.0196
