 t	 x	 y	 z
0.0000 1.0000 1.0000 1.0000
0.0100 0.9990 0.9998 0.9998
0.0200 0.9960 0.9991 0.9992
0.0300 0.9910 0.9981 0.9982
0.0400 0.9841 0.9966 0.9967
0.0500 0.9752 0.9947 0.9949
0.0600 0.9645 0.9923 0.9927
0.0700 0.9519 0.9895 0.9900
0.0800 0.9376 0.9863 0.9870
0.0900 0.9216 0.9827 0.9835
0.1000 0.9040 0.9787 0.9797
0.1100 0.8849 0.9743 0.9755
0.1200 0.8643 0.9694 0.9708
0.1300 0.8425 0.9641 0.9658
0.1400 0.8194 0.9585 0.9604
0.1500 0.7953 0.9524 0.9546
0.1600 0.7702 0.9460 0.9484
0.1700 0.7442 0.9391 0.9418
0.1800 0.7174 0.9319 0.9348
0.1900 0.6901 0.9242 0.9275
0.2000 0.6622 0.9162 0.9198
0.2100 0.6340 0.9078 0.9118
0.2200 0.6055 0.8991 0.9033
0.2300 0.5769 0.8900 0.8945
0.2400 0.5483 0.8805 0.8854
0.2500 0.5198 0.8706 0.8759
0.2600 0.4915 0.8604 0.8660
0.2700 0.4634 0.8499 0.8558
0.2800 0.4358 0.8390 0.8453
0.2900 0.4087 0.8278 0.8344
0.3000 0.3822 0.8163 0.8231
0.3100 0.3564 0.8044 0.8116
0.3200 0.3313 0.7922 0.7997
0.3300 0.3070 0.7797 0.7875
0.3400 0.2835 0.7669 0.7750
0.3500 0.2610 0.7538 0.7622
0.3600 0.2395 0.7404 0.7490
0.3700 0.2189 0.7266 0.7356
0.3800 0.1994 0.7126 0.7219
0.3900 0.1808 0.6984 0.7078
0.4000 0.1634 0.6838 0.6935
0.4100 0.1470 0.6690 0.6789
0.4200 0.1316 0.6539 0.6641
0.4300 0.1173 0.6385 0.6489
0.4400 0.1040 0.6229 0.6335
0.4500 0.0918 0.6070 0.6179
0.4600 0.0804 0.5908 0.6020
0.4700 0.0701 0.5745 0.5858
0.4800 0.0606 0.5579 0.5695
0.4900 0.0521 0.5410 0.5529
0.5000 0.0443 0.5240 0.5360
0.5100 0.0374 0.5067 0.5190
0.5200 0.0311 0.4892 0.5017
0.5300 0.0256 0.4715 0.4843
0.5400 0.0207 0.4536 0.4666
0.5500 0.0164 0.4355 0.4488
0.5600 0.0126 0.4172 0.4308
0.5700 0.0093 0.3988 0.4126
0.5800 0.0065 0.3801 0.3943
0.5900 0.0040 0.3613 0.3758
0.6000 0.0019 0.3423 0.3572
0.6100 0.0001 0.3232 0.3384
0.6200 -0.0015 0.3039 0.3195
0.6300 -0.0028 0.2845 0.3005
0.6400 -0.0040 0.2650 0.2814
0.6500 -0.0050 0.2453 0.2622
0.6600 -0.0058 0.2255 0.2429
0.6700 -0.0066 0.2056 0.2234
0.6800 -0.0073 0.1856 0.2039
0.6900 -0.0079 0.1655 0.1844
0.7000 -0.0085 0.1454 0.1647
0.7100 -0.0091 0.1252 0.1451
0.7200 -0.0096 0.1049 0.1253
0.7300 -0.0102 0.0845 0.1055
0.7400 -0.0107 0.0641 0.0857
0.7500 -0.0113 0.0437 0.0659
0.7600 -0.0118 0.0233 0.0460
0.7700 -0.0124 0.0028 0.0262
0.7800 -0.0129 -0.0176 0.0063
0.7900 -0.0135 -0.0381 -0.0135
0.8000 -0.0141 -0.0585 -0.0334
0.8100 -0.0147 -0.0789 -0.0532
0.8200 -0.0152 -0.0993 -0.0730
0.8300 -0.0158 -0.1196 -0.0928
0.8400 -0.0164 -0.1398 -0.1125
0.8500 -0.0170 -0.1600 -0.1322
0.8600 -0.0176 -0.1801 -0.1518
0.8700 -0.0182 -0.2001 -0.1713
0.8800 -0.0189 -0.2200 -0.1908
0.8900 -0.0195 -0.2398 -0.2101
0.9000 -0.0203 -0.2595 -0.2294
0.9100 -0.0211 -0.2790 -0.2486
0.9200 -0.0219 -0.2984 -0.2677
0.9300 -0.0229 -0.3176 -0.2867
0.9400 -0.0240 -0.3367 -0.3055
0.9500 -0.0253 -0.3556 -0.3242
0.9600 -0.0267 -0.3743 -0.3428
0.9700 -0.0284 -0.3928 -0.3612
0.9800 -0.0303 -0.4111 -0.3795
0.9900 -0.0325 -0.4292 -0.3976
1.0000 -0.0350 -0.4471 -0.4155
1.0100 -0.0378 -0.4648 -0.4332
1.0200 -0.0411 -0.4823 -0.4508
1.0300 -0.0448 -0.4995 -0.4682
1.0400 -0.0489 -0.5164 -0.4853
1.0500 -0.0536 -0.5332 -0.5023
1.0600 -0.0588 -0.5496 -0.5190
1.0700 -0.0646 -0.5658 -0.5355
1.0800 -0.0710 -0.5817 -0.5518
1.0900 -0.0781 -0.5973 -0.5678
1.1000 -0.0859 -0.6127 -0.5836
1.1100 -0.0944 -0.6278 -0.5991
1.1200 -0.1036 -0.6425 -0.6144
1.1300 -0.1136 -0.6570 -0.6294
1.1400 -0.1244 -0.6712 -0.6441
1.1500 -0.1359 -0.6850 -0.6586
1.1600 -0.1483 -0.6986 -0.6728
1.1700 -0.1614 -0.7118 -0.6867
1.1800 -0.1753 -0.7248 -0.7003
1.1900 -0.1900 -0.7374 -0.7136
1.2000 -0.2055 -0.7496 -0.7265
1.2100 -0.2216 -0.7616 -0.7392
1.2200 -0.2385 -0.7732 -0.7516
1.2300 -0.2561 -0.7845 -0.7636
1.2400 -0.2743 -0.7955 -0.7754
1.2500 -0.2931 -0.8061 -0.7867
1.2600 -0.3124 -0.8163 -0.7978
1.2700 -0.3322 -0.8263 -0.8085
1.2800 -0.3524 -0.8358 -0.8189
1.2900 -0.3730 -0.8451 -0.8290
1.3000 -0.3938 -0.8540 -0.8387
1.3100 -0.4148 -0.8625 -0.8480
1.3200 -0.4359 -0.8706 -0.8570
1.3300 -0.4571 -0.8785 -0.8656
1.3400 -0.4782 -0.8859 -0.8739
1.3500 -0.4991 -0.8930 -0.8818
1.3600 -0.5198 -0.8997 -0.8893
1.3700 -0.5402 -0.9061 -0.8965
1.3800 -0.5602 -0.9120 -0.9032
1.3900 -0.5796 -0.9176 -0.9096
1.4000 -0.5985 -0.9229 -0.9157
1.4100 -0.6167 -0.9277 -0.9213
1.4200 -0.6341 -0.9322 -0.9266
1.4300 -0.6507 -0.9362 -0.9314
1.4400 -0.6663 -0.9399 -0.9359
1.4500 -0.6810 -0.9432 -0.9399
1.4600 -0.6946 -0.9461 -0.9436
1.4700 -0.7071 -0.9486 -0.9469
1.4800 -0.7184 -0.9507 -0.9498
1.4900 -0.7284 -0.9525 -0.9522
1.5000 -0.7373 -0.9538 -0.9543
1.5100 -0.7448 -0.9547 -0.9559
1.5200 -0.7510 -0.9552 -0.9572
1.5300 -0.7558 -0.9552 -0.9580
1.5400 -0.7593 -0.9549 -0.9585
1.5500 -0.7614 -0.9542 -0.9585
1.5600 -0.7622 -0.9530 -0.9581
1.5700 -0.7616 -0.9514 -0.9573
1.5800 -0.7597 -0.9495 -0.9561
1.5900 -0.7565 -0.9470 -0.9545
1.6000 -0.7521 -0.9442 -0.9525
1.6100 -0.7464 -0.9409 -0.9501
1.6200 -0.7396 -0.9373 -0.9473
1.6300 -0.7316 -0.9332 -0.9440
1.6400 -0.7226 -0.9286 -0.9404
1.6500 -0.7127 -0.9237 -0.9364
1.6600 -0.7018 -0.9183 -0.9320
1.6700 -0.6901 -0.9125 -0.9271
1.6800 -0.6776 -0.9063 -0.9219
1.6900 -0.6645 -0.8997 -0.9163
1.7000 -0.6508 -0.8927 -0.9103
1.7100 -0.6366 -0.8852 -0.9040
1.7200 -0.6220 -0.8774 -0.8972
1.7300 -0.6070 -0.8691 -0.8901
1.7400 -0.5919 -0.8605 -0.8826
1.7500 -0.5766 -0.8514 -0.8747
1.7600 -0.5613 -0.8419 -0.8664
1.7700 -0.5460 -0.8321 -0.8578
1.7800 -0.5308 -0.8218 -0.8489
1.7900 -0.5158 -0.8112 -0.8396
1.8000 -0.5011 -0.8002 -0.8299
1.8100 -0.4868 -0.7889 -0.8199
1.8200 -0.4728 -0.7771 -0.8095
1.8300 -0.4594 -0.7650 -0.7988
1.8400 -0.4464 -0.7526 -0.7878
1.8500 -0.4341 -0.7398 -0.7764
1.8600 -0.4223 -0.7267 -0.7647
1.8700 -0.4113 -0.7133 -0.7527
1.8800 -0.4009 -0.6995 -0.7403
1.8900 -0.3912 -0.6854 -0.7277
1.9000 -0.3823 -0.6710 -0.7147
1.9100 -0.3742 -0.6563 -0.7015
1.9200 -0.3668 -0.6414 -0.6879
1.9300 -0.3601 -0.6261 -0.6740
1.9400 -0.3543 -0.6106 -0.6599
1.9500 -0.3492 -0.5948 -0.6455
1.9600 -0.3448 -0.5787 -0.6308
1.9700 -0.3412 -0.5624 -0.6158
1.9800 -0.3383 -0.5459 -0.6005
1.9900 -0.3360 -0.5291 -0.5850
2.0000 -0.3344 -0.5121 -0.5693
2.0100 -0.3334 -0.4949 -0.5533
2.0200 -0.3330 -0.4775 -0.5370
2.0300 -0.3332 -0.4599 -0.5206
2.0400 -0.3338 -0.4421 -0.5039
2.0500 -0.3349 -0.4241 -0.4869
2.0600 -0.3364 -0.4060 -0.4698
2.0700 -0.3383 -0.3877 -0.4525
2.0800 -0.3405 -0.3692 -0.4349
2.0900 -0.3431 -0.3506 -0.4172
2.1000 -0.3459 -0.3318 -0.3993
2.1100 -0.3489 -0.3129 -0.3812
2.1200 -0.3521 -0.2939 -0.3630
2.1300 -0.3555 -0.2748 -0.3446
2.1400 -0.3589 -0.2556 -0.3260
2.1500 -0.3625 -0.2362 -0.3073
2.1600 -0.3661 -0.2168 -0.2885
2.1700 -0.3698 -0.1973 -0.2695
2.1800 -0.3734 -0.1777 -0.2504
2.1900 -0.3771 -0.1580 -0.2312
2.2000 -0.3807 -0.1383 -0.2119
2.2100 -0.3843 -0.1185 -0.1926
2.2200 -0.3878 -0.0986 -0.1731
2.2300 -0.3913 -0.0787 -0.1535
2.2400 -0.3947 -0.0588 -0.1339
2.2500 -0.3980 -0.0388 -0.1143
2.2600 -0.4012 -0.0188 -0.0945
2.2700 -0.4044 0.0012 -0.0748
2.2800 -0.4074 0.0212 -0.0550
2.2900 -0.4104 0.0412 -0.0351
2.3000 -0.4132 0.0612 -0.0153
2.3100 -0.4160 0.0813 0.0046
2.3200 -0.4186 0.1012 0.0244
2.3300 -0.4212 0.1212 0.0443
2.3400 -0.4236 0.1411 0.0642
2.3500 -0.4260 0.1610 0.0840
2.3600 -0.4282 0.1809 0.1038
2.3700 -0.4302 0.2007 0.1236
2.3800 -0.4322 0.2204 0.1433
2.3900 -0.4339 0.2401 0.1630
2.4000 -0.4355 0.2596 0.1826
2.4100 -0.4369 0.2791 0.2022
2.4200 -0.4381 0.2985 0.2217
2.4300 -0.4390 0.3178 0.2411
2.4400 -0.4397 0.3370 0.2604
2.4500 -0.4400 0.3561 0.2796
2.4600 -0.4400 0.3750 0.2987
2.4700 -0.4396 0.3938 0.3178
2.4800 -0.4388 0.4125 0.3366
2.4900 -0.4375 0.4310 0.3554
2.5000 -0.4357 0.4493 0.3740
2.5100 -0.4334 0.4675 0.3925
2.5200 -0.4304 0.4855 0.4109
2.5300 -0.4268 0.5033 0.4290
2.5400 -0.4224 0.5209 0.4470
2.5500 -0.4173 0.5382 0.4649
2.5600 -0.4114 0.5554 0.4825
2.5700 -0.4046 0.5724 0.5000
2.5800 -0.3968 0.5891 0.5173
2.5900 -0.3882 0.6056 0.5343
2.6000 -0.3785 0.6218 0.5512
2.6100 -0.3677 0.6377 0.5678
2.6200 -0.3558 0.6534 0.5842
2.6300 -0.3428 0.6688 0.6004
2.6400 -0.3287 0.6840 0.6163
2.6500 -0.3133 0.6988 0.6320
2.6600 -0.2968 0.7134 0.6474
2.6700 -0.2790 0.7276 0.6626
2.6800 -0.2600 0.7415 0.6775
2.6900 -0.2398 0.7551 0.6921
2.7000 -0.2183 0.7684 0.7064
2.7100 -0.1956 0.7813 0.7205
2.7200 -0.1718 0.7939 0.7342
2.7300 -0.1468 0.8061 0.7477
2.7400 -0.1206 0.8180 0.7609
2.7500 -0.0934 0.8296 0.7737
2.7600 -0.0651 0.8408 0.7863
2.7700 -0.0359 0.8516 0.7985
2.7800 -0.0058 0.8620 0.8104
2.7900 0.0251 0.8721 0.8220
2.8000 0.0567 0.8817 0.8332
2.8100 0.0890 0.8910 0.8441
2.8200 0.1219 0.8999 0.8547
2.8300 0.1552 0.9085 0.8649
2.8400 0.1888 0.9166 0.8748
2.8500 0.2227 0.9243 0.8843
2.8600 0.2567 0.9316 0.8935
2.8700 0.2906 0.9386 0.9023
2.8800 0.3245 0.9451 0.9108
2.8900 0.3580 0.9512 0.9189
2.9000 0.3912 0.9570 0.9266
2.9100 0.4239 0.9623 0.9340
2.9200 0.4560 0.9672 0.9409
2.9300 0.4873 0.9717 0.9475
2.9400 0.5178 0.9758 0.9538
2.9500 0.5472 0.9795 0.9596
2.9600 0.5756 0.9828 0.9650
2.9700 0.6027 0.9856 0.9701
2.9800 0.6286 0.9881 0.9748
2.9900 0.6530 0.9902 0.9790
3.0000 0.6759 0.9918 0.9829
3.0100 0.6972 0.9931 0.9864
3.0200 0.7169 0.9939 0.9895
3.0300 0.7348 0.9944 0.9922
3.0400 0.7510 0.9944 0.9945
3.0500 0.7653 0.9940 0.9963
3.0600 0.7778 0.9932 0.9978
3.0700 0.7884 0.9921 0.9989
3.0800 0.7971 0.9905 0.9995
3.0900 0.8038 0.9885 0.9998
3.1000 0.8087 0.9861 0.9996
3.1100 0.8116 0.9833 0.9991
3.1200 0.8127 0.9802 0.9981
3.1300 0.8119 0.9766 0.9967
3.1400 0.8094 0.9726 0.9949
3.1500 0.8051 0.9682 0.9927
3.1600 0.7991 0.9635 0.9901
3.1700 0.7915 0.9583 0.9871
3.1800 0.7824 0.9528 0.9837
3.1900 0.7718 0.9468 0.9799
3.2000 0.7599 0.9405 0.9757
3.2100 0.7467 0.9338 0.9711
3.2200 0.7324 0.9267 0.9662
3.2300 0.7170 0.9192 0.9608
3.2400 0.7007 0.9113 0.9550
3.2500 0.6836 0.9031 0.9488
3.2600 0.6657 0.8945 0.9423
3.2700 0.6473 0.8855 0.9354
3.2800 0.6284 0.8761 0.9281
3.2900 0.6092 0.8664 0.9204
3.3000 0.5897 0.8563 0.9124
3.3100 0.5701 0.8458 0.9040
3.3200 0.5505 0.8349 0.8952
3.3300 0.5310 0.8237 0.8861
3.3400 0.5117 0.8122 0.8766
3.3500 0.4927 0.8003 0.8668
3.3600 0.4740 0.7881 0.8566
3.3700 0.4559 0.7755 0.8461
3.3800 0.4382 0.7625 0.8352
3.3900 0.4212 0.7493 0.8240
3.4000 0.4049 0.7357 0.8125
3.4100 0.3894 0.7218 0.8006
3.4200 0.3746 0.7076 0.7885
3.4300 0.3607 0.6930 0.7760
3.4400 0.3477 0.6782 0.7632
3.4500 0.3355 0.6631 0.7501
3.4600 0.3243 0.6476 0.7367
3.4700 0.3141 0.6319 0.7230
3.4800 0.3048 0.6159 0.7090
3.4900 0.2964 0.5997 0.6947
3.5000 0.2889 0.5832 0.6801
3.5100 0.2824 0.5664 0.6653
3.5200 0.2768 0.5494 0.6502
3.5300 0.2721 0.5322 0.6348
3.5400 0.2682 0.5147 0.6192
3.5500 0.2651 0.4970 0.6033
3.5600 0.2628 0.4791 0.5872
3.5700 0.2612 0.4610 0.5709
3.5800 0.2602 0.4427 0.5543
3.5900 0.2600 0.4243 0.5375
3.6000 0.2603 0.4056 0.5205
3.6100 0.2611 0.3868 0.5032
3.6200 0.2624 0.3679 0.4858
3.6300 0.2642 0.3488 0.4682
3.6400 0.2663 0.3295 0.4504
3.6500 0.2687 0.3102 0.4324
3.6600 0.2715 0.2907 0.4143
3.6700 0.2744 0.2711 0.3959
3.6800 0.2776 0.2514 0.3775
3.6900 0.2809 0.2317 0.3588
3.7000 0.2843 0.2119 0.3401
3.7100 0.2878 0.1920 0.3212
3.7200 0.2913 0.1720 0.3022
3.7300 0.2949 0.1520 0.2831
3.7400 0.2984 0.1319 0.2638
3.7500 0.3018 0.1119 0.2445
3.7600 0.3052 0.0918 0.2251
3.7700 0.3086 0.0716 0.2056
3.7800 0.3118 0.0515 0.1860
3.7900 0.3149 0.0314 0.1664
3.8000 0.3179 0.0113 0.1467
3.8100 0.3208 -0.0088 0.1270
3.8200 0.3236 -0.0289 0.1072
3.8300 0.3263 -0.0489 0.0874
3.8400 0.3288 -0.0689 0.0675
3.8500 0.3312 -0.0888 0.0477
3.8600 0.3335 -0.1087 0.0278
3.8700 0.3357 -0.1285 0.0080
3.8800 0.3378 -0.1482 -0.0119
3.8900 0.3397 -0.1679 -0.0317
3.9000 0.3416 -0.1875 -0.0515
3.9100 0.3434 -0.2069 -0.0713
3.9200 0.3450 -0.2263 -0.0911
3.9300 0.3466 -0.2456 -0.1108
3.9400 0.3481 -0.2648 -0.1305
3.9500 0.3494 -0.2838 -0.1501
3.9600 0.3507 -0.3027 -0.1696
3.9700 0.3518 -0.3215 -0.1890
3.9800 0.3528 -0.3402 -0.2084
3.9900 0.3536 -0.3587 -0.2277
4.0000 0.3543 -0.3771 -0.2469
4.0100 0.3548 -0.3953 -0.2659
4.0200 0.3552 -0.4133 -0.2849
4.0300 0.3552 -0.4312 -0.3037
4.0400 0.3550 -0.4489 -0.3224
4.0500 0.3546 -0.4664 -0.3410
4.0600 0.3538 -0.4837 -0.3594
4.0700 0.3527 -0.5008 -0.3777
4.0800 0.3511 -0.5177 -0.3958
4.0900 0.3492 -0.5344 -0.4137
4.1000 0.3468 -0.5509 -0.4315
4.1100 0.3439 -0.5672 -0.4490
4.1200 0.3404 -0.5832 -0.4664
4.1300 0.3364 -0.5990 -0.4836
4.1400 0.3317 -0.6146 -0.5006
4.1500 0.3264 -0.6299 -0.5173
4.1600 0.3204 -0.6449 -0.5338
4.1700 0.3137 -0.6597 -0.5501
4.1800 0.3062 -0.6741 -0.5662
4.1900 0.2980 -0.6883 -0.5820
4.2000 0.2889 -0.7023 -0.5976
4.2100 0.2791 -0.7159 -0.6129
4.2200 0.2684 -0.7292 -0.6279
4.2300 0.2568 -0.7422 -0.6427
4.2400 0.2444 -0.7549 -0.6572
4.2500 0.2312 -0.7672 -0.6714
4.2600 0.2170 -0.7793 -0.6853
4.2700 0.2021 -0.7909 -0.6989
4.2800 0.1863 -0.8023 -0.7122
4.2900 0.1698 -0.8132 -0.7252
4.3000 0.1524 -0.8239 -0.7380
4.3100 0.1344 -0.8341 -0.7503
4.3200 0.1156 -0.8440 -0.7624
4.3300 0.0962 -0.8535 -0.7742
4.3400 0.0762 -0.8626 -0.7856
4.3500 0.0557 -0.8713 -0.7967
4.3600 0.0347 -0.8796 -0.8074
4.3700 0.0133 -0.8875 -0.8178
4.3800 -0.0084 -0.8950 -0.8279
4.3900 -0.0304 -0.9021 -0.8376
4.4000 -0.0526 -0.9088 -0.8470
4.4100 -0.0749 -0.9151 -0.8560
4.4200 -0.0971 -0.9209 -0.8646
4.4300 -0.1193 -0.9263 -0.8729
4.4400 -0.1413 -0.9313 -0.8808
4.4500 -0.1631 -0.9358 -0.8884
4.4600 -0.1845 -0.9400 -0.8955
4.4700 -0.2055 -0.9436 -0.9023
4.4800 -0.2260 -0.9469 -0.9088
4.4900 -0.2459 -0.9497 -0.9148
4.5000 -0.2650 -0.9521 -0.9205
4.5100 -0.2835 -0.9540 -0.9258
4.5200 -0.3011 -0.9555 -0.9306
4.5300 -0.3178 -0.9566 -0.9351
4.5400 -0.3335 -0.9572 -0.9392
4.5500 -0.3482 -0.9574 -0.9429
4.5600 -0.3618 -0.9571 -0.9463
4.5700 -0.3743 -0.9565 -0.9492
4.5800 -0.3856 -0.9554 -0.9517
4.5900 -0.3958 -0.9538 -0.9538
4.6000 -0.4047 -0.9519 -0.9555
4.6100 -0.4124 -0.9495 -0.9568
4.6200 -0.4188 -0.9467 -0.9577
4.6300 -0.4240 -0.9435 -0.9582
4.6400 -0.4280 -0.9399 -0.9582
4.6500 -0.4307 -0.9358 -0.9579
4.6600 -0.4322 -0.9314 -0.9572
4.6700 -0.4326 -0.9266 -0.9560
4.6800 -0.4318 -0.9213 -0.9545
4.6900 -0.4300 -0.9157 -0.9525
4.7000 -0.4271 -0.9097 -0.9502
4.7100 -0.4232 -0.9033 -0.9474
4.7200 -0.4184 -0.8965 -0.9442
4.7300 -0.4128 -0.8894 -0.9406
4.7400 -0.4064 -0.8819 -0.9366
4.7500 -0.3992 -0.8740 -0.9323
4.7600 -0.3915 -0.8657 -0.9275
4.7700 -0.3833 -0.8571 -0.9223
4.7800 -0.3745 -0.8482 -0.9168
4.7900 -0.3655 -0.8389 -0.9108
4.8000 -0.3561 -0.8292 -0.9045
4.8100 -0.3466 -0.8193 -0.8978
4.8200 -0.3370 -0.8089 -0.8907
4.8300 -0.3273 -0.7983 -0.8832
4.8400 -0.3178 -0.7873 -0.8754
4.8500 -0.3084 -0.7760 -0.8671
4.8600 -0.2992 -0.7644 -0.8586
4.8700 -0.2903 -0.7525 -0.8496
4.8800 -0.2819 -0.7403 -0.8403
4.8900 -0.2739 -0.7277 -0.8307
4.9000 -0.2664 -0.7149 -0.8207
4.9100 -0.2595 -0.7018 -0.8104
4.9200 -0.2532 -0.6883 -0.7997
4.9300 -0.2476 -0.6746 -0.7887
4.9400 -0.2427 -0.6606 -0.7773
4.9500 -0.2386 -0.6463 -0.7657
4.9600 -0.2352 -0.6318 -0.7537
4.9700 -0.2327 -0.6170 -0.7414
4.9800 -0.2310 -0.6019 -0.7287
4.9900 -0.2301 -0.5865 -0.7158
5.0000 -0.2300 -0.5709 -0.7026
5.0100 -0.2308 -0.5550 -0.6890
5.0200 -0.2325 -0.5389 -0.6752
5.0300 -0.2349 -0.5226 -0.6611
5.0400 -0.2381 -0.5060 -0.6467
5.0500 -0.2422 -0.4891 -0.6320
5.0600 -0.2470 -0.4721 -0.6171
5.0700 -0.2525 -0.4548 -0.6019
5.0800 -0.2587 -0.4373 -0.5864
5.0900 -0.2655 -0.4195 -0.5707
5.1000 -0.2730 -0.4016 -0.5548
5.1100 -0.2810 -0.3835 -0.5386
5.1200 -0.2896 -0.3652 -0.5221
5.1300 -0.2987 -0.3467 -0.5055
5.1400 -0.3083 -0.3280 -0.4886
5.1500 -0.3182 -0.3092 -0.4715
5.1600 -0.3285 -0.2901 -0.4542
5.1700 -0.3391 -0.2710 -0.4367
5.1800 -0.3501 -0.2517 -0.4190
5.1900 -0.3612 -0.2322 -0.4011
5.2000 -0.3726 -0.2126 -0.3830
5.2100 -0.3841 -0.1929 -0.3648
5.2200 -0.3957 -0.1731 -0.3464
5.2300 -0.4075 -0.1532 -0.3279
5.2400 -0.4193 -0.1332 -0.3092
5.2500 -0.4312 -0.1131 -0.2904
5.2600 -0.4431 -0.0929 -0.2714
5.2700 -0.4549 -0.0726 -0.2524
5.2800 -0.4668 -0.0523 -0.2332
5.2900 -0.4786 -0.0320 -0.2139
5.3000 -0.4904 -0.0116 -0.1945
5.3100 -0.5021 0.0088 -0.1751
5.3200 -0.5137 0.0292 -0.1555
5.3300 -0.5252 0.0496 -0.1359
5.3400 -0.5366 0.0700 -0.1163
5.3500 -0.5479 0.0904 -0.0965
5.3600 -0.5592 0.1108 -0.0768
5.3700 -0.5703 0.1311 -0.0570
5.3800 -0.5813 0.1514 -0.0371
5.3900 -0.5921 0.1717 -0.0173
5.4000 -0.6029 0.1918 0.0026
5.4100 -0.6135 0.2119 0.0224
5.4200 -0.6239 0.2319 0.0423
5.4300 -0.6343 0.2518 0.0621
5.4400 -0.6444 0.2715 0.0820
5.4500 -0.6544 0.2912 0.1018
5.4600 -0.6642 0.3107 0.1216
5.4700 -0.6737 0.3301 0.1413
5.4800 -0.6831 0.3493 0.1610
5.4900 -0.6922 0.3684 0.1806
5.5000 -0.7010 0.3874 0.2001
5.5100 -0.7095 0.4061 0.2196
5.5200 -0.7176 0.4247 0.2390
5.5300 -0.7254 0.4431 0.2583
5.5400 -0.7327 0.4612 0.2775
5.5500 -0.7396 0.4792 0.2967
5.5600 -0.7459 0.4970 0.3157
5.5700 -0.7517 0.5145 0.3345
5.5800 -0.7569 0.5318 0.3533
5.5900 -0.7615 0.5489 0.3719
5.6000 -0.7653 0.5658 0.3904
5.6100 -0.7683 0.5824 0.4087
5.6200 -0.7705 0.5987 0.4269
5.6300 -0.7719 0.6148 0.4449
5.6400 -0.7723 0.6306 0.4627
5.6500 -0.7717 0.6462 0.4804
5.6600 -0.7701 0.6615 0.4979
5.6700 -0.7674 0.6765 0.5151
5.6800 -0.7635 0.6912 0.5322
5.6900 -0.7585 0.7056 0.5491
5.7000 -0.7522 0.7198 0.5657
5.7100 -0.7447 0.7336 0.5821
5.7200 -0.7358 0.7472 0.5983
5.7300 -0.7257 0.7604 0.6142
5.7400 -0.7142 0.7733 0.6299
5.7500 -0.7013 0.7859 0.6454
5.7600 -0.6870 0.7982 0.6606
5.7700 -0.6714 0.8101 0.6755
5.7800 -0.6544 0.8218 0.6901
5.7900 -0.6360 0.8331 0.7045
5.8000 -0.6163 0.8440 0.7186
5.8100 -0.5953 0.8546 0.7324
5.8200 -0.5730 0.8649 0.7459
5.8300 -0.5494 0.8748 0.7591
5.8400 -0.5247 0.8844 0.7719
5.8500 -0.4989 0.8936 0.7845
5.8600 -0.4720 0.9025 0.7968
5.8700 -0.4441 0.9110 0.8087
5.8800 -0.4154 0.9191 0.8203
5.8900 -0.3858 0.9268 0.8316
5.9000 -0.3555 0.9342 0.8425
5.9100 -0.3246 0.9412 0.8531
5.9200 -0.2932 0.9478 0.8634
5.9300 -0.2614 0.9540 0.8733
5.9400 -0.2294 0.9599 0.8829
5.9500 -0.1971 0.9653 0.8921
5.9600 -0.1648 0.9704 0.9009
5.9700 -0.1326 0.9750 0.9094
5.9800 -0.1006 0.9793 0.9175
5.9900 -0.0689 0.9831 0.9252
6.0000 -0.0376 0.9866 0.9326
6.0100 -0.0069 0.9896 0.9396
6.0200 0.0231 0.9922 0.9463
6.0300 0.0523 0.9944 0.9525
6.0400 0.0806 0.9962 0.9584
6.0500 0.1079 0.9975 0.9638
6.0600 0.1340 0.9985 0.9689
6.0700 0.1590 0.9990 0.9736
6.0800 0.1826 0.9991 0.9780
6.0900 0.2049 0.9988 0.9819
6.1000 0.2258 0.9980 0.9854
6.1100 0.2451 0.9968 0.9885
6.1200 0.2629 0.9952 0.9912
6.1300 0.2790 0.9932 0.9936
6.1400 0.2935 0.9907 0.9955
6.1500 0.3063 0.9878 0.9970
6.1600 0.3175 0.9845 0.9981
6.1700 0.3269 0.9808 0.9988
6.1800 0.3347 0.9766 0.9991
6.1900 0.3408 0.9721 0.9990
6.2000 0.3452 0.9671 0.9985
6.2100 0.3480 0.9617 0.9976
6.2200 0.3493 0.9559 0.9963
6.2300 0.3490 0.9496 0.9946
6.2400 0.3473 0.9430 0.9924
6.2500 0.3441 0.9360 0.9899
6.2600 0.3397 0.9286 0.9870
6.2700 0.3340 0.9207 0.9836
6.2800 0.3272 0.9125 0.9799
6.2900 0.3194 0.9039 0.9757
6.3000 0.3106 0.8950 0.9712
6.3100 0.3010 0.8856 0.9662
6.3200 0.2906 0.8759 0.9609
6.3300 0.2796 0.8658 0.9552
6.3400 0.2681 0.8554 0.9491
6.3500 0.2562 0.8446 0.9426
6.3600 0.2440 0.8335 0.9357
6.3700 0.2316 0.8220 0.9285
6.3800 0.2191 0.8102 0.9208
6.3900 0.2066 0.7980 0.9128
6.4000 0.1943 0.7856 0.9045
6.4100 0.1822 0.7728 0.8957
6.4200 0.1705 0.7597 0.8866
6.4300 0.1591 0.7463 0.8772
6.4400 0.1483 0.7327 0.8674
6.4500 0.1380 0.7187 0.8573
6.4600 0.1284 0.7044 0.8468
6.4700 0.1194 0.6899 0.8359
6.4800 0.1113 0.6751 0.8248
6.4900 0.1039 0.6600 0.8133
6.5000 0.0974 0.6447 0.8015
6.5100 0.0919 0.6291 0.7893
6.5200 0.0872 0.6133 0.7769
6.5300 0.0834 0.5973 0.7641
6.5400 0.0807 0.5810 0.7511
6.5500 0.0788 0.5645 0.7377
6.5600 0.0779 0.5478 0.7240
6.5700 0.0780 0.5308 0.7101
6.5800 0.0790 0.5137 0.6959
6.5900 0.0808 0.4963 0.6813
6.6000 0.0836 0.4788 0.6665
6.6100 0.0872 0.4611 0.6515
6.6200 0.0916 0.4431 0.6362
6.6300 0.0968 0.4251 0.6206
6.6400 0.1027 0.4068 0.6048
6.6500 0.1092 0.3884 0.5887
6.6600 0.1164 0.3698 0.5724
6.6700 0.1242 0.3511 0.5559
6.6800 0.1324 0.3322 0.5391
6.6900 0.1412 0.3132 0.5221
6.7000 0.1503 0.2941 0.5049
6.7100 0.1598 0.2748 0.4875
6.7200 0.1696 0.2554 0.4700
6.7300 0.1796 0.2359 0.4522
6.7400 0.1898 0.2163 0.4342
6.7500 0.2002 0.1966 0.4161
6.7600 0.2107 0.1768 0.3978
6.7700 0.2213 0.1570 0.3794
6.7800 0.2318 0.1370 0.3608
6.7900 0.2424 0.1170 0.3420
6.8000 0.2529 0.0969 0.3232
6.8100 0.2634 0.0768 0.3042
6.8200 0.2737 0.0566 0.2851
6.8300 0.2840 0.0364 0.2659
6.8400 0.2941 0.0162 0.2465
6.8500 0.3040 -0.0041 0.2271
6.8600 0.3138 -0.0244 0.2077
6.8700 0.3234 -0.0446 0.1881
6.8800 0.3328 -0.0649 0.1685
6.8900 0.3421 -0.0851 0.1488
6.9000 0.3512 -0.1054 0.1291
6.9100 0.3600 -0.1255 0.1093
6.9200 0.3688 -0.1457 0.0895
6.9300 0.3773 -0.1658 0.0696
6.9400 0.3857 -0.1858 0.0498
6.9500 0.3939 -0.2057 0.0299
6.9600 0.4020 -0.2256 0.0101
6.9700 0.4099 -0.2454 -0.0098
6.9800 0.4177 -0.2650 -0.0296
6.9900 0.4254 -0.2846 -0.0494
7.0000 0.4329 -0.3040 -0.0692
7.0100 0.4403 -0.3232 -0.0890
7.0200 0.4476 -0.3424 -0.1087
7.0300 0.4547 -0.3614 -0.1283
7.0400 0.4618 -0.3802 -0.1479
7.0500 0.4686 -0.3988 -0.1674
7.0600 0.4754 -0.4172 -0.1869
7.0700 0.4820 -0.4355 -0.2062
7.0800 0.4884 -0.4535 -0.2255
7.0900 0.4946 -0.4713 -0.2446
7.1000 0.5006 -0.4890 -0.2637
7.1100 0.5063 -0.5063 -0.2827
7.1200 0.5118 -0.5234 -0.3015
7.1300 0.5170 -0.5403 -0.3202
7.1400 0.5219 -0.5569 -0.3387
7.1500 0.5264 -0.5733 -0.3572
7.1600 0.5305 -0.5893 -0.3754
7.1700 0.5342 -0.6051 -0.3935
7.1800 0.5375 -0.6206 -0.4115
7.1900 0.5402 -0.6358 -0.4292
7.2000 0.5424 -0.6507 -0.4468
7.2100 0.5440 -0.6653 -0.4642
7.2200 0.5450 -0.6796 -0.4814
7.2300 0.5453 -0.6935 -0.4983
7.2400 0.5449 -0.7071 -0.5151
7.2500 0.5439 -0.7204 -0.5316
7.2600 0.5420 -0.7334 -0.5480
7.2700 0.5394 -0.7460 -0.5640
7.2800 0.5360 -0.7582 -0.5799
7.2900 0.5317 -0.7701 -0.5955
7.3000 0.5266 -0.7817 -0.6108
7.3100 0.5207 -0.7929 -0.6259
7.3200 0.5139 -0.8037 -0.6407
7.3300 0.5062 -0.8142 -0.6552
7.3400 0.4977 -0.8243 -0.6694
7.3500 0.4883 -0.8340 -0.6834
7.3600 0.4781 -0.8434 -0.6971
7.3700 0.4671 -0.8524 -0.7104
7.3800 0.4553 -0.8610 -0.7235
7.3900 0.4427 -0.8692 -0.7362
7.4000 0.4295 -0.8771 -0.7486
7.4100 0.4155 -0.8846 -0.7607
7.4200 0.4010 -0.8917 -0.7725
7.4300 0.3859 -0.8984 -0.7840
7.4400 0.3702 -0.9047 -0.7951
7.4500 0.3542 -0.9107 -0.8059
7.4600 0.3378 -0.9163 -0.8163
7.4700 0.3210 -0.9215 -0.8264
7.4800 0.3041 -0.9263 -0.8362
7.4900 0.2870 -0.9307 -0.8456
7.5000 0.2698 -0.9347 -0.8546
7.5100 0.2527 -0.9384 -0.8633
7.5200 0.2357 -0.9416 -0.8716
7.5300 0.2189 -0.9445 -0.8795
7.5400 0.2023 -0.9470 -0.8871
7.5500 0.1861 -0.9491 -0.8943
7.5600 0.1703 -0.9508 -0.9012
7.5700 0.1551 -0.9521 -0.9076
7.5800 0.1404 -0.9530 -0.9137
7.5900 0.1264 -0.9535 -0.9194
7.6000 0.1132 -0.9536 -0.9247
7.6100 0.1007 -0.9534 -0.9296
7.6200 0.0891 -0.9527 -0.9342
7.6300 0.0784 -0.9516 -0.9383
7.6400 0.0687 -0.9502 -0.9421
7.6500 0.0599 -0.9483 -0.9454
7.6600 0.0522 -0.9461 -0.9484
7.6700 0.0455 -0.9434 -0.9509
7.6800 0.0400 -0.9404 -0.9531
7.6900 0.0355 -0.9369 -0.9548
7.7000 0.0320 -0.9331 -0.9562
7.7100 0.0297 -0.9288 -0.9571
7.7200 0.0285 -0.9241 -0.9577
7.7300 0.0283 -0.9191 -0.9578
7.7400 0.0291 -0.9136 -0.9576
7.7500 0.0309 -0.9078 -0.9569
7.7600 0.0337 -0.9015 -0.9558
7.7700 0.0374 -0.8949 -0.9543
7.7800 0.0420 -0.8878 -0.9524
7.7900 0.0473 -0.8803 -0.9501
7.8000 0.0533 -0.8725 -0.9474
7.8100 0.0601 -0.8643 -0.9443
7.8200 0.0673 -0.8556 -0.9408
7.8300 0.0751 -0.8466 -0.9369
7.8400 0.0833 -0.8372 -0.9326
7.8500 0.0919 -0.8274 -0.9279
7.8600 0.1007 -0.8172 -0.9228
7.8700 0.1097 -0.8067 -0.9173
7.8800 0.1187 -0.7958 -0.9114
7.8900 0.1277 -0.7845 -0.9051
7.9000 0.1366 -0.7728 -0.8984
7.9100 0.1453 -0.7608 -0.8914
7.9200 0.1538 -0.7484 -0.8840
7.9300 0.1619 -0.7357 -0.8762
7.9400 0.1696 -0.7226 -0.8680
7.9500 0.1768 -0.7092 -0.8595
7.9600 0.1833 -0.6955 -0.8506
7.9700 0.1893 -0.6814 -0.8414
7.9800 0.1945 -0.6670 -0.8318
7.9900 0.1990 -0.6523 -0.8218
8.0000 0.2027 -0.6374 -0.8115
8.0100 0.2056 -0.6221 -0.8009
8.0200 0.2075 -0.6065 -0.7899
8.0300 0.2085 -0.5906 -0.7786
8.0400 0.2086 -0.5745 -0.7669
8.0500 0.2077 -0.5581 -0.7550
8.0600 0.2059 -0.5415 -0.7427
8.0700 0.2030 -0.5246 -0.7301
8.0800 0.1992 -0.5075 -0.7172
8.0900 0.1944 -0.4901 -0.7040
8.1000 0.1886 -0.4725 -0.6906
8.1100 0.1818 -0.4548 -0.6768
8.1200 0.1741 -0.4368 -0.6627
8.1300 0.1655 -0.4186 -0.6484
8.1400 0.1561 -0.4003 -0.6337
8.1500 0.1457 -0.3818 -0.6188
8.1600 0.1346 -0.3631 -0.6037
8.1700 0.1227 -0.3443 -0.5883
8.1800 0.1100 -0.3253 -0.5726
8.1900 0.0967 -0.3062 -0.5567
8.2000 0.0826 -0.2870 -0.5405
8.2100 0.0680 -0.2676 -0.5241
8.2200 0.0529 -0.2482 -0.5075
8.2300 0.0372 -0.2286 -0.4907
8.2400 0.0210 -0.2090 -0.4736
8.2500 0.0045 -0.1893 -0.4563
8.2600 -0.0125 -0.1695 -0.4389
8.2700 -0.0298 -0.1496 -0.4212
8.2800 -0.0474 -0.1297 -0.4034
8.2900 -0.0653 -0.1098 -0.3854
8.3000 -0.0834 -0.0898 -0.3672
8.3100 -0.1017 -0.0698 -0.3488
8.3200 -0.1202 -0.0497 -0.3303
8.3300 -0.1388 -0.0297 -0.3117
8.3400 -0.1575 -0.0096 -0.2929
8.3500 -0.1763 0.0104 -0.2739
8.3600 -0.1952 0.0305 -0.2549
8.3700 -0.2141 0.0505 -0.2357
8.3800 -0.2331 0.0705 -0.2165
8.3900 -0.2521 0.0905 -0.1971
8.4000 -0.2711 0.1105 -0.1777
8.4100 -0.2901 0.1304 -0.1581
8.4200 -0.3091 0.1502 -0.1385
8.4300 -0.3281 0.1700 -0.1189
8.4400 -0.3471 0.1897 -0.0991
8.4500 -0.3660 0.2094 -0.0794
8.4600 -0.3849 0.2290 -0.0596
8.4700 -0.4038 0.2485 -0.0397
8.4800 -0.4227 0.2679 -0.0199
8.4900 -0.4415 0.2872 -0.0000
8.5000 -0.4602 0.3064 0.0199
8.5100 -0.4788 0.3255 0.0397
8.5200 -0.4974 0.3445 0.0596
8.5300 -0.5159 0.3633 0.0794
8.5400 -0.5342 0.3820 0.0992
8.5500 -0.5525 0.4006 0.1190
8.5600 -0.5705 0.4190 0.1387
8.5700 -0.5884 0.4373 0.1584
8.5800 -0.6060 0.4554 0.1780
8.5900 -0.6234 0.4733 0.1976
8.6000 -0.6405 0.4911 0.2171
8.6100 -0.6573 0.5086 0.2365
8.6200 -0.6737 0.5260 0.2558
8.6300 -0.6897 0.5432 0.2750
8.6400 -0.7052 0.5602 0.2941
8.6500 -0.7202 0.5769 0.3131
8.6600 -0.7347 0.5934 0.3320
8.6700 -0.7485 0.6097 0.3508
8.6800 -0.7617 0.6258 0.3694
8.6900 -0.7741 0.6416 0.3879
8.7000 -0.7857 0.6571 0.4062
8.7100 -0.7964 0.6724 0.4244
8.7200 -0.8063 0.6874 0.4424
8.7300 -0.8152 0.7022 0.4602
8.7400 -0.8230 0.7166 0.4779
8.7500 -0.8298 0.7308 0.4954
8.7600 -0.8354 0.7446 0.5127
8.7700 -0.8399 0.7582 0.5298
8.7800 -0.8431 0.7714 0.5466
8.7900 -0.8451 0.7843 0.5633
8.8000 -0.8457 0.7968 0.5797
8.8100 -0.8450 0.8091 0.5960
8.8200 -0.8430 0.8209 0.6119
8.8300 -0.8396 0.8325 0.6277
8.8400 -0.8348 0.8437 0.6431
8.8500 -0.8285 0.8545 0.6583
8.8600 -0.8209 0.8649 0.6733
8.8700 -0.8119 0.8750 0.6880
8.8800 -0.8015 0.8847 0.7024
8.8900 -0.7898 0.8940 0.7165
8.9000 -0.7768 0.9029 0.7304
8.9100 -0.7625 0.9114 0.7439
8.9200 -0.7469 0.9195 0.7571
8.9300 -0.7302 0.9272 0.7701
8.9400 -0.7123 0.9345 0.7827
8.9500 -0.6935 0.9415 0.7950
8.9600 -0.6736 0.9480 0.8070
8.9700 -0.6529 0.9540 0.8186
8.9800 -0.6314 0.9597 0.8299
8.9900 -0.6092 0.9650 0.8409
9.0000 -0.5863 0.9698 0.8516
9.0100 -0.5630 0.9742 0.8619
9.0200 -0.5394 0.9782 0.8718
9.0300 -0.5154 0.9818 0.8814
9.0400 -0.4913 0.9849 0.8907
9.0500 -0.4671 0.9877 0.8996
9.0600 -0.4430 0.9900 0.9081
9.0700 -0.4191 0.9919 0.9163
9.0800 -0.3955 0.9933 0.9240
9.0900 -0.3723 0.9944 0.9315
9.1000 -0.3496 0.9950 0.9385
9.1100 -0.3276 0.9952 0.9452
9.1200 -0.3063 0.9950 0.9515
9.1300 -0.2859 0.9944 0.9574
9.1400 -0.2664 0.9933 0.9629
9.1500 -0.2479 0.9919 0.9680
9.1600 -0.2305 0.9900 0.9728
9.1700 -0.2143 0.9878 0.9772
9.1800 -0.1993 0.9851 0.9811
9.1900 -0.1856 0.9820 0.9847
9.2000 -0.1732 0.9785 0.9879
9.2100 -0.1623 0.9747 0.9907
9.2200 -0.1527 0.9704 0.9930
9.2300 -0.1446 0.9657 0.9950
9.2400 -0.1379 0.9607 0.9966
9.2500 -0.1327 0.9552 0.9978
9.2600 -0.1289 0.9494 0.9985
9.2700 -0.1265 0.9432 0.9989
9.2800 -0.1255 0.9366 0.9989
9.2900 -0.1259 0.9296 0.9984
9.3000 -0.1275 0.9223 0.9976
9.3100 -0.1304 0.9145 0.9963
9.3200 -0.1345 0.9064 0.9947
9.3300 -0.1397 0.8980 0.9926
9.3400 -0.1460 0.8891 0.9901
9.3500 -0.1531 0.8800 0.9872
9.3600 -0.1612 0.8704 0.9840
9.3700 -0.1700 0.8605 0.9803
9.3800 -0.1796 0.8503 0.9762
9.3900 -0.1897 0.8396 0.9717
9.4000 -0.2002 0.8287 0.9669
9.4100 -0.2111 0.8174 0.9616
9.4200 -0.2223 0.8058 0.9559
9.4300 -0.2337 0.7938 0.9499
9.4400 -0.2450 0.7815 0.9435
9.4500 -0.2564 0.7689 0.9367
9.4600 -0.2675 0.7559 0.9295
9.4700 -0.2785 0.7427 0.9219
9.4800 -0.2890 0.7291 0.9139
9.4900 -0.2991 0.7152 0.9056
9.5000 -0.3087 0.7010 0.8970
9.5100 -0.3177 0.6865 0.8879
9.5200 -0.3260 0.6717 0.8785
9.5300 -0.3335 0.6566 0.8688
9.5400 -0.3403 0.6412 0.8587
9.5500 -0.3461 0.6256 0.8482
9.5600 -0.3510 0.6096 0.8374
9.5700 -0.3550 0.5935 0.8263
9.5800 -0.3580 0.5770 0.8149
9.5900 -0.3600 0.5603 0.8031
9.6000 -0.3609 0.5433 0.7910
9.6100 -0.3608 0.5262 0.7786
9.6200 -0.3596 0.5087 0.7659
9.6300 -0.3575 0.4911 0.7528
9.6400 -0.3542 0.4732 0.7395
9.6500 -0.3500 0.4552 0.7259
9.6600 -0.3448 0.4369 0.7120
9.6700 -0.3386 0.4185 0.6978
9.6800 -0.3315 0.3998 0.6833
9.6900 -0.3236 0.3810 0.6686
9.7000 -0.3148 0.3620 0.6535
9.7100 -0.3052 0.3429 0.6383
9.7200 -0.2949 0.3236 0.6227
9.7300 -0.2839 0.3042 0.6069
9.7400 -0.2722 0.2847 0.5909
9.7500 -0.2600 0.2651 0.5746
9.7600 -0.2473 0.2453 0.5581
9.7700 -0.2342 0.2255 0.5414
9.7800 -0.2206 0.2056 0.5245
9.7900 -0.2067 0.1855 0.5073
9.8000 -0.1926 0.1655 0.4900
9.8100 -0.1781 0.1454 0.4724
9.8200 -0.1636 0.1252 0.4547
9.8300 -0.1489 0.1050 0.4368
9.8400 -0.1341 0.0848 0.4187
9.8500 -0.1192 0.0645 0.4004
9.8600 -0.1044 0.0443 0.3820
9.8700 -0.0896 0.0240 0.3634
9.8800 -0.0749 0.0038 0.3447
9.8900 -0.0602 -0.0164 0.3258
9.9000 -0.0457 -0.0366 0.3069
9.9100 -0.0313 -0.0567 0.2878
9.9200 -0.0170 -0.0768 0.2686
9.9300 -0.0030 -0.0968 0.2492
9.9400 0.0109 -0.1168 0.2298
9.9500 0.0247 -0.1367 0.2104
9.9600 0.0382 -0.1565 0.1908
9.9700 0.0516 -0.1762 0.1712
9.9800 0.0648 -0.1958 0.1515
9.9900 0.0778 -0.2153 0.1317
10.0000 0.0906 -0.2346 0.1120
