 t	 x	 y	 z	 w
0.0000 1.0000 1.0000 1.0000 1.0000
0.0100 0.9938 0.9994 0.9995 0.9995
0.0200 0.9754 0.9974 0.9979 0.9981
0.0300 0.9455 0.9943 0.9953 0.9957
0.0400 0.9051 0.9898 0.9917 0.9924
0.0500 0.8554 0.9841 0.9871 0.9882
0.0600 0.7981 0.9772 0.9816 0.9832
0.0700 0.7349 0.9691 0.9750 0.9772
0.0800 0.6676 0.9599 0.9676 0.9705
0.0900 0.5981 0.9495 0.9593 0.9630
0.1000 0.5281 0.9380 0.9501 0.9548
0.1100 0.4592 0.9255 0.9401 0.9458
0.1200 0.3928 0.9119 0.9293 0.9362
0.1300 0.3300 0.8974 0.9178 0.9260
0.1400 0.2718 0.8820 0.9057 0.9152
0.1500 0.2186 0.8657 0.8929 0.9039
0.1600 0.1710 0.8485 0.8794 0.8921
0.1700 0.1290 0.8306 0.8655 0.8797
0.1800 0.0924 0.8120 0.8509 0.8670
0.1900 0.0612 0.7927 0.8360 0.8538
0.2000 0.0348 0.7727 0.8205 0.8402
0.2100 0.0129 0.7522 0.8047 0.8262
0.2200 -0.0052 0.7312 0.7885 0.8118
0.2300 -0.0198 0.7096 0.7719 0.7972
0.2400 -0.0315 0.6877 0.7551 0.7822
0.2500 -0.0409 0.6653 0.7379 0.7669
0.2600 -0.0483 0.6427 0.7205 0.7514
0.2700 -0.0542 0.6197 0.7029 0.7356
0.2800 -0.0588 0.5965 0.6850 0.7196
0.2900 -0.0625 0.5730 0.6671 0.7034
0.3000 -0.0655 0.5494 0.6489 0.6871
0.3100 -0.0680 0.5256 0.6307 0.6708
0.3200 -0.0700 0.5018 0.6123 0.6543
0.3300 -0.0718 0.4778 0.5939 0.6379
0.3400 -0.0734 0.4538 0.5755 0.6216
0.3500 -0.0748 0.4298 0.5571 0.6053
0.3600 -0.0761 0.4059 0.5388 0.5893
0.3700 -0.0773 0.3820 0.5205 0.5734
0.3800 -0.0785 0.3581 0.5024 0.5579
0.3900 -0.0795 0.3344 0.4845 0.5427
0.4000 -0.0806 0.3107 0.4668 0.5280
0.4100 -0.0815 0.2873 0.4493 0.5137
0.4200 -0.0824 0.2640 0.4323 0.4999
0.4300 -0.0832 0.2409 0.4155 0.4866
0.4400 -0.0840 0.2181 0.3993 0.4740
0.4500 -0.0846 0.1955 0.3835 0.4621
0.4600 -0.0853 0.1732 0.3683 0.4508
0.4700 -0.0858 0.1512 0.3537 0.4402
0.4800 -0.0862 0.1296 0.3397 0.4304
0.4900 -0.0866 0.1083 0.3265 0.4213
0.5000 -0.0869 0.0875 0.3141 0.4130
0.5100 -0.0871 0.0671 0.3024 0.4055
0.5200 -0.0872 0.0472 0.2916 0.3987
0.5300 -0.0873 0.0278 0.2818 0.3927
0.5400 -0.0872 0.0091 0.2728 0.3875
0.5500 -0.0871 -0.0091 0.2649 0.3830
0.5600 -0.0868 -0.0266 0.2579 0.3793
0.5700 -0.0865 -0.0434 0.2520 0.3764
0.5800 -0.0861 -0.0595 0.2471 0.3743
0.5900 -0.0856 -0.0747 0.2433 0.3729
0.6000 -0.0850 -0.0891 0.2405 0.3723
0.6100 -0.0844 -0.1027 0.2388 0.3725
0.6200 -0.0837 -0.1153 0.2381 0.3734
0.6300 -0.0829 -0.1269 0.2385 0.3751
0.6400 -0.0820 -0.1375 0.2399 0.3776
0.6500 -0.0811 -0.1471 0.2423 0.3809
0.6600 -0.0801 -0.1556 0.2457 0.3850
0.6700 -0.0790 -0.1629 0.2500 0.3900
0.6800 -0.0779 -0.1692 0.2552 0.3957
0.6900 -0.0768 -0.1743 0.2614 0.4022
0.7000 -0.0756 -0.1781 0.2684 0.4095
0.7100 -0.0744 -0.1808 0.2762 0.4177
0.7200 -0.0732 -0.1823 0.2848 0.4266
0.7300 -0.0719 -0.1826 0.2941 0.4363
0.7400 -0.0707 -0.1816 0.3042 0.4468
0.7500 -0.0694 -0.1794 0.3149 0.4580
0.7600 -0.0681 -0.1761 0.3263 0.4699
0.7700 -0.0668 -0.1715 0.3383 0.4824
0.7800 -0.0656 -0.1657 0.3509 0.4956
0.7900 -0.0644 -0.1588 0.3640 0.5094
0.8000 -0.0631 -0.1507 0.3777 0.5236
0.8100 -0.0620 -0.1415 0.3919 0.5383
0.8200 -0.0608 -0.1312 0.4065 0.5535
0.8300 -0.0597 -0.1199 0.4216 0.5689
0.8400 -0.0586 -0.1076 0.4371 0.5847
0.8500 -0.0576 -0.0943 0.4531 0.6007
0.8600 -0.0567 -0.0800 0.4694 0.6168
0.8700 -0.0557 -0.0649 0.4861 0.6331
0.8800 -0.0549 -0.0490 0.5031 0.6494
0.8900 -0.0541 -0.0323 0.5204 0.6657
0.9000 -0.0533 -0.0148 0.5381 0.6820
0.9100 -0.0526 0.0033 0.5559 0.6982
0.9200 -0.0519 0.0220 0.5741 0.7143
0.9300 -0.0513 0.0413 0.5924 0.7302
0.9400 -0.0508 0.0612 0.6109 0.7460
0.9500 -0.0503 0.0815 0.6295 0.7615
0.9600 -0.0498 0.1021 0.6481 0.7768
0.9700 -0.0493 0.1232 0.6668 0.7918
0.9800 -0.0489 0.1445 0.6855 0.8065
0.9900 -0.0485 0.1661 0.7042 0.8210
1.0000 -0.0482 0.1879 0.7227 0.8351
1.0100 -0.0478 0.2098 0.7410 0.8488
1.0200 -0.0474 0.2319 0.7592 0.8622
1.0300 -0.0471 0.2540 0.7770 0.8752
1.0400 -0.0467 0.2761 0.7945 0.8877
1.0500 -0.0463 0.2983 0.8115 0.8998
1.0600 -0.0458 0.3204 0.8281 0.9114
1.0700 -0.0454 0.3424 0.8442 0.9225
1.0800 -0.0448 0.3644 0.8597 0.9330
1.0900 -0.0442 0.3862 0.8746 0.9429
1.1000 -0.0436 0.4079 0.8888 0.9521
1.1100 -0.0429 0.4295 0.9022 0.9606
1.1200 -0.0420 0.4509 0.9149 0.9684
1.1300 -0.0411 0.4721 0.9267 0.9754
1.1400 -0.0401 0.4931 0.9377 0.9816
1.1500 -0.0390 0.5140 0.9478 0.9869
1.1600 -0.0378 0.5346 0.9570 0.9914
1.1700 -0.0365 0.5550 0.9653 0.9949
1.1800 -0.0351 0.5751 0.9726 0.9975
1.1900 -0.0335 0.5951 0.9790 0.9992
1.2000 -0.0319 0.6148 0.9843 0.9999
1.2100 -0.0301 0.6342 0.9887 0.9997
1.2200 -0.0282 0.6533 0.9922 0.9986
1.2300 -0.0262 0.6722 0.9947 0.9965
1.2400 -0.0241 0.6908 0.9962 0.9935
1.2500 -0.0220 0.7091 0.9968 0.9896
1.2600 -0.0198 0.7270 0.9965 0.9848
1.2700 -0.0175 0.7446 0.9952 0.9792
1.2800 -0.0153 0.7618 0.9931 0.9728
1.2900 -0.0131 0.7786 0.9900 0.9656
1.3000 -0.0110 0.7950 0.9862 0.9577
1.3100 -0.0091 0.8109 0.9814 0.9491
1.3200 -0.0075 0.8263 0.9759 0.9398
1.3300 -0.0061 0.8412 0.9695 0.9299
1.3400 -0.0051 0.8556 0.9624 0.9194
1.3500 -0.0046 0.8693 0.9545 0.9084
1.3600 -0.0047 0.8825 0.9459 0.8968
1.3700 -0.0055 0.8950 0.9365 0.8847
1.3800 -0.0069 0.9067 0.9264 0.8721
1.3900 -0.0092 0.9178 0.9155 0.8591
1.4000 -0.0122 0.9281 0.9040 0.8456
1.4100 -0.0161 0.9376 0.8918 0.8317
1.4200 -0.0208 0.9462 0.8790 0.8175
1.4300 -0.0261 0.9540 0.8655 0.8028
1.4400 -0.0321 0.9608 0.8514 0.7878
1.4500 -0.0386 0.9668 0.8367 0.7725
1.4600 -0.0454 0.9717 0.8214 0.7569
1.4700 -0.0522 0.9757 0.8055 0.7410
1.4800 -0.0589 0.9787 0.7891 0.7249
1.4900 -0.0653 0.9806 0.7721 0.7086
1.5000 -0.0710 0.9815 0.7547 0.6922
1.5100 -0.0758 0.9814 0.7369 0.6757
1.5200 -0.0796 0.9802 0.7187 0.6591
1.5300 -0.0822 0.9779 0.7001 0.6425
1.5400 -0.0833 0.9745 0.6812 0.6261
1.5500 -0.0831 0.9701 0.6621 0.6097
1.5600 -0.0813 0.9646 0.6428 0.5935
1.5700 -0.0781 0.9580 0.6233 0.5776
1.5800 -0.0734 0.9504 0.6038 0.5620
1.5900 -0.0676 0.9418 0.5843 0.5467
1.6000 -0.0606 0.9322 0.5648 0.5319
1.6100 -0.0527 0.9215 0.5454 0.5176
1.6200 -0.0441 0.9100 0.5262 0.5037
1.6300 -0.0350 0.8975 0.5073 0.4905
1.6400 -0.0257 0.8841 0.4886 0.4778
1.6500 -0.0162 0.8698 0.4704 0.4658
1.6600 -0.0069 0.8547 0.4526 0.4545
1.6700 0.0022 0.8388 0.4353 0.4438
1.6800 0.0108 0.8222 0.4185 0.4339
1.6900 0.0189 0.8048 0.4024 0.4246
1.7000 0.0265 0.7868 0.3869 0.4161
1.7100 0.0333 0.7681 0.3721 0.4084
1.7200 0.0394 0.7488 0.3580 0.4013
1.7300 0.0447 0.7289 0.3447 0.3951
1.7400 0.0493 0.7085 0.3322 0.3895
1.7500 0.0530 0.6876 0.3206 0.3848
1.7600 0.0559 0.6663 0.3097 0.3807
1.7700 0.0580 0.6445 0.2998 0.3774
1.7800 0.0593 0.6223 0.2907 0.3749
1.7900 0.0598 0.5997 0.2824 0.3731
1.8000 0.0595 0.5768 0.2751 0.3721
1.8100 0.0583 0.5536 0.2686 0.3718
1.8200 0.0564 0.5302 0.2630 0.3724
1.8300 0.0538 0.5065 0.2583 0.3737
1.8400 0.0505 0.4826 0.2544 0.3758
1.8500 0.0465 0.4584 0.2514 0.3788
1.8600 0.0420 0.4342 0.2492 0.3826
1.8700 0.0369 0.4098 0.2478 0.3872
1.8800 0.0314 0.3853 0.2473 0.3926
1.8900 0.0255 0.3607 0.2476 0.3989
1.9000 0.0194 0.3360 0.2487 0.4061
1.9100 0.0131 0.3114 0.2507 0.4140
1.9200 0.0067 0.2868 0.2534 0.4228
1.9300 0.0004 0.2622 0.2569 0.4324
1.9400 -0.0057 0.2376 0.2612 0.4428
1.9500 -0.0116 0.2132 0.2663 0.4539
1.9600 -0.0172 0.1889 0.2721 0.4657
1.9700 -0.0224 0.1648 0.2788 0.4782
1.9800 -0.0270 0.1409 0.2863 0.4913
1.9900 -0.0311 0.1173 0.2945 0.5050
2.0000 -0.0346 0.0940 0.3035 0.5192
2.0100 -0.0373 0.0709 0.3133 0.5339
2.0200 -0.0394 0.0483 0.3238 0.5489
2.0300 -0.0407 0.0260 0.3351 0.5643
2.0400 -0.0413 0.0043 0.3472 0.5800
2.0500 -0.0411 -0.0170 0.3600 0.5960
2.0600 -0.0402 -0.0377 0.3736 0.6120
2.0700 -0.0385 -0.0577 0.3878 0.6282
2.0800 -0.0361 -0.0771 0.4027 0.6445
2.0900 -0.0331 -0.0958 0.4183 0.6607
2.1000 -0.0294 -0.1137 0.4345 0.6770
2.1100 -0.0252 -0.1308 0.4513 0.6931
2.1200 -0.0204 -0.1469 0.4686 0.7092
2.1300 -0.0152 -0.1621 0.4863 0.7251
2.1400 -0.0097 -0.1763 0.5046 0.7409
2.1500 -0.0038 -0.1895 0.5232 0.7564
2.1600 0.0023 -0.2015 0.5421 0.7718
2.1700 0.0085 -0.2124 0.5613 0.7869
2.1800 0.0148 -0.2220 0.5807 0.8018
2.1900 0.0210 -0.2304 0.6003 0.8164
2.2000 0.0271 -0.2375 0.6199 0.8306
2.2100 0.0330 -0.2433 0.6395 0.8446
2.2200 0.0386 -0.2477 0.6591 0.8582
2.2300 0.0438 -0.2507 0.6785 0.8714
2.2400 0.0485 -0.2522 0.6977 0.8841
2.2500 0.0526 -0.2524 0.7167 0.8965
2.2600 0.0561 -0.2511 0.7354 0.9083
2.2700 0.0589 -0.2483 0.7537 0.9196
2.2800 0.0609 -0.2441 0.7715 0.9303
2.2900 0.0620 -0.2384 0.7889 0.9404
2.3000 0.0622 -0.2313 0.8058 0.9499
2.3100 0.0615 -0.2228 0.8221 0.9586
2.3200 0.0598 -0.2130 0.8378 0.9666
2.3300 0.0571 -0.2017 0.8529 0.9738
2.3400 0.0534 -0.1892 0.8673 0.9802
2.3500 0.0487 -0.1754 0.8810 0.9857
2.3600 0.0430 -0.1603 0.8940 0.9903
2.3700 0.0364 -0.1441 0.9062 0.9941
2.3800 0.0290 -0.1268 0.9178 0.9969
2.3900 0.0207 -0.1083 0.9285 0.9988
2.4000 0.0117 -0.0889 0.9385 0.9997
2.4100 0.0022 -0.0685 0.9477 0.9997
2.4200 -0.0078 -0.0473 0.9561 0.9988
2.4300 -0.0181 -0.0252 0.9637 0.9969
2.4400 -0.0286 -0.0024 0.9705 0.9942
2.4500 -0.0390 0.0211 0.9765 0.9906
2.4600 -0.0492 0.0452 0.9817 0.9861
2.4700 -0.0591 0.0698 0.9861 0.9809
2.4800 -0.0684 0.0949 0.9896 0.9748
2.4900 -0.0770 0.1205 0.9923 0.9679
2.5000 -0.0847 0.1463 0.9941 0.9604
2.5100 -0.0913 0.1725 0.9951 0.9521
2.5200 -0.0968 0.1988 0.9953 0.9432
2.5300 -0.1010 0.2253 0.9945 0.9337
2.5400 -0.1038 0.2518 0.9929 0.9235
2.5500 -0.1052 0.2784 0.9904 0.9127
2.5600 -0.1052 0.3049 0.9870 0.9014
2.5700 -0.1038 0.3314 0.9827 0.8896
2.5800 -0.1011 0.3577 0.9775 0.8772
2.5900 -0.0972 0.3838 0.9714 0.8644
2.6000 -0.0922 0.4097 0.9644 0.8510
2.6100 -0.0863 0.4353 0.9564 0.8372
2.6200 -0.0798 0.4606 0.9476 0.8230
2.6300 -0.0728 0.4855 0.9379 0.8083
2.6400 -0.0657 0.5101 0.9273 0.7933
2.6500 -0.0586 0.5342 0.9158 0.7779
2.6600 -0.0519 0.5579 0.9035 0.7622
2.6700 -0.0458 0.5812 0.8905 0.7462
2.6800 -0.0405 0.6040 0.8766 0.7300
2.6900 -0.0363 0.6262 0.8620 0.7136
2.7000 -0.0334 0.6480 0.8468 0.6970
2.7100 -0.0319 0.6692 0.8308 0.6803
2.7200 -0.0319 0.6898 0.8143 0.6636
2.7300 -0.0334 0.7099 0.7973 0.6469
2.7400 -0.0363 0.7294 0.7797 0.6303
2.7500 -0.0407 0.7482 0.7618 0.6138
2.7600 -0.0462 0.7665 0.7435 0.5975
2.7700 -0.0528 0.7841 0.7248 0.5815
2.7800 -0.0600 0.8011 0.7060 0.5658
2.7900 -0.0674 0.8174 0.6870 0.5505
2.8000 -0.0748 0.8330 0.6678 0.5356
2.8100 -0.0815 0.8480 0.6486 0.5212
2.8200 -0.0870 0.8622 0.6294 0.5073
2.8300 -0.0907 0.8757 0.6103 0.4940
2.8400 -0.0921 0.8884 0.5913 0.4813
2.8500 -0.0906 0.9003 0.5725 0.4692
2.8600 -0.0854 0.9114 0.5540 0.4578
2.8700 -0.0760 0.9218 0.5357 0.4470
2.8800 -0.0620 0.9312 0.5177 0.4369
2.8900 -0.0427 0.9398 0.5000 0.4276
2.9000 -0.0179 0.9475 0.4828 0.4189
2.9100 0.0128 0.9543 0.4659 0.4109
2.9200 0.0493 0.9602 0.4496 0.4037
2.9300 0.0917 0.9652 0.4336 0.3972
2.9400 0.1395 0.9692 0.4182 0.3914
2.9500 0.1922 0.9722 0.4033 0.3863
2.9600 0.2491 0.9742 0.3890 0.3819
2.9700 0.3091 0.9753 0.3752 0.3783
2.9800 0.3710 0.9753 0.3619 0.3754
2.9900 0.4334 0.9744 0.3493 0.3733
3.0000 0.4948 0.9724 0.3372 0.3719
3.0100 0.5533 0.9695 0.3258 0.3713
3.0200 0.6074 0.9655 0.3150 0.3715
3.0300 0.6554 0.9606 0.3048 0.3725
3.0400 0.6958 0.9547 0.2954 0.3743
3.0500 0.7273 0.9478 0.2866 0.3769
3.0600 0.7488 0.9400 0.2785 0.3804
3.0700 0.7597 0.9313 0.2711 0.3848
3.0800 0.7596 0.9217 0.2645 0.3900
3.0900 0.7485 0.9112 0.2587 0.3961
3.1000 0.7268 0.8998 0.2537 0.4030
3.1100 0.6955 0.8876 0.2496 0.4108
3.1200 0.6555 0.8747 0.2462 0.4195
3.1300 0.6083 0.8610 0.2438 0.4289
3.1400 0.5554 0.8466 0.2423 0.4392
3.1500 0.4984 0.8316 0.2417 0.4502
3.1600 0.4391 0.8159 0.2421 0.4619
3.1700 0.3790 0.7997 0.2434 0.4743
3.1800 0.3196 0.7829 0.2457 0.4874
3.1900 0.2622 0.7657 0.2490 0.5010
3.2000 0.2076 0.7480 0.2533 0.5151
3.2100 0.1568 0.7299 0.2587 0.5296
3.2200 0.1101 0.7114 0.2650 0.5446
3.2300 0.0678 0.6926 0.2723 0.5599
3.2400 0.0299 0.6735 0.2807 0.5755
3.2500 -0.0038 0.6542 0.2900 0.5913
3.2600 -0.0336 0.6346 0.3002 0.6073
3.2700 -0.0600 0.6149 0.3113 0.6234
3.2800 -0.0834 0.5950 0.3234 0.6396
3.2900 -0.1044 0.5750 0.3363 0.6558
3.3000 -0.1232 0.5549 0.3499 0.6720
3.3100 -0.1404 0.5348 0.3644 0.6882
3.3200 -0.1561 0.5146 0.3795 0.7042
3.3300 -0.1706 0.4943 0.3953 0.7202
3.3400 -0.1840 0.4740 0.4117 0.7360
3.3500 -0.1962 0.4537 0.4285 0.7517
3.3600 -0.2072 0.4335 0.4459 0.7672
3.3700 -0.2169 0.4132 0.4637 0.7824
3.3800 -0.2251 0.3930 0.4818 0.7975
3.3900 -0.2316 0.3727 0.5002 0.8122
3.4000 -0.2364 0.3526 0.5188 0.8267
3.4100 -0.2392 0.3325 0.5376 0.8409
3.4200 -0.2400 0.3124 0.5565 0.8547
3.4300 -0.2388 0.2924 0.5754 0.8681
3.4400 -0.2356 0.2725 0.5944 0.8811
3.4500 -0.2305 0.2527 0.6133 0.8936
3.4600 -0.2235 0.2329 0.6321 0.9057
3.4700 -0.2150 0.2133 0.6508 0.9172
3.4800 -0.2051 0.1938 0.6693 0.9281
3.4900 -0.1942 0.1745 0.6876 0.9384
3.5000 -0.1826 0.1553 0.7056 0.9480
3.5100 -0.1705 0.1363 0.7234 0.9569
3.5200 -0.1584 0.1175 0.7409 0.9650
3.5300 -0.1465 0.0989 0.7580 0.9724
3.5400 -0.1352 0.0806 0.7748 0.9789
3.5500 -0.1247 0.0625 0.7912 0.9845
3.5600 -0.1152 0.0448 0.8072 0.9892
3.5700 -0.1070 0.0275 0.8227 0.9931
3.5800 -0.1003 0.0105 0.8378 0.9960
3.5900 -0.0950 -0.0061 0.8524 0.9980
3.6000 -0.0913 -0.0221 0.8666 0.9991
3.6100 -0.0892 -0.0377 0.8801 0.9993
3.6200 -0.0885 -0.0527 0.8931 0.9986
3.6300 -0.0894 -0.0671 0.9055 0.9970
3.6400 -0.0915 -0.0809 0.9173 0.9945
3.6500 -0.0948 -0.0940 0.9285 0.9911
3.6600 -0.0991 -0.1063 0.9389 0.9869
3.6700 -0.1042 -0.1179 0.9487 0.9820
3.6800 -0.1099 -0.1286 0.9576 0.9762
3.6900 -0.1160 -0.1384 0.9658 0.9697
3.7000 -0.1223 -0.1473 0.9732 0.9625
3.7100 -0.1286 -0.1552 0.9797 0.9546
3.7200 -0.1347 -0.1621 0.9854 0.9461
3.7300 -0.1405 -0.1679 0.9901 0.9368
3.7400 -0.1457 -0.1727 0.9939 0.9270
3.7500 -0.1503 -0.1763 0.9967 0.9166
3.7600 -0.1541 -0.1787 0.9985 0.9055
3.7700 -0.1570 -0.1799 0.9994 0.8940
3.7800 -0.1590 -0.1799 0.9992 0.8818
3.7900 -0.1600 -0.1786 0.9980 0.8691
3.8000 -0.1600 -0.1761 0.9958 0.8559
3.8100 -0.1589 -0.1724 0.9925 0.8423
3.8200 -0.1568 -0.1673 0.9882 0.8281
3.8300 -0.1537 -0.1610 0.9829 0.8135
3.8400 -0.1496 -0.1535 0.9767 0.7985
3.8500 -0.1445 -0.1447 0.9694 0.7830
3.8600 -0.1384 -0.1346 0.9612 0.7673
3.8700 -0.1316 -0.1234 0.9521 0.7512
3.8800 -0.1239 -0.1110 0.9421 0.7349
3.8900 -0.1155 -0.0974 0.9313 0.7183
3.9000 -0.1064 -0.0828 0.9197 0.7016
3.9100 -0.0967 -0.0671 0.9073 0.6848
3.9200 -0.0865 -0.0504 0.8943 0.6680
3.9300 -0.0759 -0.0327 0.8805 0.6511
3.9400 -0.0649 -0.0141 0.8662 0.6344
3.9500 -0.0536 0.0054 0.8513 0.6178
3.9600 -0.0421 0.0256 0.8359 0.6014
3.9700 -0.0305 0.0466 0.8200 0.5853
3.9800 -0.0187 0.0683 0.8037 0.5696
3.9900 -0.0071 0.0906 0.7871 0.5542
4.0000 0.0045 0.1135 0.7701 0.5393
4.0100 0.0160 0.1368 0.7529 0.5248
4.0200 0.0271 0.1607 0.7354 0.5109
4.0300 0.0379 0.1849 0.7178 0.4975
4.0400 0.0483 0.2095 0.6999 0.4847
4.0500 0.0582 0.2344 0.6820 0.4726
4.0600 0.0675 0.2595 0.6639 0.4611
4.0700 0.0761 0.2847 0.6458 0.4502
4.0800 0.0840 0.3101 0.6277 0.4400
4.0900 0.0911 0.3356 0.6095 0.4305
4.1000 0.0973 0.3611 0.5914 0.4216
4.1100 0.1025 0.3867 0.5733 0.4135
4.1200 0.1067 0.4121 0.5554 0.4060
4.1300 0.1098 0.4375 0.5375 0.3992
4.1400 0.1118 0.4627 0.5197 0.3932
4.1500 0.1126 0.4877 0.5021 0.3878
4.1600 0.1123 0.5125 0.4847 0.3831
4.1700 0.1109 0.5371 0.4676 0.3792
4.1800 0.1083 0.5613 0.4507 0.3760
4.1900 0.1045 0.5853 0.4341 0.3736
4.2000 0.0997 0.6089 0.4179 0.3719
4.2100 0.0939 0.6321 0.4021 0.3710
4.2200 0.0872 0.6548 0.3867 0.3709
4.2300 0.0796 0.6772 0.3718 0.3716
4.2400 0.0713 0.6990 0.3574 0.3732
4.2500 0.0624 0.7203 0.3436 0.3756
4.2600 0.0531 0.7411 0.3304 0.3789
4.2700 0.0434 0.7614 0.3179 0.3830
4.2800 0.0336 0.7810 0.3061 0.3881
4.2900 0.0239 0.7999 0.2951 0.3940
4.3000 0.0144 0.8183 0.2849 0.4008
4.3100 0.0052 0.8359 0.2755 0.4084
4.3200 -0.0035 0.8528 0.2671 0.4169
4.3300 -0.0114 0.8689 0.2597 0.4262
4.3400 -0.0186 0.8842 0.2532 0.4364
4.3500 -0.0248 0.8987 0.2477 0.4472
4.3600 -0.0301 0.9124 0.2432 0.4588
4.3700 -0.0342 0.9251 0.2398 0.4711
4.3800 -0.0372 0.9369 0.2375 0.4839
4.3900 -0.0391 0.9478 0.2363 0.4974
4.4000 -0.0398 0.9576 0.2361 0.5113
4.4100 -0.0395 0.9665 0.2370 0.5258
4.4200 -0.0382 0.9742 0.2390 0.5406
4.4300 -0.0361 0.9809 0.2420 0.5557
4.4400 -0.0333 0.9864 0.2461 0.5711
4.4500 -0.0299 0.9908 0.2512 0.5868
4.4600 -0.0262 0.9940 0.2573 0.6026
4.4700 -0.0222 0.9961 0.2643 0.6186
4.4800 -0.0183 0.9969 0.2723 0.6347
4.4900 -0.0145 0.9965 0.2811 0.6508
4.5000 -0.0111 0.9949 0.2907 0.6670
4.5100 -0.0080 0.9920 0.3012 0.6831
4.5200 -0.0055 0.9879 0.3124 0.6992
4.5300 -0.0035 0.9826 0.3243 0.7152
4.5400 -0.0021 0.9760 0.3368 0.7311
4.5500 -0.0012 0.9683 0.3500 0.7469
4.5600 -0.0007 0.9593 0.3638 0.7625
4.5700 -0.0006 0.9491 0.3780 0.7779
4.5800 -0.0007 0.9378 0.3928 0.7931
4.5900 -0.0009 0.9253 0.4080 0.8081
4.6000 -0.0011 0.9118 0.4237 0.8228
4.6100 -0.0011 0.8972 0.4397 0.8372
4.6200 -0.0008 0.8816 0.4560 0.8512
4.6300 -0.0000 0.8650 0.4727 0.8649
4.6400 0.0011 0.8475 0.4896 0.8781
4.6500 0.0028 0.8291 0.5068 0.8909
4.6600 0.0050 0.8099 0.5242 0.9032
4.6700 0.0077 0.7899 0.5418 0.9149
4.6800 0.0108 0.7692 0.5596 0.9259
4.6900 0.0142 0.7479 0.5776 0.9364
4.7000 0.0179 0.7260 0.5957 0.9461
4.7100 0.0218 0.7035 0.6138 0.9551
4.7200 0.0258 0.6806 0.6320 0.9634
4.7300 0.0298 0.6573 0.6503 0.9708
4.7400 0.0338 0.6337 0.6685 0.9774
4.7500 0.0377 0.6098 0.6868 0.9831
4.7600 0.0415 0.5857 0.7049 0.9879
4.7700 0.0452 0.5614 0.7229 0.9919
4.7800 0.0487 0.5371 0.7408 0.9949
4.7900 0.0522 0.5127 0.7585 0.9970
4.8000 0.0555 0.4883 0.7759 0.9982
4.8100 0.0588 0.4639 0.7930 0.9985
4.8200 0.0621 0.4397 0.8097 0.9980
4.8300 0.0653 0.4157 0.8261 0.9965
4.8400 0.0685 0.3918 0.8420 0.9942
4.8500 0.0717 0.3682 0.8574 0.9911
4.8600 0.0748 0.3448 0.8723 0.9872
4.8700 0.0780 0.3218 0.8865 0.9825
4.8800 0.0811 0.2990 0.9000 0.9771
4.8900 0.0841 0.2767 0.9129 0.9709
4.9000 0.0870 0.2547 0.9249 0.9641
4.9100 0.0899 0.2330 0.9362 0.9565
4.9200 0.0926 0.2119 0.9466 0.9483
4.9300 0.0953 0.1911 0.9561 0.9394
4.9400 0.0978 0.1708 0.9648 0.9299
4.9500 0.1003 0.1509 0.9724 0.9198
4.9600 0.1027 0.1315 0.9791 0.9090
4.9700 0.1050 0.1125 0.9848 0.8977
4.9800 0.1074 0.0941 0.9895 0.8858
4.9900 0.1099 0.0762 0.9932 0.8733
5.0000 0.1125 0.0587 0.9959 0.8603
5.0100 0.1153 0.0418 0.9976 0.8468
5.0200 0.1184 0.0255 0.9983 0.8327
5.0300 0.1218 0.0096 0.9980 0.8182
5.0400 0.1256 -0.0056 0.9967 0.8032
5.0500 0.1299 -0.0203 0.9944 0.7878
5.0600 0.1346 -0.0343 0.9912 0.7720
5.0700 0.1399 -0.0478 0.9871 0.7560
5.0800 0.1457 -0.0606 0.9821 0.7396
5.0900 0.1521 -0.0727 0.9763 0.7230
5.1000 0.1592 -0.0842 0.9696 0.7062
5.1100 0.1668 -0.0949 0.9621 0.6894
5.1200 0.1750 -0.1049 0.9538 0.6725
5.1300 0.1839 -0.1141 0.9448 0.6556
5.1400 0.1932 -0.1226 0.9351 0.6388
5.1500 0.2031 -0.1302 0.9246 0.6222
5.1600 0.2135 -0.1370 0.9135 0.6058
5.1700 0.2243 -0.1429 0.9017 0.5896
5.1800 0.2354 -0.1479 0.8894 0.5738
5.1900 0.2468 -0.1520 0.8764 0.5584
5.2000 0.2585 -0.1552 0.8628 0.5434
5.2100 0.2702 -0.1574 0.8487 0.5289
5.2200 0.2820 -0.1586 0.8341 0.5149
5.2300 0.2937 -0.1589 0.8189 0.5015
5.2400 0.3052 -0.1581 0.8032 0.4886
5.2500 0.3165 -0.1562 0.7871 0.4764
5.2600 0.3274 -0.1533 0.7705 0.4647
5.2700 0.3378 -0.1494 0.7535 0.4537
5.2800 0.3476 -0.1444 0.7361 0.4434
5.2900 0.3566 -0.1383 0.7184 0.4337
5.3000 0.3648 -0.1312 0.7003 0.4246
5.3100 0.3721 -0.1229 0.6819 0.4162
5.3200 0.3782 -0.1136 0.6633 0.4085
5.3300 0.3832 -0.1033 0.6445 0.4015
5.3400 0.3868 -0.0919 0.6255 0.3951
5.3500 0.3890 -0.0795 0.6063 0.3895
5.3600 0.3898 -0.0660 0.5871 0.3845
5.3700 0.3889 -0.0516 0.5679 0.3803
5.3800 0.3864 -0.0363 0.5488 0.3768
5.3900 0.3822 -0.0201 0.5297 0.3741
5.4000 0.3762 -0.0029 0.5108 0.3722
5.4100 0.3684 0.0150 0.4921 0.3710
5.4200 0.3588 0.0338 0.4738 0.3707
5.4300 0.3475 0.0532 0.4557 0.3712
5.4400 0.3345 0.0734 0.4381 0.3725
5.4500 0.3198 0.0941 0.4210 0.3747
5.4600 0.3036 0.1155 0.4044 0.3779
5.4700 0.2860 0.1374 0.3884 0.3818
5.4800 0.2671 0.1597 0.3731 0.3867
5.4900 0.2472 0.1824 0.3584 0.3925
5.5000 0.2264 0.2054 0.3446 0.3991
5.5100 0.2049 0.2288 0.3315 0.4066
5.5200 0.1830 0.2523 0.3193 0.4150
5.5300 0.1610 0.2760 0.3079 0.4242
5.5400 0.1390 0.2998 0.2974 0.4341
5.5500 0.1174 0.3237 0.2879 0.4448
5.5600 0.0964 0.3476 0.2793 0.4562
5.5700 0.0762 0.3714 0.2716 0.4683
5.5800 0.0571 0.3952 0.2649 0.4809
5.5900 0.0392 0.4188 0.2592 0.4942
5.6000 0.0228 0.4423 0.2545 0.5079
5.6100 0.0080 0.4655 0.2506 0.5221
5.6200 -0.0052 0.4885 0.2478 0.5366
5.6300 -0.0168 0.5113 0.2459 0.5515
5.6400 -0.0267 0.5338 0.2449 0.5667
5.6500 -0.0350 0.5559 0.2448 0.5822
5.6600 -0.0419 0.5777 0.2455 0.5978
5.6700 -0.0475 0.5991 0.2472 0.6136
5.6800 -0.0520 0.6202 0.2497 0.6295
5.6900 -0.0558 0.6409 0.2530 0.6455
5.7000 -0.0590 0.6611 0.2572 0.6616
5.7100 -0.0621 0.6809 0.2621 0.6777
5.7200 -0.0654 0.7003 0.2678 0.6937
5.7300 -0.0692 0.7192 0.2743 0.7097
5.7400 -0.0739 0.7376 0.2815 0.7257
5.7500 -0.0798 0.7556 0.2894 0.7416
5.7600 -0.0871 0.7730 0.2981 0.7573
5.7700 -0.0960 0.7899 0.3074 0.7729
5.7800 -0.1069 0.8063 0.3175 0.7883
5.7900 -0.1197 0.8222 0.3282 0.8035
5.8000 -0.1344 0.8375 0.3396 0.8184
5.8100 -0.1512 0.8522 0.3516 0.8330
5.8200 -0.1697 0.8663 0.3643 0.8473
5.8300 -0.1898 0.8798 0.3776 0.8612
5.8400 -0.2113 0.8927 0.3916 0.8747
5.8500 -0.2337 0.9049 0.4061 0.8877
5.8600 -0.2565 0.9164 0.4213 0.9002
5.8700 -0.2794 0.9272 0.4370 0.9121
5.8800 -0.3017 0.9373 0.4532 0.9234
5.8900 -0.3229 0.9466 0.4699 0.9340
5.9000 -0.3423 0.9551 0.4871 0.9439
5.9100 -0.3594 0.9628 0.5048 0.9531
5.9200 -0.3734 0.9696 0.5228 0.9614
5.9300 -0.3838 0.9756 0.5412 0.9689
5.9400 -0.3901 0.9807 0.5599 0.9756
5.9500 -0.3917 0.9849 0.5789 0.9814
5.9600 -0.3881 0.9881 0.5980 0.9863
5.9700 -0.3791 0.9903 0.6173 0.9904
5.9800 -0.3642 0.9915 0.6367 0.9935
5.9900 -0.3435 0.9917 0.6561 0.9957
6.0000 -0.3168 0.9908 0.6754 0.9971
6.0100 -0.2844 0.9888 0.6946 0.9975
6.0200 -0.2466 0.9858 0.7137 0.9971
6.0300 -0.2039 0.9816 0.7325 0.9959
6.0400 -0.1571 0.9764 0.7510 0.9938
6.0500 -0.1069 0.9700 0.7691 0.9910
6.0600 -0.0545 0.9626 0.7868 0.9873
6.0700 -0.0010 0.9540 0.8041 0.9829
6.0800 0.0523 0.9443 0.8207 0.9778
6.0900 0.1040 0.9335 0.8368 0.9719
6.1000 0.1529 0.9216 0.8523 0.9654
6.1100 0.1977 0.9087 0.8671 0.9581
6.1200 0.2371 0.8947 0.8812 0.9502
6.1300 0.2703 0.8797 0.8945 0.9417
6.1400 0.2964 0.8638 0.9070 0.9325
6.1500 0.3150 0.8469 0.9188 0.9227
6.1600 0.3259 0.8291 0.9297 0.9122
6.1700 0.3292 0.8104 0.9398 0.9011
6.1800 0.3253 0.7909 0.9491 0.8895
6.1900 0.3150 0.7706 0.9575 0.8772
6.2000 0.2991 0.7496 0.9650 0.8644
6.2100 0.2787 0.7279 0.9717 0.8510
6.2200 0.2549 0.7056 0.9775 0.8370
6.2300 0.2290 0.6827 0.9824 0.8226
6.2400 0.2021 0.6592 0.9865 0.8077
6.2500 0.1752 0.6353 0.9897 0.7924
6.2600 0.1492 0.6110 0.9921 0.7767
6.2700 0.1247 0.5864 0.9936 0.7607
6.2800 0.1022 0.5614 0.9942 0.7443
6.2900 0.0818 0.5362 0.9940 0.7278
6.3000 0.0636 0.5108 0.9930 0.7110
6.3100 0.0473 0.4853 0.9911 0.6942
6.3200 0.0324 0.4596 0.9883 0.6773
6.3300 0.0187 0.4340 0.9847 0.6605
6.3400 0.0054 0.4083 0.9803 0.6437
6.3500 -0.0078 0.3827 0.9751 0.6271
6.3600 -0.0214 0.3572 0.9690 0.6107
6.3700 -0.0358 0.3319 0.9620 0.5945
6.3800 -0.0511 0.3067 0.9542 0.5787
6.3900 -0.0675 0.2818 0.9456 0.5633
6.4000 -0.0848 0.2571 0.9362 0.5483
6.4100 -0.1028 0.2327 0.9259 0.5338
6.4200 -0.1212 0.2086 0.9148 0.5197
6.4300 -0.1395 0.1849 0.9029 0.5062
6.4400 -0.1571 0.1616 0.8903 0.4932
6.4500 -0.1736 0.1387 0.8769 0.4808
6.4600 -0.1884 0.1163 0.8628 0.4690
6.4700 -0.2010 0.0943 0.8479 0.4578
6.4800 -0.2109 0.0727 0.8324 0.4472
6.4900 -0.2178 0.0517 0.8163 0.4373
6.5000 -0.2216 0.0312 0.7996 0.4280
6.5100 -0.2220 0.0113 0.7823 0.4193
6.5200 -0.2193 -0.0081 0.7646 0.4113
6.5300 -0.2135 -0.0269 0.7464 0.4039
6.5400 -0.2049 -0.0451 0.7279 0.3973
6.5500 -0.1939 -0.0627 0.7090 0.3913
6.5600 -0.1811 -0.0796 0.6899 0.3860
6.5700 -0.1669 -0.0958 0.6706 0.3815
6.5800 -0.1519 -0.1113 0.6512 0.3777
6.5900 -0.1368 -0.1260 0.6317 0.3747
6.6000 -0.1220 -0.1400 0.6122 0.3725
6.6100 -0.1082 -0.1532 0.5928 0.3711
6.6200 -0.0959 -0.1655 0.5735 0.3705
6.6300 -0.0854 -0.1770 0.5544 0.3708
6.6400 -0.0772 -0.1876 0.5356 0.3720
6.6500 -0.0715 -0.1972 0.5171 0.3740
6.6600 -0.0685 -0.2058 0.4990 0.3770
6.6700 -0.0683 -0.2134 0.4812 0.3808
6.6800 -0.0708 -0.2200 0.4640 0.3855
6.6900 -0.0760 -0.2254 0.4472 0.3912
6.7000 -0.0837 -0.2298 0.4309 0.3977
6.7100 -0.0936 -0.2330 0.4153 0.4051
6.7200 -0.1055 -0.2350 0.4002 0.4133
6.7300 -0.1191 -0.2358 0.3857 0.4223
6.7400 -0.1339 -0.2354 0.3719 0.4320
6.7500 -0.1496 -0.2337 0.3588 0.4425
6.7600 -0.1658 -0.2308 0.3463 0.4537
6.7700 -0.1822 -0.2266 0.3345 0.4656
6.7800 -0.1983 -0.2210 0.3234 0.4780
6.7900 -0.2139 -0.2142 0.3131 0.4910
6.8000 -0.2286 -0.2061 0.3034 0.5044
6.8100 -0.2421 -0.1967 0.2944 0.5183
6.8200 -0.2543 -0.1860 0.2862 0.5326
6.8300 -0.2649 -0.1741 0.2788 0.5472
6.8400 -0.2739 -0.1609 0.2720 0.5621
6.8500 -0.2810 -0.1464 0.2660 0.5773
6.8600 -0.2862 -0.1308 0.2608 0.5927
6.8700 -0.2896 -0.1140 0.2564 0.6083
6.8800 -0.2910 -0.0960 0.2527 0.6240
6.8900 -0.2905 -0.0770 0.2499 0.6398
6.9000 -0.2883 -0.0569 0.2479 0.6558
6.9100 -0.2842 -0.0358 0.2466 0.6717
6.9200 -0.2786 -0.0138 0.2463 0.6878
6.9300 -0.2713 0.0092 0.2468 0.7038
6.9400 -0.2627 0.0329 0.2481 0.7198
6.9500 -0.2527 0.0574 0.2504 0.7357
6.9600 -0.2414 0.0826 0.2535 0.7516
6.9700 -0.2291 0.1084 0.2576 0.7673
6.9800 -0.2158 0.1348 0.2626 0.7829
6.9900 -0.2016 0.1616 0.2685 0.7983
7.0000 -0.1866 0.1889 0.2753 0.8135
7.0100 -0.1709 0.2164 0.2831 0.8283
7.0200 -0.1547 0.2442 0.2918 0.8429
7.0300 -0.1379 0.2722 0.3014 0.8571
7.0400 -0.1208 0.3003 0.3119 0.8708
7.0500 -0.1033 0.3284 0.3233 0.8841
7.0600 -0.0856 0.3564 0.3355 0.8968
7.0700 -0.0677 0.3843 0.3486 0.9089
7.0800 -0.0498 0.4120 0.3625 0.9204
7.0900 -0.0319 0.4395 0.3771 0.9312
7.1000 -0.0140 0.4666 0.3925 0.9413
7.1100 0.0036 0.4934 0.4085 0.9506
7.1200 0.0210 0.5197 0.4251 0.9591
7.1300 0.0379 0.5455 0.4422 0.9668
7.1400 0.0544 0.5708 0.4599 0.9736
7.1500 0.0702 0.5956 0.4780 0.9796
7.1600 0.0853 0.6197 0.4965 0.9847
7.1700 0.0996 0.6432 0.5152 0.9888
7.1800 0.1129 0.6660 0.5342 0.9921
7.1900 0.1251 0.6881 0.5534 0.9945
7.2000 0.1361 0.7094 0.5727 0.9960
7.2100 0.1458 0.7301 0.5921 0.9967
7.2200 0.1541 0.7499 0.6114 0.9965
7.2300 0.1608 0.7690 0.6307 0.9955
7.2400 0.1659 0.7873 0.6498 0.9937
7.2500 0.1693 0.8048 0.6688 0.9911
7.2600 0.1710 0.8215 0.6875 0.9878
7.2700 0.1709 0.8374 0.7060 0.9837
7.2800 0.1690 0.8525 0.7241 0.9788
7.2900 0.1654 0.8668 0.7419 0.9733
7.3000 0.1601 0.8802 0.7593 0.9670
7.3100 0.1531 0.8928 0.7763 0.9601
7.3200 0.1446 0.9046 0.7928 0.9525
7.3300 0.1347 0.9155 0.8088 0.9442
7.3400 0.1236 0.9256 0.8244 0.9353
7.3500 0.1115 0.9349 0.8394 0.9257
7.3600 0.0985 0.9433 0.8539 0.9155
7.3700 0.0849 0.9509 0.8678 0.9046
7.3800 0.0710 0.9576 0.8811 0.8932
7.3900 0.0570 0.9634 0.8938 0.8811
7.4000 0.0432 0.9684 0.9059 0.8684
7.4100 0.0298 0.9725 0.9173 0.8551
7.4200 0.0171 0.9757 0.9281 0.8414
7.4300 0.0054 0.9780 0.9381 0.8270
7.4400 -0.0052 0.9795 0.9475 0.8122
7.4500 -0.0144 0.9800 0.9562 0.7970
7.4600 -0.0221 0.9796 0.9641 0.7814
7.4700 -0.0281 0.9784 0.9712 0.7654
7.4800 -0.0323 0.9762 0.9775 0.7492
7.4900 -0.0348 0.9731 0.9830 0.7327
7.5000 -0.0354 0.9690 0.9877 0.7160
7.5100 -0.0342 0.9641 0.9915 0.6993
7.5200 -0.0314 0.9582 0.9943 0.6825
7.5300 -0.0270 0.9514 0.9963 0.6657
7.5400 -0.0212 0.9437 0.9973 0.6490
7.5500 -0.0142 0.9351 0.9974 0.6324
7.5600 -0.0062 0.9255 0.9965 0.6161
7.5700 0.0026 0.9151 0.9946 0.6000
7.5800 0.0119 0.9038 0.9917 0.5842
7.5900 0.0215 0.8916 0.9879 0.5688
7.6000 0.0313 0.8786 0.9830 0.5538
7.6100 0.0410 0.8648 0.9771 0.5392
7.6200 0.0504 0.8502 0.9703 0.5251
7.6300 0.0594 0.8348 0.9625 0.5114
7.6400 0.0680 0.8187 0.9537 0.4983
7.6500 0.0760 0.8020 0.9441 0.4858
7.6600 0.0834 0.7845 0.9335 0.4738
7.6700 0.0901 0.7664 0.9221 0.4623
7.6800 0.0962 0.7478 0.9099 0.4515
7.6900 0.1016 0.7286 0.8968 0.4412
7.7000 0.1063 0.7090 0.8831 0.4316
7.7100 0.1103 0.6889 0.8687 0.4225
7.7200 0.1137 0.6684 0.8536 0.4142
7.7300 0.1162 0.6476 0.8380 0.4065
7.7400 0.1181 0.6265 0.8219 0.3994
7.7500 0.1191 0.6051 0.8053 0.3931
7.7600 0.1192 0.5835 0.7882 0.3874
7.7700 0.1184 0.5618 0.7709 0.3826
7.7800 0.1166 0.5400 0.7532 0.3785
7.7900 0.1138 0.5181 0.7353 0.3751
7.8000 0.1101 0.4962 0.7172 0.3726
7.8100 0.1053 0.4743 0.6990 0.3710
7.8200 0.0995 0.4524 0.6806 0.3702
7.8300 0.0929 0.4307 0.6622 0.3702
7.8400 0.0855 0.4090 0.6438 0.3712
7.8500 0.0774 0.3876 0.6255 0.3731
7.8600 0.0688 0.3663 0.6071 0.3759
7.8700 0.0598 0.3452 0.5889 0.3796
7.8800 0.0505 0.3244 0.5709 0.3842
7.8900 0.0413 0.3038 0.5530 0.3897
7.9000 0.0322 0.2835 0.5352 0.3960
7.9100 0.0234 0.2636 0.5177 0.4033
7.9200 0.0150 0.2439 0.5005 0.4113
7.9300 0.0072 0.2245 0.4835 0.4202
7.9400 0.0001 0.2055 0.4667 0.4298
7.9500 -0.0062 0.1869 0.4504 0.4401
7.9600 -0.0116 0.1686 0.4343 0.4511
7.9700 -0.0162 0.1507 0.4186 0.4627
7.9800 -0.0197 0.1332 0.4034 0.4748
7.9900 -0.0223 0.1161 0.3885 0.4875
8.0000 -0.0238 0.0993 0.3742 0.5007
8.0100 -0.0242 0.0829 0.3603 0.5143
8.0200 -0.0235 0.0670 0.3469 0.5283
8.0300 -0.0217 0.0514 0.3342 0.5426
8.0400 -0.0187 0.0363 0.3220 0.5573
8.0500 -0.0146 0.0216 0.3105 0.5722
8.0600 -0.0094 0.0073 0.2996 0.5873
8.0700 -0.0029 -0.0066 0.2895 0.6027
8.0800 0.0047 -0.0200 0.2801 0.6182
8.0900 0.0134 -0.0330 0.2716 0.6339
8.1000 0.0233 -0.0455 0.2639 0.6497
8.1100 0.0344 -0.0575 0.2571 0.6656
8.1200 0.0466 -0.0690 0.2513 0.6816
8.1300 0.0598 -0.0799 0.2463 0.6976
8.1400 0.0741 -0.0903 0.2424 0.7136
8.1500 0.0893 -0.1001 0.2395 0.7297
8.1600 0.1054 -0.1093 0.2376 0.7456
8.1700 0.1223 -0.1178 0.2368 0.7615
8.1800 0.1399 -0.1257 0.2371 0.7773
8.1900 0.1581 -0.1328 0.2384 0.7929
8.2000 0.1768 -0.1392 0.2408 0.8082
8.2100 0.1958 -0.1447 0.2443 0.8233
8.2200 0.2152 -0.1495 0.2488 0.8381
8.2300 0.2346 -0.1533 0.2544 0.8526
8.2400 0.2541 -0.1562 0.2609 0.8665
8.2500 0.2735 -0.1582 0.2685 0.8801
8.2600 0.2927 -0.1592 0.2771 0.8930
8.2700 0.3115 -0.1591 0.2865 0.9054
8.2800 0.3298 -0.1580 0.2969 0.9171
8.2900 0.3476 -0.1558 0.3081 0.9282
8.3000 0.3647 -0.1525 0.3201 0.9385
8.3100 0.3810 -0.1480 0.3328 0.9480
8.3200 0.3964 -0.1424 0.3463 0.9567
8.3300 0.4108 -0.1356 0.3604 0.9646
8.3400 0.4242 -0.1276 0.3750 0.9716
8.3500 0.4364 -0.1185 0.3902 0.9778
8.3600 0.4473 -0.1081 0.4060 0.9830
8.3700 0.4570 -0.0966 0.4221 0.9874
8.3800 0.4652 -0.0840 0.4386 0.9910
8.3900 0.4719 -0.0702 0.4555 0.9936
8.4000 0.4772 -0.0552 0.4727 0.9954
8.4100 0.4808 -0.0392 0.4901 0.9963
8.4200 0.4828 -0.0221 0.5077 0.9964
8.4300 0.4831 -0.0040 0.5255 0.9957
8.4400 0.4817 0.0151 0.5435 0.9942
8.4500 0.4785 0.0352 0.5616 0.9919
8.4600 0.4736 0.0561 0.5797 0.9889
8.4700 0.4669 0.0779 0.5979 0.9851
8.4800 0.4585 0.1004 0.6160 0.9806
8.4900 0.4483 0.1237 0.6342 0.9753
8.5000 0.4365 0.1477 0.6523 0.9694
8.5100 0.4231 0.1722 0.6704 0.9627
8.5200 0.4082 0.1973 0.6883 0.9554
8.5300 0.3918 0.2229 0.7062 0.9473
8.5400 0.3742 0.2489 0.7238 0.9386
8.5500 0.3554 0.2752 0.7413 0.9293
8.5600 0.3357 0.3017 0.7585 0.9192
8.5700 0.3152 0.3285 0.7755 0.9085
8.5800 0.2941 0.3554 0.7922 0.8972
8.5900 0.2727 0.3824 0.8086 0.8852
8.6000 0.2510 0.4093 0.8246 0.8726
8.6100 0.2295 0.4362 0.8401 0.8594
8.6200 0.2082 0.4629 0.8553 0.8457
8.6300 0.1874 0.4894 0.8699 0.8315
8.6400 0.1672 0.5157 0.8839 0.8167
8.6500 0.1479 0.5416 0.8974 0.8016
8.6600 0.1296 0.5672 0.9102 0.7860
8.6700 0.1124 0.5924 0.9223 0.7701
8.6800 0.0964 0.6170 0.9337 0.7539
8.6900 0.0816 0.6412 0.9443 0.7375
8.7000 0.0681 0.6648 0.9541 0.7209
8.7100 0.0558 0.6878 0.9630 0.7043
8.7200 0.0445 0.7101 0.9710 0.6876
8.7300 0.0343 0.7318 0.9781 0.6709
8.7400 0.0248 0.7528 0.9842 0.6543
8.7500 0.0159 0.7730 0.9893 0.6378
8.7600 0.0073 0.7925 0.9934 0.6216
8.7700 -0.0012 0.8112 0.9965 0.6055
8.7800 -0.0099 0.8290 0.9986 0.5898
8.7900 -0.0192 0.8461 0.9997 0.5744
8.8000 -0.0293 0.8623 0.9997 0.5594
8.8100 -0.0405 0.8776 0.9986 0.5447
8.8200 -0.0530 0.8921 0.9966 0.5305
8.8300 -0.0671 0.9056 0.9936 0.5168
8.8400 -0.0829 0.9182 0.9896 0.5035
8.8500 -0.1006 0.9299 0.9846 0.4908
8.8600 -0.1201 0.9406 0.9787 0.4785
8.8700 -0.1416 0.9503 0.9719 0.4668
8.8800 -0.1650 0.9591 0.9642 0.4557
8.8900 -0.1900 0.9668 0.9557 0.4451
8.9000 -0.2164 0.9736 0.9464 0.4351
8.9100 -0.2441 0.9793 0.9363 0.4257
8.9200 -0.2727 0.9839 0.9255 0.4169
8.9300 -0.3018 0.9875 0.9140 0.4088
8.9400 -0.3309 0.9900 0.9019 0.4014
8.9500 -0.3597 0.9914 0.8891 0.3946
8.9600 -0.3875 0.9917 0.8758 0.3886
8.9700 -0.4141 0.9910 0.8619 0.3834
8.9800 -0.4388 0.9890 0.8475 0.3789
8.9900 -0.4611 0.9860 0.8327 0.3752
9.0000 -0.4807 0.9818 0.8173 0.3724
9.0100 -0.4970 0.9765 0.8016 0.3705
9.0200 -0.5096 0.9701 0.7854 0.3694
9.0300 -0.5182 0.9625 0.7689 0.3693
9.0400 -0.5225 0.9538 0.7520 0.3701
9.0500 -0.5221 0.9440 0.7348 0.3718
9.0600 -0.5168 0.9331 0.7173 0.3744
9.0700 -0.5065 0.9211 0.6995 0.3779
9.0800 -0.4913 0.9080 0.6815 0.3824
9.0900 -0.4710 0.8938 0.6633 0.3878
9.1000 -0.4460 0.8787 0.6449 0.3940
9.1100 -0.4165 0.8625 0.6264 0.4011
9.1200 -0.3829 0.8454 0.6077 0.4090
9.1300 -0.3458 0.8273 0.5890 0.4177
9.1400 -0.3057 0.8083 0.5702 0.4272
9.1500 -0.2634 0.7885 0.5515 0.4373
9.1600 -0.2199 0.7679 0.5328 0.4481
9.1700 -0.1758 0.7466 0.5143 0.4595
9.1800 -0.1323 0.7246 0.4959 0.4714
9.1900 -0.0900 0.7019 0.4777 0.4839
9.2000 -0.0499 0.6787 0.4598 0.4968
9.2100 -0.0127 0.6549 0.4422 0.5102
9.2200 0.0211 0.6307 0.4251 0.5239
9.2300 0.0512 0.6062 0.4083 0.5380
9.2400 0.0772 0.5813 0.3921 0.5524
9.2500 0.0992 0.5562 0.3765 0.5671
9.2600 0.1174 0.5309 0.3614 0.5820
9.2700 0.1321 0.5055 0.3471 0.5972
9.2800 0.1439 0.4801 0.3335 0.6126
9.2900 0.1533 0.4548 0.3207 0.6281
9.3000 0.1609 0.4295 0.3087 0.6439
9.3100 0.1673 0.4044 0.2976 0.6597
9.3200 0.1731 0.3795 0.2874 0.6757
9.3300 0.1787 0.3549 0.2781 0.6917
9.3400 0.1843 0.3306 0.2699 0.7078
9.3500 0.1900 0.3067 0.2626 0.7239
9.3600 0.1959 0.2833 0.2563 0.7400
9.3700 0.2015 0.2604 0.2511 0.7560
9.3800 0.2066 0.2379 0.2469 0.7719
9.3900 0.2106 0.2161 0.2437 0.7877
9.4000 0.2130 0.1948 0.2415 0.8032
9.4100 0.2132 0.1741 0.2404 0.8185
9.4200 0.2107 0.1541 0.2402 0.8335
9.4300 0.2052 0.1348 0.2411 0.8481
9.4400 0.1962 0.1161 0.2429 0.8623
9.4500 0.1839 0.0981 0.2456 0.8761
9.4600 0.1681 0.0809 0.2492 0.8892
9.4700 0.1493 0.0643 0.2538 0.9018
9.4800 0.1278 0.0485 0.2592 0.9138
9.4900 0.1043 0.0334 0.2654 0.9250
9.5000 0.0796 0.0191 0.2724 0.9355
9.5100 0.0544 0.0054 0.2802 0.9452
9.5200 0.0296 -0.0075 0.2887 0.9542
9.5300 0.0060 -0.0197 0.2979 0.9623
9.5400 -0.0154 -0.0312 0.3078 0.9695
9.5500 -0.0341 -0.0420 0.3184 0.9759
9.5600 -0.0495 -0.0520 0.3296 0.9815
9.5700 -0.0612 -0.0614 0.3414 0.9862
9.5800 -0.0688 -0.0701 0.3538 0.9900
9.5900 -0.0725 -0.0781 0.3668 0.9929
9.6000 -0.0723 -0.0854 0.3803 0.9950
9.6100 -0.0684 -0.0921 0.3944 0.9963
9.6200 -0.0614 -0.0981 0.4090 0.9967
9.6300 -0.0518 -0.1034 0.4241 0.9963
9.6400 -0.0401 -0.1080 0.4396 0.9952
9.6500 -0.0272 -0.1120 0.4556 0.9932
9.6600 -0.0138 -0.1153 0.4721 0.9905
9.6700 -0.0005 -0.1180 0.4889 0.9871
9.6800 0.0118 -0.1199 0.5062 0.9829
9.6900 0.0227 -0.1212 0.5238 0.9779
9.7000 0.0314 -0.1218 0.5417 0.9723
9.7100 0.0377 -0.1217 0.5599 0.9659
9.7200 0.0411 -0.1209 0.5784 0.9588
9.7300 0.0414 -0.1193 0.5971 0.9509
9.7400 0.0386 -0.1170 0.6159 0.9424
9.7500 0.0326 -0.1140 0.6348 0.9332
9.7600 0.0235 -0.1102 0.6539 0.9232
9.7700 0.0116 -0.1056 0.6729 0.9126
9.7800 -0.0027 -0.1001 0.6919 0.9013
9.7900 -0.0192 -0.0939 0.7107 0.8894
9.8000 -0.0375 -0.0868 0.7295 0.8769
9.8100 -0.0569 -0.0789 0.7479 0.8637
9.8200 -0.0772 -0.0701 0.7661 0.8500
9.8300 -0.0977 -0.0604 0.7840 0.8358
9.8400 -0.1181 -0.0499 0.8014 0.8211
9.8500 -0.1378 -0.0385 0.8184 0.8059
9.8600 -0.1566 -0.0262 0.8348 0.7904
9.8700 -0.1740 -0.0130 0.8507 0.7745
9.8800 -0.1898 0.0010 0.8659 0.7584
9.8900 -0.2037 0.0159 0.8804 0.7420
9.9000 -0.2155 0.0317 0.8942 0.7255
9.9100 -0.2252 0.0482 0.9072 0.7089
9.9200 -0.2325 0.0656 0.9194 0.6923
9.9300 -0.2376 0.0837 0.9308 0.6757
9.9400 -0.2404 0.1026 0.9412 0.6592
9.9500 -0.2409 0.1221 0.9509 0.6428
9.9600 -0.2394 0.1423 0.9595 0.6266
9.9700 -0.2359 0.1631 0.9673 0.6107
9.9800 -0.2305 0.1845 0.9742 0.5950
9.9900 -0.2235 0.2064 0.9801 0.5796
10.0000 -0.2149 0.2288 0.9851 0.5646
