 t	 x	 y	 z	 w
0.0000 -0.0000 -0.0000 -0.0000 -0.0000
0.0100 0.0053 0.0006 0.0003 0.0001
0.0200 0.0176 0.0021 0.0009 0.0005
0.0300 0.0348 0.0043 0.0018 0.0010
0.0400 0.0560 0.0072 0.0030 0.0017
0.0500 0.0801 0.0106 0.0045 0.0025
0.0600 0.1067 0.0145 0.0062 0.0034
0.0700 0.1350 0.0188 0.0081 0.0044
0.0800 0.1647 0.0236 0.0102 0.0055
0.0900 0.1952 0.0287 0.0124 0.0067
0.1000 0.2263 0.0342 0.0148 0.0080
0.1100 0.2575 0.0400 0.0173 0.0094
0.1200 0.2886 0.0460 0.0200 0.0108
0.1300 0.3193 0.0523 0.0227 0.0122
0.1400 0.3494 0.0589 0.0256 0.0137
0.1500 0.3786 0.0656 0.0285 0.0152
0.1600 0.4068 0.0725 0.0315 0.0167
0.1700 0.4338 0.0796 0.0346 0.0182
0.1800 0.4596 0.0868 0.0377 0.0197
0.1900 0.4839 0.0941 0.0408 0.0212
0.2000 0.5068 0.1015 0.0440 0.0227
0.2100 0.5282 0.1090 0.0471 0.0241
0.2200 0.5480 0.1165 0.0503 0.0255
0.2300 0.5663 0.1241 0.0535 0.0269
0.2400 0.5830 0.1317 0.0566 0.0282
0.2500 0.5982 0.1394 0.0597 0.0295
0.2600 0.6120 0.1470 0.0628 0.0306
0.2700 0.6243 0.1546 0.0658 0.0318
0.2800 0.6353 0.1622 0.0688 0.0328
0.2900 0.6450 0.1697 0.0717 0.0338
0.3000 0.6535 0.1772 0.0745 0.0347
0.3100 0.6608 0.1846 0.0773 0.0355
0.3200 0.6671 0.1919 0.0800 0.0362
0.3300 0.6725 0.1991 0.0826 0.0368
0.3400 0.6770 0.2063 0.0851 0.0373
0.3500 0.6808 0.2133 0.0875 0.0378
0.3600 0.6839 0.2202 0.0899 0.0381
0.3700 0.6864 0.2270 0.0921 0.0384
0.3800 0.6883 0.2337 0.0942 0.0385
0.3900 0.6898 0.2402 0.0962 0.0386
0.4000 0.6910 0.2466 0.0980 0.0386
0.4100 0.6918 0.2528 0.0998 0.0385
0.4200 0.6924 0.2589 0.1014 0.0383
0.4300 0.6928 0.2649 0.1029 0.0380
0.4400 0.6930 0.2706 0.1044 0.0377
0.4500 0.6930 0.2762 0.1056 0.0372
0.4600 0.6930 0.2816 0.1068 0.0368
0.4700 0.6929 0.2869 0.1078 0.0362
0.4800 0.6928 0.2920 0.1088 0.0356
0.4900 0.6926 0.2969 0.1096 0.0349
0.5000 0.6924 0.3016 0.1103 0.0342
0.5100 0.6922 0.3062 0.1109 0.0335
0.5200 0.6920 0.3105 0.1114 0.0327
0.5300 0.6919 0.3147 0.1117 0.0319
0.5400 0.6917 0.3187 0.1120 0.0311
0.5500 0.6916 0.3226 0.1122 0.0303
0.5600 0.6914 0.3262 0.1123 0.0294
0.5700 0.6913 0.3297 0.1123 0.0286
0.5800 0.6912 0.3330 0.1122 0.0277
0.5900 0.6911 0.3361 0.1121 0.0269
0.6000 0.6910 0.3391 0.1119 0.0261
0.6100 0.6910 0.3418 0.1116 0.0254
0.6200 0.6909 0.3445 0.1113 0.0246
0.6300 0.6909 0.3469 0.1109 0.0239
0.6400 0.6908 0.3492 0.1105 0.0233
0.6500 0.6908 0.3514 0.1100 0.0227
0.6600 0.6908 0.3534 0.1096 0.0221
0.6700 0.6908 0.3552 0.1091 0.0216
0.6800 0.6907 0.3570 0.1086 0.0212
0.6900 0.6907 0.3586 0.1081 0.0208
0.7000 0.6907 0.3600 0.1076 0.0205
0.7100 0.6907 0.3614 0.1071 0.0203
0.7200 0.6907 0.3626 0.1067 0.0201
0.7300 0.6907 0.3637 0.1063 0.0199
0.7400 0.6907 0.3647 0.1059 0.0199
0.7500 0.6907 0.3657 0.1056 0.0199
0.7600 0.6907 0.3665 0.1054 0.0199
0.7700 0.6907 0.3673 0.1052 0.0200
0.7800 0.6908 0.3680 0.1051 0.0202
0.7900 0.6908 0.3686 0.1050 0.0204
0.8000 0.6908 0.3692 0.1051 0.0206
0.8100 0.6908 0.3698 0.1053 0.0208
0.8200 0.6908 0.3703 0.1055 0.0211
0.8300 0.6909 0.3708 0.1059 0.0214
0.8400 0.6909 0.3713 0.1063 0.0217
0.8500 0.6909 0.3717 0.1069 0.0220
0.8600 0.6909 0.3722 0.1076 0.0223
0.8700 0.6910 0.3727 0.1084 0.0226
0.8800 0.6910 0.3733 0.1093 0.0228
0.8900 0.6911 0.3738 0.1103 0.0231
0.9000 0.6911 0.3745 0.1115 0.0233
0.9100 0.6911 0.3751 0.1128 0.0235
0.9200 0.6912 0.3759 0.1141 0.0236
0.9300 0.6912 0.3767 0.1156 0.0237
0.9400 0.6913 0.3776 0.1172 0.0238
0.9500 0.6914 0.3786 0.1189 0.0238
0.9600 0.6914 0.3797 0.1207 0.0237
0.9700 0.6915 0.3810 0.1226 0.0236
0.9800 0.6916 0.3823 0.1246 0.0235
0.9900 0.6917 0.3838 0.1267 0.0232
1.0000 0.6917 0.3854 0.1288 0.0229
1.0100 0.6919 0.3872 0.1310 0.0226
1.0200 0.6920 0.3892 0.1333 0.0221
1.0300 0.6921 0.3913 0.1356 0.0216
1.0400 0.6922 0.3936 0.1380 0.0211
1.0500 0.6923 0.3960 0.1404 0.0204
1.0600 0.6925 0.3987 0.1428 0.0198
1.0700 0.6926 0.4015 0.1452 0.0190
1.0800 0.6927 0.4045 0.1477 0.0182
1.0900 0.6928 0.4077 0.1502 0.0174
1.1000 0.6929 0.4111 0.1526 0.0165
1.1100 0.6929 0.4147 0.1551 0.0156
1.1200 0.6929 0.4185 0.1575 0.0146
1.1300 0.6929 0.4225 0.1599 0.0136
1.1400 0.6927 0.4267 0.1622 0.0126
1.1500 0.6925 0.4311 0.1645 0.0115
1.1600 0.6921 0.4357 0.1668 0.0105
1.1700 0.6915 0.4404 0.1690 0.0094
1.1800 0.6908 0.4454 0.1711 0.0084
1.1900 0.6898 0.4505 0.1731 0.0073
1.2000 0.6885 0.4557 0.1750 0.0063
1.2100 0.6870 0.4612 0.1769 0.0054
1.2200 0.6851 0.4667 0.1786 0.0045
1.2300 0.6828 0.4725 0.1803 0.0036
1.2400 0.6801 0.4783 0.1818 0.0028
1.2500 0.6769 0.4843 0.1832 0.0021
1.2600 0.6732 0.4904 0.1845 0.0015
1.2700 0.6690 0.4965 0.1856 0.0010
1.2800 0.6642 0.5028 0.1866 0.0007
1.2900 0.6587 0.5091 0.1875 0.0005
1.3000 0.6526 0.5155 0.1883 0.0005
1.3100 0.6459 0.5220 0.1888 0.0006
1.3200 0.6385 0.5284 0.1893 0.0010
1.3300 0.6304 0.5349 0.1896 0.0015
1.3400 0.6216 0.5414 0.1897 0.0022
1.3500 0.6122 0.5479 0.1897 0.0030
1.3600 0.6022 0.5543 0.1895 0.0040
1.3700 0.5917 0.5608 0.1891 0.0050
1.3800 0.5806 0.5671 0.1886 0.0062
1.3900 0.5690 0.5734 0.1879 0.0074
1.4000 0.5571 0.5797 0.1871 0.0088
1.4100 0.5449 0.5858 0.1861 0.0102
1.4200 0.5325 0.5918 0.1849 0.0117
1.4300 0.5201 0.5978 0.1836 0.0133
1.4400 0.5077 0.6036 0.1821 0.0149
1.4500 0.4956 0.6092 0.1804 0.0166
1.4600 0.4837 0.6147 0.1786 0.0183
1.4700 0.4723 0.6201 0.1766 0.0200
1.4800 0.4615 0.6253 0.1745 0.0218
1.4900 0.4515 0.6303 0.1722 0.0236
1.5000 0.4424 0.6352 0.1697 0.0253
1.5100 0.4342 0.6399 0.1672 0.0271
1.5200 0.4271 0.6443 0.1644 0.0288
1.5300 0.4213 0.6486 0.1616 0.0305
1.5400 0.4167 0.6527 0.1586 0.0322
1.5500 0.4135 0.6566 0.1555 0.0339
1.5600 0.4116 0.6603 0.1522 0.0355
1.5700 0.4110 0.6637 0.1489 0.0370
1.5800 0.4118 0.6670 0.1454 0.0385
1.5900 0.4140 0.6700 0.1418 0.0399
1.6000 0.4173 0.6729 0.1382 0.0412
1.6100 0.4218 0.6755 0.1344 0.0424
1.6200 0.4274 0.6779 0.1306 0.0436
1.6300 0.4339 0.6802 0.1267 0.0446
1.6400 0.4412 0.6822 0.1227 0.0456
1.6500 0.4493 0.6840 0.1187 0.0465
1.6600 0.4579 0.6857 0.1146 0.0472
1.6700 0.4669 0.6871 0.1105 0.0479
1.6800 0.4763 0.6884 0.1063 0.0484
1.6900 0.4859 0.6895 0.1021 0.0489
1.7000 0.4956 0.6905 0.0979 0.0492
1.7100 0.5053 0.6912 0.0937 0.0494
1.7200 0.5148 0.6919 0.0895 0.0495
1.7300 0.5242 0.6924 0.0854 0.0495
1.7400 0.5333 0.6927 0.0812 0.0494
1.7500 0.5422 0.6930 0.0771 0.0491
1.7600 0.5506 0.6931 0.0730 0.0488
1.7700 0.5586 0.6931 0.0690 0.0483
1.7800 0.5663 0.6931 0.0651 0.0478
1.7900 0.5734 0.6929 0.0612 0.0471
1.8000 0.5801 0.6927 0.0574 0.0464
1.8100 0.5863 0.6924 0.0537 0.0456
1.8200 0.5920 0.6920 0.0501 0.0446
1.8300 0.5972 0.6916 0.0466 0.0436
1.8400 0.6020 0.6912 0.0432 0.0426
1.8500 0.6063 0.6908 0.0400 0.0414
1.8600 0.6102 0.6903 0.0369 0.0402
1.8700 0.6136 0.6898 0.0340 0.0390
1.8800 0.6167 0.6893 0.0312 0.0377
1.8900 0.6193 0.6888 0.0286 0.0363
1.9000 0.6216 0.6883 0.0261 0.0349
1.9100 0.6235 0.6879 0.0238 0.0335
1.9200 0.6251 0.6874 0.0217 0.0321
1.9300 0.6264 0.6870 0.0198 0.0306
1.9400 0.6274 0.6866 0.0181 0.0292
1.9500 0.6281 0.6863 0.0166 0.0278
1.9600 0.6286 0.6860 0.0153 0.0263
1.9700 0.6289 0.6858 0.0142 0.0249
1.9800 0.6289 0.6856 0.0132 0.0236
1.9900 0.6288 0.6854 0.0125 0.0222
2.0000 0.6284 0.6853 0.0120 0.0209
2.0100 0.6279 0.6853 0.0117 0.0196
2.0200 0.6272 0.6853 0.0116 0.0184
2.0300 0.6264 0.6854 0.0116 0.0173
2.0400 0.6255 0.6855 0.0118 0.0162
2.0500 0.6245 0.6856 0.0122 0.0152
2.0600 0.6234 0.6858 0.0127 0.0143
2.0700 0.6222 0.6860 0.0133 0.0135
2.0800 0.6209 0.6863 0.0140 0.0127
2.0900 0.6196 0.6866 0.0148 0.0120
2.1000 0.6183 0.6869 0.0157 0.0114
2.1100 0.6169 0.6873 0.0166 0.0109
2.1200 0.6156 0.6876 0.0176 0.0105
2.1300 0.6142 0.6880 0.0186 0.0101
2.1400 0.6128 0.6884 0.0196 0.0099
2.1500 0.6114 0.6889 0.0207 0.0097
2.1600 0.6101 0.6893 0.0217 0.0096
2.1700 0.6088 0.6897 0.0228 0.0095
2.1800 0.6075 0.6901 0.0238 0.0095
2.1900 0.6062 0.6905 0.0248 0.0096
2.2000 0.6050 0.6908 0.0258 0.0097
2.2100 0.6039 0.6912 0.0267 0.0099
2.2200 0.6027 0.6915 0.0276 0.0101
2.2300 0.6017 0.6918 0.0284 0.0103
2.2400 0.6006 0.6921 0.0291 0.0105
2.2500 0.5997 0.6924 0.0298 0.0108
2.2600 0.5987 0.6926 0.0305 0.0110
2.2700 0.5979 0.6928 0.0310 0.0113
2.2800 0.5971 0.6929 0.0315 0.0115
2.2900 0.5963 0.6930 0.0320 0.0117
2.3000 0.5956 0.6931 0.0323 0.0119
2.3100 0.5950 0.6931 0.0326 0.0121
2.3200 0.5944 0.6931 0.0328 0.0122
2.3300 0.5939 0.6931 0.0330 0.0123
2.3400 0.5934 0.6930 0.0330 0.0123
2.3500 0.5930 0.6929 0.0331 0.0124
2.3600 0.5927 0.6927 0.0330 0.0123
2.3700 0.5925 0.6925 0.0329 0.0123
2.3800 0.5923 0.6923 0.0327 0.0122
2.3900 0.5922 0.6921 0.0325 0.0120
2.4000 0.5921 0.6918 0.0323 0.0118
2.4100 0.5921 0.6915 0.0320 0.0115
2.4200 0.5922 0.6912 0.0317 0.0112
2.4300 0.5923 0.6909 0.0313 0.0109
2.4400 0.5925 0.6905 0.0310 0.0105
2.4500 0.5928 0.6902 0.0306 0.0101
2.4600 0.5931 0.6899 0.0302 0.0097
2.4700 0.5934 0.6895 0.0299 0.0092
2.4800 0.5938 0.6892 0.0296 0.0088
2.4900 0.5941 0.6889 0.0293 0.0083
2.5000 0.5945 0.6885 0.0290 0.0078
2.5100 0.5949 0.6882 0.0288 0.0073
2.5200 0.5952 0.6880 0.0287 0.0068
2.5300 0.5955 0.6877 0.0287 0.0063
2.5400 0.5957 0.6875 0.0287 0.0059
2.5500 0.5958 0.6873 0.0288 0.0055
2.5600 0.5959 0.6871 0.0291 0.0051
2.5700 0.5958 0.6870 0.0294 0.0048
2.5800 0.5955 0.6869 0.0299 0.0046
2.5900 0.5950 0.6869 0.0305 0.0045
2.6000 0.5944 0.6868 0.0313 0.0044
2.6100 0.5935 0.6869 0.0322 0.0044
2.6200 0.5923 0.6869 0.0332 0.0045
2.6300 0.5908 0.6870 0.0344 0.0048
2.6400 0.5890 0.6871 0.0358 0.0051
2.6500 0.5868 0.6873 0.0373 0.0056
2.6600 0.5842 0.6875 0.0390 0.0061
2.6700 0.5812 0.6877 0.0409 0.0068
2.6800 0.5777 0.6880 0.0429 0.0076
2.6900 0.5737 0.6883 0.0451 0.0084
2.7000 0.5691 0.6886 0.0474 0.0094
2.7100 0.5640 0.6889 0.0499 0.0105
2.7200 0.5582 0.6892 0.0526 0.0116
2.7300 0.5517 0.6896 0.0553 0.0129
2.7400 0.5445 0.6899 0.0583 0.0142
2.7500 0.5365 0.6903 0.0613 0.0156
2.7600 0.5278 0.6906 0.0645 0.0170
2.7700 0.5182 0.6910 0.0678 0.0186
2.7800 0.5078 0.6913 0.0712 0.0201
2.7900 0.4965 0.6916 0.0747 0.0217
2.8000 0.4843 0.6919 0.0783 0.0233
2.8100 0.4712 0.6922 0.0820 0.0250
2.8200 0.4572 0.6925 0.0858 0.0267
2.8300 0.4424 0.6927 0.0897 0.0283
2.8400 0.4267 0.6928 0.0936 0.0300
2.8500 0.4102 0.6930 0.0975 0.0317
2.8600 0.3929 0.6931 0.1015 0.0333
2.8700 0.3750 0.6931 0.1055 0.0349
2.8800 0.3566 0.6931 0.1096 0.0365
2.8900 0.3378 0.6931 0.1136 0.0381
2.9000 0.3187 0.6930 0.1177 0.0396
2.9100 0.2995 0.6928 0.1217 0.0410
2.9200 0.2805 0.6926 0.1258 0.0424
2.9300 0.2618 0.6924 0.1298 0.0437
2.9400 0.2439 0.6921 0.1338 0.0450
2.9500 0.2269 0.6917 0.1377 0.0461
2.9600 0.2113 0.6913 0.1416 0.0472
2.9700 0.1974 0.6909 0.1454 0.0482
2.9800 0.1855 0.6904 0.1492 0.0491
2.9900 0.1761 0.6899 0.1529 0.0498
3.0000 0.1695 0.6893 0.1565 0.0505
3.0100 0.1659 0.6887 0.1600 0.0511
3.0200 0.1657 0.6881 0.1634 0.0516
3.0300 0.1690 0.6874 0.1667 0.0519
3.0400 0.1757 0.6867 0.1699 0.0521
3.0500 0.1857 0.6860 0.1729 0.0522
3.0600 0.1989 0.6853 0.1759 0.0522
3.0700 0.2149 0.6846 0.1787 0.0521
3.0800 0.2336 0.6839 0.1814 0.0519
3.0900 0.2544 0.6832 0.1839 0.0515
3.1000 0.2771 0.6825 0.1863 0.0510
3.1100 0.3012 0.6818 0.1885 0.0505
3.1200 0.3264 0.6812 0.1906 0.0498
3.1300 0.3524 0.6806 0.1926 0.0490
3.1400 0.3789 0.6800 0.1944 0.0481
3.1500 0.4055 0.6794 0.1960 0.0471
3.1600 0.4319 0.6790 0.1974 0.0460
3.1700 0.4578 0.6785 0.1987 0.0448
3.1800 0.4831 0.6781 0.1998 0.0435
3.1900 0.5075 0.6778 0.2008 0.0421
3.2000 0.5308 0.6776 0.2016 0.0407
3.2100 0.5528 0.6774 0.2022 0.0392
3.2200 0.5734 0.6773 0.2026 0.0376
3.2300 0.5926 0.6772 0.2029 0.0360
3.2400 0.6100 0.6773 0.2030 0.0344
3.2500 0.6259 0.6774 0.2029 0.0327
3.2600 0.6399 0.6776 0.2027 0.0310
3.2700 0.6523 0.6778 0.2023 0.0292
3.2800 0.6629 0.6782 0.2017 0.0275
3.2900 0.6718 0.6786 0.2009 0.0257
3.3000 0.6790 0.6790 0.2000 0.0240
3.3100 0.6846 0.6796 0.1990 0.0222
3.3200 0.6886 0.6802 0.1978 0.0205
3.3300 0.6912 0.6808 0.1964 0.0188
3.3400 0.6925 0.6815 0.1949 0.0172
3.3500 0.6926 0.6823 0.1932 0.0156
3.3600 0.6916 0.6831 0.1914 0.0140
3.3700 0.6896 0.6839 0.1895 0.0125
3.3800 0.6868 0.6847 0.1874 0.0111
3.3900 0.6833 0.6856 0.1852 0.0098
3.4000 0.6792 0.6864 0.1829 0.0086
3.4100 0.6748 0.6873 0.1805 0.0074
3.4200 0.6700 0.6881 0.1780 0.0063
3.4300 0.6650 0.6889 0.1754 0.0054
3.4400 0.6600 0.6897 0.1727 0.0046
3.4500 0.6550 0.6904 0.1699 0.0038
3.4600 0.6501 0.6910 0.1670 0.0033
3.4700 0.6455 0.6916 0.1641 0.0028
3.4800 0.6411 0.6921 0.1611 0.0025
3.4900 0.6370 0.6925 0.1581 0.0023
3.5000 0.6334 0.6929 0.1550 0.0022
3.5100 0.6301 0.6931 0.1519 0.0023
3.5200 0.6272 0.6931 0.1487 0.0025
3.5300 0.6248 0.6931 0.1456 0.0028
3.5400 0.6228 0.6929 0.1424 0.0031
3.5500 0.6212 0.6926 0.1392 0.0036
3.5600 0.6200 0.6921 0.1360 0.0042
3.5700 0.6193 0.6914 0.1329 0.0048
3.5800 0.6188 0.6906 0.1298 0.0054
3.5900 0.6187 0.6896 0.1267 0.0061
3.6000 0.6190 0.6884 0.1237 0.0068
3.6100 0.6194 0.6870 0.1207 0.0075
3.6200 0.6202 0.6854 0.1178 0.0082
3.6300 0.6211 0.6837 0.1149 0.0089
3.6400 0.6222 0.6817 0.1121 0.0096
3.6500 0.6234 0.6796 0.1094 0.0103
3.6600 0.6248 0.6772 0.1068 0.0110
3.6700 0.6262 0.6746 0.1043 0.0116
3.6800 0.6277 0.6719 0.1019 0.0122
3.6900 0.6293 0.6689 0.0996 0.0128
3.7000 0.6309 0.6657 0.0975 0.0133
3.7100 0.6324 0.6623 0.0954 0.0138
3.7200 0.6340 0.6588 0.0935 0.0142
3.7300 0.6356 0.6550 0.0916 0.0146
3.7400 0.6371 0.6511 0.0900 0.0149
3.7500 0.6386 0.6470 0.0884 0.0152
3.7600 0.6401 0.6427 0.0870 0.0154
3.7700 0.6415 0.6383 0.0856 0.0156
3.7800 0.6429 0.6336 0.0845 0.0158
3.7900 0.6442 0.6289 0.0834 0.0158
3.8000 0.6455 0.6240 0.0825 0.0159
3.8100 0.6467 0.6190 0.0816 0.0159
3.8200 0.6479 0.6138 0.0809 0.0158
3.8300 0.6491 0.6086 0.0803 0.0157
3.8400 0.6501 0.6032 0.0798 0.0156
3.8500 0.6512 0.5978 0.0794 0.0155
3.8600 0.6522 0.5923 0.0791 0.0153
3.8700 0.6531 0.5867 0.0788 0.0151
3.8800 0.6540 0.5811 0.0787 0.0149
3.8900 0.6549 0.5754 0.0786 0.0148
3.9000 0.6557 0.5697 0.0785 0.0146
3.9100 0.6565 0.5641 0.0785 0.0144
3.9200 0.6573 0.5584 0.0786 0.0142
3.9300 0.6580 0.5527 0.0787 0.0141
3.9400 0.6587 0.5471 0.0788 0.0140
3.9500 0.6593 0.5415 0.0789 0.0139
3.9600 0.6600 0.5360 0.0790 0.0139
3.9700 0.6606 0.5305 0.0792 0.0139
3.9800 0.6612 0.5251 0.0793 0.0140
3.9900 0.6618 0.5198 0.0794 0.0142
4.0000 0.6623 0.5147 0.0795 0.0144
4.0100 0.6629 0.5096 0.0795 0.0147
4.0200 0.6634 0.5046 0.0795 0.0150
4.0300 0.6640 0.4998 0.0794 0.0154
4.0400 0.6646 0.4952 0.0793 0.0159
4.0500 0.6652 0.4906 0.0792 0.0165
4.0600 0.6658 0.4863 0.0789 0.0171
4.0700 0.6664 0.4821 0.0786 0.0179
4.0800 0.6671 0.4780 0.0782 0.0186
4.0900 0.6678 0.4742 0.0778 0.0195
4.1000 0.6685 0.4705 0.0772 0.0204
4.1100 0.6694 0.4669 0.0766 0.0214
4.1200 0.6702 0.4636 0.0759 0.0224
4.1300 0.6712 0.4605 0.0751 0.0235
4.1400 0.6722 0.4575 0.0741 0.0246
4.1500 0.6733 0.4547 0.0731 0.0257
4.1600 0.6745 0.4520 0.0720 0.0269
4.1700 0.6758 0.4496 0.0708 0.0281
4.1800 0.6771 0.4473 0.0695 0.0293
4.1900 0.6785 0.4452 0.0681 0.0305
4.2000 0.6799 0.4432 0.0666 0.0317
4.2100 0.6814 0.4414 0.0650 0.0329
4.2200 0.6830 0.4398 0.0633 0.0341
4.2300 0.6845 0.4383 0.0615 0.0353
4.2400 0.6860 0.4369 0.0597 0.0364
4.2500 0.6875 0.4357 0.0577 0.0375
4.2600 0.6889 0.4345 0.0557 0.0386
4.2700 0.6901 0.4335 0.0536 0.0396
4.2800 0.6912 0.4326 0.0514 0.0405
4.2900 0.6921 0.4318 0.0492 0.0414
4.3000 0.6927 0.4311 0.0469 0.0423
4.3100 0.6931 0.4304 0.0446 0.0430
4.3200 0.6930 0.4298 0.0422 0.0437
4.3300 0.6925 0.4293 0.0398 0.0443
4.3400 0.6916 0.4288 0.0373 0.0448
4.3500 0.6901 0.4284 0.0349 0.0452
4.3600 0.6881 0.4280 0.0324 0.0455
4.3700 0.6854 0.4276 0.0300 0.0457
4.3800 0.6821 0.4272 0.0275 0.0458
4.3900 0.6781 0.4268 0.0251 0.0458
4.4000 0.6733 0.4265 0.0227 0.0457
4.4100 0.6678 0.4261 0.0204 0.0455
4.4200 0.6615 0.4256 0.0182 0.0452
4.4300 0.6545 0.4252 0.0160 0.0447
4.4400 0.6467 0.4247 0.0139 0.0442
4.4500 0.6381 0.4242 0.0119 0.0436
4.4600 0.6289 0.4236 0.0100 0.0429
4.4700 0.6190 0.4229 0.0083 0.0421
4.4800 0.6085 0.4221 0.0068 0.0411
4.4900 0.5974 0.4213 0.0054 0.0401
4.5000 0.5859 0.4204 0.0042 0.0390
4.5100 0.5741 0.4194 0.0033 0.0378
4.5200 0.5620 0.4183 0.0026 0.0366
4.5300 0.5497 0.4171 0.0023 0.0352
4.5400 0.5374 0.4158 0.0023 0.0338
4.5500 0.5252 0.4143 0.0026 0.0324
4.5600 0.5133 0.4128 0.0032 0.0309
4.5700 0.5016 0.4110 0.0041 0.0293
4.5800 0.4905 0.4092 0.0053 0.0277
4.5900 0.4799 0.4072 0.0068 0.0260
4.6000 0.4701 0.4051 0.0085 0.0244
4.6100 0.4611 0.4028 0.0104 0.0227
4.6200 0.4530 0.4004 0.0125 0.0210
4.6300 0.4458 0.3977 0.0148 0.0193
4.6400 0.4398 0.3950 0.0173 0.0177
4.6500 0.4348 0.3920 0.0200 0.0160
4.6600 0.4310 0.3889 0.0228 0.0144
4.6700 0.4284 0.3857 0.0257 0.0128
4.6800 0.4268 0.3822 0.0288 0.0113
4.6900 0.4263 0.3786 0.0320 0.0098
4.7000 0.4269 0.3747 0.0352 0.0084
4.7100 0.4284 0.3707 0.0386 0.0071
4.7200 0.4308 0.3666 0.0421 0.0058
4.7300 0.4341 0.3622 0.0456 0.0047
4.7400 0.4380 0.3576 0.0491 0.0037
4.7500 0.4426 0.3529 0.0528 0.0028
4.7600 0.4476 0.3480 0.0564 0.0020
4.7700 0.4530 0.3429 0.0601 0.0014
4.7800 0.4588 0.3376 0.0638 0.0009
4.7900 0.4647 0.3321 0.0675 0.0006
4.8000 0.4707 0.3265 0.0711 0.0005
4.8100 0.4768 0.3206 0.0748 0.0006
4.8200 0.4828 0.3146 0.0784 0.0009
4.8300 0.4886 0.3085 0.0820 0.0013
4.8400 0.4943 0.3021 0.0856 0.0019
4.8500 0.4997 0.2956 0.0891 0.0026
4.8600 0.5048 0.2890 0.0925 0.0034
4.8700 0.5096 0.2821 0.0959 0.0044
4.8800 0.5140 0.2752 0.0992 0.0054
4.8900 0.5180 0.2681 0.1024 0.0064
4.9000 0.5216 0.2608 0.1055 0.0075
4.9100 0.5248 0.2535 0.1086 0.0087
4.9200 0.5276 0.2460 0.1115 0.0099
4.9300 0.5299 0.2384 0.1143 0.0111
4.9400 0.5317 0.2307 0.1170 0.0124
4.9500 0.5331 0.2229 0.1196 0.0136
4.9600 0.5341 0.2150 0.1221 0.0148
4.9700 0.5346 0.2070 0.1244 0.0161
4.9800 0.5347 0.1990 0.1266 0.0173
4.9900 0.5344 0.1909 0.1287 0.0184
5.0000 0.5337 0.1828 0.1307 0.0196
5.0100 0.5327 0.1747 0.1325 0.0207
5.0200 0.5312 0.1666 0.1342 0.0218
5.0300 0.5294 0.1584 0.1358 0.0228
5.0400 0.5273 0.1503 0.1372 0.0237
5.0500 0.5249 0.1422 0.1384 0.0246
5.0600 0.5222 0.1342 0.1396 0.0255
5.0700 0.5193 0.1262 0.1406 0.0262
5.0800 0.5162 0.1183 0.1414 0.0269
5.0900 0.5128 0.1105 0.1422 0.0275
5.1000 0.5093 0.1028 0.1428 0.0281
5.1100 0.5057 0.0952 0.1432 0.0285
5.1200 0.5020 0.0879 0.1436 0.0289
5.1300 0.4983 0.0806 0.1438 0.0292
5.1400 0.4945 0.0736 0.1439 0.0295
5.1500 0.4907 0.0669 0.1439 0.0296
5.1600 0.4869 0.0603 0.1437 0.0297
5.1700 0.4832 0.0541 0.1435 0.0298
5.1800 0.4796 0.0481 0.1431 0.0297
5.1900 0.4762 0.0425 0.1427 0.0296
5.2000 0.4729 0.0372 0.1421 0.0294
5.2100 0.4698 0.0323 0.1415 0.0292
5.2200 0.4668 0.0279 0.1408 0.0289
5.2300 0.4641 0.0239 0.1400 0.0286
5.2400 0.4617 0.0204 0.1391 0.0283
5.2500 0.4595 0.0175 0.1382 0.0279
5.2600 0.4575 0.0151 0.1373 0.0274
5.2700 0.4559 0.0134 0.1363 0.0270
5.2800 0.4545 0.0124 0.1352 0.0265
5.2900 0.4534 0.0121 0.1341 0.0260
5.3000 0.4527 0.0125 0.1331 0.0256
5.3100 0.4522 0.0136 0.1320 0.0251
5.3200 0.4520 0.0153 0.1309 0.0246
5.3300 0.4521 0.0176 0.1298 0.0242
5.3400 0.4525 0.0205 0.1287 0.0237
5.3500 0.4531 0.0239 0.1276 0.0233
5.3600 0.4541 0.0277 0.1266 0.0230
5.3700 0.4553 0.0319 0.1256 0.0226
5.3800 0.4568 0.0365 0.1246 0.0223
5.3900 0.4586 0.0414 0.1238 0.0221
5.4000 0.4606 0.0467 0.1229 0.0219
5.4100 0.4629 0.0521 0.1222 0.0218
5.4200 0.4654 0.0578 0.1215 0.0217
5.4300 0.4681 0.0638 0.1209 0.0217
5.4400 0.4711 0.0699 0.1204 0.0217
5.4500 0.4743 0.0761 0.1199 0.0218
5.4600 0.4776 0.0825 0.1196 0.0220
5.4700 0.4812 0.0890 0.1194 0.0222
5.4800 0.4849 0.0955 0.1193 0.0225
5.4900 0.4889 0.1022 0.1192 0.0228
5.5000 0.4929 0.1089 0.1193 0.0232
5.5100 0.4971 0.1156 0.1195 0.0236
5.5200 0.5014 0.1223 0.1199 0.0241
5.5300 0.5059 0.1291 0.1203 0.0246
5.5400 0.5104 0.1358 0.1208 0.0251
5.5500 0.5149 0.1425 0.1215 0.0257
5.5600 0.5195 0.1492 0.1223 0.0262
5.5700 0.5242 0.1558 0.1231 0.0268
5.5800 0.5288 0.1624 0.1241 0.0274
5.5900 0.5333 0.1689 0.1251 0.0280
5.6000 0.5379 0.1753 0.1263 0.0286
5.6100 0.5423 0.1816 0.1275 0.0291
5.6200 0.5466 0.1878 0.1288 0.0297
5.6300 0.5508 0.1939 0.1302 0.0302
5.6400 0.5548 0.1999 0.1317 0.0307
5.6500 0.5587 0.2057 0.1332 0.0311
5.6600 0.5623 0.2114 0.1348 0.0315
5.6700 0.5657 0.2170 0.1364 0.0319
5.6800 0.5688 0.2225 0.1380 0.0321
5.6900 0.5717 0.2278 0.1397 0.0324
5.7000 0.5742 0.2329 0.1414 0.0325
5.7100 0.5764 0.2379 0.1430 0.0326
5.7200 0.5783 0.2427 0.1447 0.0326
5.7300 0.5798 0.2474 0.1464 0.0326
5.7400 0.5809 0.2519 0.1481 0.0325
5.7500 0.5817 0.2562 0.1498 0.0322
5.7600 0.5820 0.2604 0.1514 0.0320
5.7700 0.5819 0.2644 0.1529 0.0316
5.7800 0.5813 0.2682 0.1545 0.0311
5.7900 0.5803 0.2719 0.1560 0.0306
5.8000 0.5788 0.2754 0.1574 0.0300
5.8100 0.5769 0.2787 0.1587 0.0293
5.8200 0.5744 0.2819 0.1600 0.0285
5.8300 0.5714 0.2849 0.1611 0.0277
5.8400 0.5679 0.2877 0.1622 0.0268
5.8500 0.5639 0.2904 0.1632 0.0258
5.8600 0.5593 0.2929 0.1641 0.0248
5.8700 0.5543 0.2952 0.1649 0.0237
5.8800 0.5487 0.2974 0.1655 0.0225
5.8900 0.5426 0.2995 0.1661 0.0213
5.9000 0.5360 0.3014 0.1665 0.0201
5.9100 0.5290 0.3032 0.1668 0.0188
5.9200 0.5215 0.3048 0.1669 0.0175
5.9300 0.5137 0.3063 0.1669 0.0162
5.9400 0.5056 0.3077 0.1668 0.0149
5.9500 0.4972 0.3090 0.1665 0.0136
5.9600 0.4887 0.3101 0.1661 0.0123
5.9700 0.4801 0.3112 0.1655 0.0110
5.9800 0.4716 0.3122 0.1648 0.0097
5.9900 0.4632 0.3131 0.1640 0.0085
6.0000 0.4552 0.3139 0.1630 0.0073
6.0100 0.4476 0.3146 0.1618 0.0061
6.0200 0.4406 0.3153 0.1605 0.0051
6.0300 0.4343 0.3159 0.1590 0.0041
6.0400 0.4290 0.3165 0.1574 0.0032
6.0500 0.4246 0.3170 0.1557 0.0024
6.0600 0.4214 0.3176 0.1538 0.0018
6.0700 0.4196 0.3181 0.1517 0.0013
6.0800 0.4191 0.3186 0.1495 0.0009
6.0900 0.4200 0.3191 0.1472 0.0007
6.1000 0.4226 0.3197 0.1447 0.0007
6.1100 0.4266 0.3202 0.1421 0.0010
6.1200 0.4322 0.3209 0.1394 0.0014
6.1300 0.4393 0.3215 0.1365 0.0019
6.1400 0.4478 0.3223 0.1335 0.0026
6.1500 0.4576 0.3231 0.1304 0.0035
6.1600 0.4687 0.3240 0.1272 0.0045
6.1700 0.4808 0.3250 0.1239 0.0055
6.1800 0.4938 0.3261 0.1205 0.0067
6.1900 0.5075 0.3273 0.1170 0.0080
6.2000 0.5217 0.3287 0.1134 0.0093
6.2100 0.5363 0.3302 0.1097 0.0108
6.2200 0.5510 0.3318 0.1060 0.0122
6.2300 0.5656 0.3336 0.1022 0.0138
6.2400 0.5800 0.3356 0.0984 0.0153
6.2500 0.5940 0.3378 0.0945 0.0169
6.2600 0.6075 0.3401 0.0906 0.0185
6.2700 0.6202 0.3426 0.0866 0.0201
6.2800 0.6321 0.3453 0.0826 0.0218
6.2900 0.6431 0.3482 0.0786 0.0234
6.3000 0.6531 0.3513 0.0747 0.0250
6.3100 0.6620 0.3546 0.0707 0.0266
6.3200 0.6698 0.3581 0.0667 0.0281
6.3300 0.6764 0.3618 0.0628 0.0296
6.3400 0.6818 0.3658 0.0590 0.0310
6.3500 0.6862 0.3699 0.0551 0.0324
6.3600 0.6894 0.3743 0.0514 0.0338
6.3700 0.6916 0.3788 0.0477 0.0350
6.3800 0.6927 0.3836 0.0441 0.0362
6.3900 0.6930 0.3886 0.0406 0.0373
6.4000 0.6924 0.3938 0.0372 0.0384
6.4100 0.6912 0.3992 0.0339 0.0393
6.4200 0.6893 0.4047 0.0307 0.0402
6.4300 0.6869 0.4105 0.0277 0.0409
6.4400 0.6842 0.4164 0.0248 0.0416
6.4500 0.6811 0.4225 0.0221 0.0422
6.4600 0.6779 0.4287 0.0195 0.0426
6.4700 0.6747 0.4351 0.0172 0.0430
6.4800 0.6715 0.4416 0.0150 0.0433
6.4900 0.6684 0.4482 0.0130 0.0434
6.5000 0.6656 0.4550 0.0112 0.0435
6.5100 0.6630 0.4618 0.0097 0.0435
6.5200 0.6607 0.4688 0.0084 0.0433
6.5300 0.6589 0.4758 0.0073 0.0431
6.5400 0.6574 0.4829 0.0065 0.0428
6.5500 0.6564 0.4900 0.0059 0.0424
6.5600 0.6558 0.4971 0.0056 0.0419
6.5700 0.6556 0.5043 0.0055 0.0413
6.5800 0.6558 0.5115 0.0057 0.0407
6.5900 0.6564 0.5187 0.0062 0.0399
6.6000 0.6573 0.5258 0.0068 0.0392
6.6100 0.6585 0.5329 0.0077 0.0383
6.6200 0.6600 0.5400 0.0087 0.0374
6.6300 0.6617 0.5470 0.0099 0.0365
6.6400 0.6636 0.5539 0.0112 0.0355
6.6500 0.6656 0.5607 0.0127 0.0344
6.6600 0.6677 0.5674 0.0142 0.0334
6.6700 0.6699 0.5741 0.0158 0.0323
6.6800 0.6720 0.5805 0.0175 0.0312
6.6900 0.6741 0.5869 0.0192 0.0301
6.7000 0.6762 0.5931 0.0210 0.0290
6.7100 0.6782 0.5991 0.0228 0.0280
6.7200 0.6801 0.6050 0.0246 0.0269
6.7300 0.6818 0.6107 0.0264 0.0259
6.7400 0.6835 0.6163 0.0282 0.0248
6.7500 0.6850 0.6216 0.0300 0.0239
6.7600 0.6863 0.6268 0.0318 0.0229
6.7700 0.6875 0.6317 0.0335 0.0220
6.7800 0.6886 0.6365 0.0352 0.0212
6.7900 0.6895 0.6410 0.0369 0.0204
6.8000 0.6903 0.6454 0.0385 0.0197
6.8100 0.6910 0.6495 0.0400 0.0190
6.8200 0.6915 0.6534 0.0415 0.0184
6.8300 0.6920 0.6572 0.0429 0.0179
6.8400 0.6923 0.6607 0.0442 0.0174
6.8500 0.6926 0.6640 0.0455 0.0170
6.8600 0.6928 0.6670 0.0467 0.0167
6.8700 0.6929 0.6699 0.0478 0.0164
6.8800 0.6930 0.6726 0.0488 0.0162
6.8900 0.6930 0.6751 0.0497 0.0161
6.9000 0.6930 0.6773 0.0506 0.0160
6.9100 0.6929 0.6794 0.0514 0.0160
6.9200 0.6929 0.6813 0.0521 0.0161
6.9300 0.6928 0.6831 0.0527 0.0161
6.9400 0.6927 0.6846 0.0532 0.0162
6.9500 0.6926 0.6860 0.0537 0.0164
6.9600 0.6925 0.6873 0.0541 0.0166
6.9700 0.6923 0.6884 0.0544 0.0167
6.9800 0.6922 0.6893 0.0546 0.0169
6.9900 0.6921 0.6901 0.0548 0.0171
7.0000 0.6920 0.6908 0.0549 0.0174
7.0100 0.6919 0.6914 0.0550 0.0175
7.0200 0.6918 0.6918 0.0551 0.0177
7.0300 0.6917 0.6922 0.0551 0.0179
7.0400 0.6916 0.6925 0.0550 0.0180
7.0500 0.6916 0.6927 0.0550 0.0181
7.0600 0.6915 0.6928 0.0549 0.0182
7.0700 0.6914 0.6929 0.0549 0.0182
7.0800 0.6914 0.6929 0.0548 0.0182
7.0900 0.6913 0.6928 0.0547 0.0181
7.1000 0.6913 0.6927 0.0547 0.0180
7.1100 0.6912 0.6926 0.0547 0.0179
7.1200 0.6911 0.6925 0.0547 0.0177
7.1300 0.6911 0.6923 0.0548 0.0174
7.1400 0.6910 0.6921 0.0549 0.0171
7.1500 0.6910 0.6920 0.0551 0.0167
7.1600 0.6909 0.6918 0.0554 0.0163
7.1700 0.6909 0.6916 0.0557 0.0158
7.1800 0.6908 0.6914 0.0561 0.0152
7.1900 0.6908 0.6913 0.0567 0.0147
7.2000 0.6908 0.6911 0.0573 0.0140
7.2100 0.6907 0.6910 0.0581 0.0134
7.2200 0.6907 0.6909 0.0589 0.0127
7.2300 0.6907 0.6908 0.0599 0.0119
7.2400 0.6907 0.6908 0.0610 0.0112
7.2500 0.6908 0.6907 0.0623 0.0104
7.2600 0.6908 0.6907 0.0637 0.0096
7.2700 0.6908 0.6907 0.0652 0.0088
7.2800 0.6909 0.6908 0.0668 0.0080
7.2900 0.6909 0.6908 0.0686 0.0072
7.3000 0.6909 0.6909 0.0706 0.0064
7.3100 0.6908 0.6910 0.0726 0.0056
7.3200 0.6907 0.6911 0.0748 0.0049
7.3300 0.6905 0.6913 0.0772 0.0043
7.3400 0.6903 0.6914 0.0796 0.0037
7.3500 0.6898 0.6916 0.0822 0.0031
7.3600 0.6893 0.6917 0.0849 0.0027
7.3700 0.6885 0.6919 0.0877 0.0023
7.3800 0.6875 0.6920 0.0907 0.0021
7.3900 0.6862 0.6922 0.0937 0.0020
7.4000 0.6846 0.6923 0.0968 0.0021
7.4100 0.6827 0.6924 0.1000 0.0022
7.4200 0.6803 0.6926 0.1033 0.0026
7.4300 0.6776 0.6927 0.1067 0.0030
7.4400 0.6743 0.6927 0.1101 0.0036
7.4500 0.6706 0.6928 0.1136 0.0044
7.4600 0.6662 0.6928 0.1171 0.0052
7.4700 0.6614 0.6928 0.1207 0.0062
7.4800 0.6559 0.6928 0.1243 0.0072
7.4900 0.6498 0.6928 0.1279 0.0084
7.5000 0.6431 0.6927 0.1315 0.0097
7.5100 0.6359 0.6926 0.1351 0.0110
7.5200 0.6280 0.6925 0.1387 0.0124
7.5300 0.6196 0.6923 0.1423 0.0139
7.5400 0.6106 0.6921 0.1459 0.0155
7.5500 0.6012 0.6919 0.1494 0.0171
7.5600 0.5913 0.6916 0.1529 0.0188
7.5700 0.5811 0.6914 0.1563 0.0204
7.5800 0.5707 0.6911 0.1597 0.0222
7.5900 0.5600 0.6908 0.1630 0.0239
7.6000 0.5493 0.6904 0.1662 0.0256
7.6100 0.5386 0.6901 0.1693 0.0274
7.6200 0.5280 0.6897 0.1724 0.0291
7.6300 0.5177 0.6894 0.1753 0.0308
7.6400 0.5078 0.6890 0.1782 0.0325
7.6500 0.4983 0.6886 0.1809 0.0342
7.6600 0.4895 0.6882 0.1835 0.0358
7.6700 0.4813 0.6879 0.1860 0.0374
7.6800 0.4739 0.6875 0.1884 0.0389
7.6900 0.4674 0.6871 0.1906 0.0404
7.7000 0.4619 0.6868 0.1927 0.0418
7.7100 0.4574 0.6865 0.1946 0.0431
7.7200 0.4539 0.6862 0.1964 0.0443
7.7300 0.4516 0.6859 0.1981 0.0454
7.7400 0.4503 0.6857 0.1996 0.0465
7.7500 0.4500 0.6855 0.2009 0.0475
7.7600 0.4508 0.6853 0.2021 0.0483
7.7700 0.4526 0.6851 0.2031 0.0491
7.7800 0.4553 0.6850 0.2039 0.0497
7.7900 0.4589 0.6850 0.2046 0.0503
7.8000 0.4632 0.6849 0.2051 0.0507
7.8100 0.4682 0.6850 0.2054 0.0510
7.8200 0.4737 0.6850 0.2056 0.0512
7.8300 0.4798 0.6851 0.2056 0.0513
7.8400 0.4862 0.6853 0.2054 0.0512
7.8500 0.4929 0.6854 0.2050 0.0511
7.8600 0.4997 0.6857 0.2045 0.0508
7.8700 0.5067 0.6859 0.2038 0.0505
7.8800 0.5137 0.6862 0.2029 0.0500
7.8900 0.5206 0.6865 0.2019 0.0494
7.9000 0.5275 0.6869 0.2007 0.0487
7.9100 0.5341 0.6872 0.1993 0.0479
7.9200 0.5406 0.6876 0.1978 0.0470
7.9300 0.5467 0.6880 0.1961 0.0461
7.9400 0.5526 0.6885 0.1943 0.0450
7.9500 0.5581 0.6889 0.1923 0.0439
7.9600 0.5633 0.6893 0.1902 0.0426
7.9700 0.5682 0.6898 0.1879 0.0413
7.9800 0.5726 0.6902 0.1855 0.0400
7.9900 0.5767 0.6906 0.1830 0.0386
8.0000 0.5805 0.6910 0.1803 0.0371
8.0100 0.5839 0.6914 0.1775 0.0356
8.0200 0.5869 0.6917 0.1747 0.0341
8.0300 0.5896 0.6920 0.1717 0.0326
8.0400 0.5920 0.6923 0.1685 0.0310
8.0500 0.5940 0.6925 0.1653 0.0294
8.0600 0.5958 0.6927 0.1621 0.0278
8.0700 0.5972 0.6928 0.1587 0.0262
8.0800 0.5985 0.6929 0.1553 0.0246
8.0900 0.5995 0.6929 0.1518 0.0231
8.1000 0.6002 0.6929 0.1482 0.0216
8.1100 0.6008 0.6928 0.1446 0.0201
8.1200 0.6013 0.6926 0.1410 0.0187
8.1300 0.6015 0.6924 0.1373 0.0173
8.1400 0.6017 0.6921 0.1336 0.0159
8.1500 0.6018 0.6917 0.1299 0.0147
8.1600 0.6017 0.6913 0.1262 0.0135
8.1700 0.6017 0.6908 0.1225 0.0124
8.1800 0.6016 0.6903 0.1188 0.0113
8.1900 0.6015 0.6897 0.1151 0.0104
8.2000 0.6015 0.6890 0.1115 0.0095
8.2100 0.6015 0.6883 0.1079 0.0088
8.2200 0.6015 0.6875 0.1044 0.0081
8.2300 0.6017 0.6867 0.1009 0.0075
8.2400 0.6019 0.6858 0.0975 0.0071
8.2500 0.6023 0.6849 0.0942 0.0067
8.2600 0.6028 0.6840 0.0910 0.0064
8.2700 0.6034 0.6831 0.0878 0.0063
8.2800 0.6042 0.6821 0.0848 0.0062
8.2900 0.6051 0.6811 0.0818 0.0062
8.3000 0.6062 0.6801 0.0790 0.0062
8.3100 0.6074 0.6791 0.0763 0.0064
8.3200 0.6089 0.6781 0.0737 0.0066
8.3300 0.6104 0.6772 0.0713 0.0068
8.3400 0.6121 0.6762 0.0689 0.0071
8.3500 0.6140 0.6753 0.0668 0.0075
8.3600 0.6160 0.6744 0.0647 0.0078
8.3700 0.6181 0.6736 0.0628 0.0082
8.3800 0.6203 0.6728 0.0610 0.0086
8.3900 0.6227 0.6721 0.0594 0.0090
8.4000 0.6251 0.6714 0.0579 0.0094
8.4100 0.6276 0.6709 0.0566 0.0098
8.4200 0.6302 0.6703 0.0554 0.0101
8.4300 0.6328 0.6699 0.0543 0.0105
8.4400 0.6354 0.6695 0.0534 0.0108
8.4500 0.6381 0.6693 0.0526 0.0110
8.4600 0.6408 0.6691 0.0519 0.0113
8.4700 0.6435 0.6690 0.0513 0.0115
8.4800 0.6461 0.6691 0.0508 0.0116
8.4900 0.6488 0.6692 0.0505 0.0118
8.5000 0.6514 0.6694 0.0502 0.0118
8.5100 0.6540 0.6697 0.0500 0.0119
8.5200 0.6565 0.6701 0.0498 0.0119
8.5300 0.6590 0.6706 0.0498 0.0118
8.5400 0.6614 0.6712 0.0497 0.0117
8.5500 0.6637 0.6719 0.0498 0.0116
8.5600 0.6659 0.6726 0.0498 0.0114
8.5700 0.6681 0.6734 0.0499 0.0112
8.5800 0.6701 0.6743 0.0500 0.0110
8.5900 0.6721 0.6753 0.0501 0.0107
8.6000 0.6740 0.6763 0.0502 0.0105
8.6100 0.6757 0.6774 0.0503 0.0102
8.6200 0.6774 0.6785 0.0504 0.0099
8.6300 0.6789 0.6796 0.0505 0.0096
8.6400 0.6803 0.6808 0.0505 0.0093
8.6500 0.6816 0.6819 0.0505 0.0090
8.6600 0.6828 0.6831 0.0505 0.0087
8.6700 0.6839 0.6843 0.0504 0.0085
8.6800 0.6848 0.6854 0.0502 0.0083
8.6900 0.6857 0.6865 0.0500 0.0081
8.7000 0.6864 0.6875 0.0497 0.0080
8.7100 0.6870 0.6885 0.0493 0.0080
8.7200 0.6875 0.6894 0.0489 0.0080
8.7300 0.6880 0.6903 0.0484 0.0081
8.7400 0.6883 0.6910 0.0479 0.0083
8.7500 0.6885 0.6916 0.0472 0.0086
8.7600 0.6887 0.6922 0.0465 0.0089
8.7700 0.6888 0.6926 0.0457 0.0093
8.7800 0.6889 0.6929 0.0448 0.0099
8.7900 0.6889 0.6930 0.0438 0.0105
8.8000 0.6888 0.6930 0.0428 0.0112
8.8100 0.6887 0.6928 0.0417 0.0120
8.8200 0.6885 0.6925 0.0405 0.0129
8.8300 0.6883 0.6920 0.0393 0.0138
8.8400 0.6880 0.6913 0.0380 0.0149
8.8500 0.6877 0.6905 0.0366 0.0160
8.8600 0.6872 0.6894 0.0352 0.0171
8.8700 0.6867 0.6882 0.0337 0.0184
8.8800 0.6860 0.6867 0.0322 0.0197
8.8900 0.6851 0.6851 0.0306 0.0210
8.9000 0.6841 0.6833 0.0291 0.0224
8.9100 0.6829 0.6813 0.0275 0.0239
8.9200 0.6814 0.6791 0.0259 0.0253
8.9300 0.6796 0.6767 0.0243 0.0268
8.9400 0.6774 0.6741 0.0227 0.0283
8.9500 0.6750 0.6713 0.0211 0.0298
8.9600 0.6721 0.6684 0.0195 0.0313
8.9700 0.6687 0.6652 0.0181 0.0328
8.9800 0.6649 0.6619 0.0166 0.0342
8.9900 0.6606 0.6584 0.0153 0.0357
9.0000 0.6559 0.6548 0.0140 0.0371
9.0100 0.6506 0.6510 0.0128 0.0385
9.0200 0.6447 0.6470 0.0118 0.0398
9.0300 0.6384 0.6429 0.0109 0.0411
9.0400 0.6316 0.6387 0.0101 0.0423
9.0500 0.6244 0.6344 0.0095 0.0434
9.0600 0.6168 0.6299 0.0091 0.0445
9.0700 0.6089 0.6254 0.0090 0.0455
9.0800 0.6007 0.6207 0.0090 0.0464
9.0900 0.5923 0.6160 0.0093 0.0472
9.1000 0.5839 0.6112 0.0097 0.0479
9.1100 0.5755 0.6064 0.0105 0.0485
9.1200 0.5672 0.6015 0.0114 0.0491
9.1300 0.5593 0.5966 0.0126 0.0495
9.1400 0.5517 0.5917 0.0140 0.0498
9.1500 0.5447 0.5868 0.0157 0.0500
9.1600 0.5383 0.5819 0.0175 0.0501
9.1700 0.5326 0.5770 0.0196 0.0501
9.1800 0.5279 0.5721 0.0218 0.0500
9.1900 0.5241 0.5673 0.0242 0.0497
9.2000 0.5214 0.5625 0.0268 0.0494
9.2100 0.5198 0.5578 0.0295 0.0489
9.2200 0.5193 0.5532 0.0324 0.0483
9.2300 0.5199 0.5487 0.0355 0.0477
9.2400 0.5217 0.5443 0.0386 0.0469
9.2500 0.5246 0.5400 0.0419 0.0460
9.2600 0.5286 0.5358 0.0453 0.0450
9.2700 0.5335 0.5317 0.0488 0.0439
9.2800 0.5393 0.5278 0.0524 0.0428
9.2900 0.5459 0.5240 0.0561 0.0415
9.3000 0.5532 0.5204 0.0599 0.0402
9.3100 0.5610 0.5169 0.0637 0.0388
9.3200 0.5692 0.5136 0.0675 0.0373
9.3300 0.5776 0.5104 0.0714 0.0358
9.3400 0.5862 0.5074 0.0754 0.0342
9.3500 0.5949 0.5045 0.0793 0.0326
9.3600 0.6034 0.5019 0.0833 0.0310
9.3700 0.6117 0.4993 0.0872 0.0293
9.3800 0.6198 0.4970 0.0912 0.0276
9.3900 0.6275 0.4948 0.0951 0.0258
9.4000 0.6348 0.4927 0.0990 0.0241
9.4100 0.6416 0.4908 0.1029 0.0224
9.4200 0.6478 0.4891 0.1067 0.0207
9.4300 0.6536 0.4875 0.1105 0.0190
9.4400 0.6588 0.4861 0.1142 0.0173
9.4500 0.6634 0.4848 0.1178 0.0157
9.4600 0.6675 0.4836 0.1214 0.0141
9.4700 0.6711 0.4825 0.1248 0.0126
9.4800 0.6742 0.4816 0.1282 0.0112
9.4900 0.6769 0.4807 0.1315 0.0098
9.5000 0.6791 0.4800 0.1347 0.0085
9.5100 0.6809 0.4793 0.1377 0.0073
9.5200 0.6824 0.4788 0.1407 0.0062
9.5300 0.6836 0.4783 0.1435 0.0052
9.5400 0.6846 0.4778 0.1462 0.0043
9.5500 0.6852 0.4775 0.1488 0.0036
9.5600 0.6857 0.4771 0.1512 0.0030
9.5700 0.6860 0.4769 0.1535 0.0025
9.5800 0.6861 0.4766 0.1557 0.0021
9.5900 0.6860 0.4764 0.1577 0.0019
9.6000 0.6857 0.4762 0.1596 0.0019
9.6100 0.6853 0.4759 0.1613 0.0020
9.6200 0.6847 0.4757 0.1629 0.0023
9.6300 0.6839 0.4755 0.1643 0.0026
9.6400 0.6829 0.4753 0.1656 0.0031
9.6500 0.6816 0.4750 0.1667 0.0037
9.6600 0.6801 0.4747 0.1677 0.0043
9.6700 0.6784 0.4743 0.1685 0.0051
9.6800 0.6764 0.4739 0.1692 0.0058
9.6900 0.6741 0.4735 0.1697 0.0067
9.7000 0.6715 0.4730 0.1701 0.0075
9.7100 0.6686 0.4724 0.1703 0.0084
9.7200 0.6653 0.4717 0.1704 0.0093
9.7300 0.6618 0.4709 0.1703 0.0102
9.7400 0.6580 0.4701 0.1701 0.0111
9.7500 0.6538 0.4691 0.1698 0.0120
9.7600 0.6494 0.4681 0.1693 0.0129
9.7700 0.6448 0.4669 0.1687 0.0138
9.7800 0.6399 0.4657 0.1680 0.0146
9.7900 0.6349 0.4643 0.1672 0.0154
9.8000 0.6297 0.4627 0.1662 0.0161
9.8100 0.6244 0.4611 0.1652 0.0168
9.8200 0.6190 0.4593 0.1640 0.0175
9.8300 0.6136 0.4574 0.1628 0.0181
9.8400 0.6082 0.4553 0.1614 0.0187
9.8500 0.6029 0.4531 0.1600 0.0192
9.8600 0.5977 0.4507 0.1585 0.0196
9.8700 0.5927 0.4481 0.1569 0.0200
9.8800 0.5878 0.4454 0.1553 0.0203
9.8900 0.5832 0.4426 0.1536 0.0206
9.9000 0.5788 0.4395 0.1519 0.0208
9.9100 0.5748 0.4363 0.1501 0.0209
9.9200 0.5710 0.4329 0.1483 0.0210
9.9300 0.5676 0.4293 0.1465 0.0210
9.9400 0.5646 0.4256 0.1446 0.0210
9.9500 0.5620 0.4217 0.1428 0.0210
9.9600 0.5598 0.4176 0.1410 0.0209
9.9700 0.5579 0.4133 0.1391 0.0207
9.9800 0.5565 0.4088 0.1373 0.0206
9.9900 0.5554 0.4041 0.1356 0.0204
10.0000 0.5548 0.3992 0.1338 0.0202
