 t	 a	 b	 c	 d
0.0000 1.0000 1.0000 1.0000 1.0000
0.0199 0.9985 0.9984 0.9982 0.9981
0.0399 0.9940 0.9935 0.9930 0.9924
0.0599 0.9866 0.9856 0.9845 0.9833
0.0798 0.9763 0.9748 0.9731 0.9713
0.0998 0.9632 0.9612 0.9591 0.9569
0.1197 0.9474 0.9452 0.9429 0.9407
0.1396 0.9291 0.9269 0.9249 0.9233
0.1596 0.9084 0.9066 0.9055 0.9053
0.1795 0.8853 0.8846 0.8852 0.8873
0.1995 0.8600 0.8610 0.8643 0.8698
0.2194 0.8326 0.8361 0.8433 0.8536
0.2394 0.8032 0.8103 0.8227 0.8394
0.2593 0.7721 0.7839 0.8032 0.8277
0.2793 0.7395 0.7574 0.7853 0.8192
0.2992 0.7054 0.7311 0.7695 0.8144
0.3192 0.6703 0.7056 0.7563 0.8134
0.3392 0.6343 0.6811 0.7461 0.8163
0.3591 0.5977 0.6580 0.7392 0.8228
0.3790 0.5606 0.6367 0.7355 0.8326
0.3990 0.5234 0.6174 0.7351 0.8452
0.4189 0.4861 0.6002 0.7380 0.8599
0.4389 0.4491 0.5853 0.7439 0.8763
0.4588 0.4124 0.5730 0.7527 0.8938
0.4788 0.3764 0.5634 0.7643 0.9119
0.4987 0.3412 0.5566 0.7785 0.9298
0.5187 0.3071 0.5529 0.7950 0.9470
0.5386 0.2743 0.5523 0.8134 0.9628
0.5586 0.2431 0.5549 0.8334 0.9764
0.5786 0.2137 0.5608 0.8544 0.9873
0.5985 0.1862 0.5698 0.8757 0.9950
0.6184 0.1610 0.5817 0.8968 0.9989
0.6384 0.1380 0.5964 0.9169 0.9992
0.6583 0.1175 0.6136 0.9357 0.9957
0.6783 0.0995 0.6328 0.9526 0.9888
0.6982 0.0840 0.6540 0.9673 0.9789
0.7182 0.0712 0.6767 0.9794 0.9662
0.7381 0.0611 0.7007 0.9888 0.9514
0.7581 0.0538 0.7258 0.9953 0.9349
0.7780 0.0494 0.7516 0.9986 0.9172
0.7980 0.0479 0.7779 0.9988 0.8989
0.8179 0.0494 0.8044 0.9956 0.8807
0.8379 0.0539 0.8305 0.9890 0.8633
0.8579 0.0614 0.8560 0.9792 0.8476
0.8778 0.0718 0.8803 0.9664 0.8343
0.8977 0.0850 0.9031 0.9509 0.8240
0.9177 0.1010 0.9241 0.9333 0.8171
0.9376 0.1195 0.9428 0.9141 0.8140
0.9576 0.1404 0.9591 0.8938 0.8147
0.9775 0.1637 0.9728 0.8730 0.8189
0.9975 0.1891 0.9837 0.8521 0.8264
1.0174 0.2165 0.9918 0.8317 0.8368
1.0374 0.2458 0.9970 0.8121 0.8498
1.0574 0.2768 0.9992 0.7938 0.8649
1.0773 0.3094 0.9983 0.7772 0.8816
1.0972 0.3434 0.9944 0.7626 0.8994
1.1172 0.3786 0.9874 0.7507 0.9177
1.1372 0.4148 0.9774 0.7416 0.9358
1.1571 0.4516 0.9645 0.7358 0.9529
1.1770 0.4889 0.9489 0.7336 0.9681
1.1970 0.5264 0.9309 0.7349 0.9809
1.2169 0.5638 0.9109 0.7396 0.9906
1.2369 0.6009 0.8890 0.7477 0.9968
1.2569 0.6375 0.8656 0.7587 0.9994
1.2768 0.6733 0.8411 0.7724 0.9985
1.2967 0.7083 0.8156 0.7882 0.9940
1.3167 0.7421 0.7896 0.8059 0.9862
1.3367 0.7746 0.7633 0.8250 0.9755
1.3566 0.8057 0.7371 0.8452 0.9621
1.3765 0.8349 0.7112 0.8660 0.9464
1.3965 0.8623 0.6861 0.8870 0.9290
1.4164 0.8875 0.6623 0.9076 0.9106
1.4364 0.9105 0.6401 0.9273 0.8918
1.4564 0.9310 0.6198 0.9454 0.8735
1.4763 0.9489 0.6020 0.9615 0.8566
1.4962 0.9642 0.5866 0.9751 0.8419
1.5162 0.9768 0.5741 0.9857 0.8300
1.5362 0.9867 0.5644 0.9933 0.8213
1.5561 0.9937 0.5576 0.9976 0.8160
1.5760 0.9979 0.5537 0.9986 0.8142
1.5960 0.9993 0.5528 0.9965 0.8159
1.6159 0.9977 0.5548 0.9912 0.8210
1.6359 0.9932 0.5598 0.9829 0.8292
1.6558 0.9858 0.5678 0.9718 0.8403
1.6758 0.9755 0.5787 0.9579 0.8540
1.6957 0.9624 0.5925 0.9417 0.8699
1.7157 0.9465 0.6090 0.9234 0.8875
1.7357 0.9279 0.6280 0.9035 0.9061
1.7556 0.9069 0.6492 0.8825 0.9248
1.7755 0.8834 0.6721 0.8612 0.9428
1.7955 0.8578 0.6965 0.8401 0.9593
1.8154 0.8302 0.7218 0.8198 0.9735
1.8354 0.8007 0.7478 0.8009 0.9849
1.8553 0.7695 0.7740 0.7838 0.9931
1.8753 0.7368 0.8002 0.7688 0.9979
1.8952 0.7028 0.8259 0.7563 0.9993
1.9152 0.6675 0.8510 0.7463 0.9971
1.9352 0.6314 0.8752 0.7393 0.9915
1.9551 0.5946 0.8981 0.7352 0.9826
1.9750 0.5573 0.9193 0.7345 0.9708
1.9950 0.5199 0.9386 0.7371 0.9563
2.0149 0.4825 0.9556 0.7430 0.9396
2.0349 0.4455 0.9700 0.7523 0.9216
2.0549 0.4090 0.9817 0.7647 0.9029
2.0748 0.3732 0.9905 0.7798 0.8844
2.0947 0.3384 0.9962 0.7972 0.8669
2.1147 0.3047 0.9989 0.8162 0.8512
2.1347 0.2723 0.9985 0.8364 0.8379
2.1546 0.2414 0.9952 0.8572 0.8274
2.1745 0.2121 0.9888 0.8781 0.8200
2.1945 0.1847 0.9796 0.8987 0.8158
2.2144 0.1594 0.9675 0.9185 0.8149
2.2344 0.1363 0.9527 0.9371 0.8174
2.2543 0.1157 0.9353 0.9540 0.8233
2.2743 0.0977 0.9155 0.9689 0.8325
2.2942 0.0824 0.8937 0.9812 0.8447
2.3142 0.0699 0.8702 0.9906 0.8596
2.3341 0.0602 0.8453 0.9968 0.8765
2.3541 0.0534 0.8196 0.9995 0.8948
2.3740 0.0494 0.7934 0.9988 0.9135
2.3940 0.0483 0.7671 0.9945 0.9318
2.4139 0.0501 0.7410 0.9871 0.9490
2.4339 0.0547 0.7155 0.9766 0.9643
2.4539 0.0622 0.6908 0.9636 0.9772
2.4738 0.0726 0.6672 0.9482 0.9873
2.4937 0.0858 0.6450 0.9309 0.9943
2.5137 0.1018 0.6245 0.9120 0.9981
2.5336 0.1204 0.6060 0.8920 0.9984
2.5536 0.1417 0.5898 0.8711 0.9953
2.5736 0.1653 0.5763 0.8500 0.9886
2.5935 0.1911 0.5656 0.8291 0.9786
2.6134 0.2190 0.5580 0.8092 0.9656
2.6334 0.2487 0.5535 0.7907 0.9501
2.6533 0.2800 0.5523 0.7743 0.9328
2.6733 0.3127 0.5542 0.7603 0.9145
2.6932 0.3467 0.5592 0.7493 0.8961
2.7132 0.3818 0.5670 0.7413 0.8782
2.7331 0.4178 0.5776 0.7366 0.8616
2.7531 0.4544 0.5909 0.7350 0.8469
2.7731 0.4916 0.6066 0.7366 0.8345
2.7930 0.5289 0.6247 0.7413 0.8248
2.8129 0.5663 0.6449 0.7490 0.8181
2.8329 0.6035 0.6670 0.7597 0.8147
2.8529 0.6401 0.6908 0.7730 0.8147
2.8728 0.6760 0.7159 0.7888 0.8184
2.8927 0.7109 0.7418 0.8068 0.8256
2.9127 0.7446 0.7682 0.8265 0.8362
2.9326 0.7769 0.7947 0.8472 0.8498
2.9526 0.8077 0.8208 0.8685 0.8658
2.9725 0.8368 0.8462 0.8897 0.8835
2.9925 0.8639 0.8705 0.9102 0.9020
3.0124 0.8891 0.8935 0.9294 0.9205
3.0324 0.9120 0.9149 0.9469 0.9382
3.0523 0.9325 0.9345 0.9624 0.9546
3.0723 0.9505 0.9519 0.9755 0.9691
3.0922 0.9658 0.9670 0.9860 0.9812
3.1122 0.9783 0.9795 0.9936 0.9905
3.1321 0.9879 0.9892 0.9981 0.9967
3.1521 0.9946 0.9958 0.9994 0.9994
3.1721 0.9984 0.9992 0.9972 0.9985
3.1920 0.9992 0.9995 0.9916 0.9939
3.2119 0.9972 0.9964 0.9826 0.9856
3.2319 0.9923 0.9903 0.9706 0.9741
3.2519 0.9845 0.9812 0.9559 0.9598
3.2718 0.9740 0.9692 0.9389 0.9434
3.2917 0.9607 0.9547 0.9202 0.9257
3.3117 0.9447 0.9378 0.9003 0.9075
3.3316 0.9261 0.9188 0.8797 0.8894
3.3516 0.9050 0.8977 0.8589 0.8721
3.3716 0.8815 0.8750 0.8383 0.8562
3.3915 0.8557 0.8508 0.8184 0.8421
3.4114 0.8279 0.8254 0.7995 0.8303
3.4314 0.7982 0.7993 0.7821 0.8213
3.4513 0.7669 0.7728 0.7668 0.8155
3.4713 0.7340 0.7464 0.7539 0.8132
3.4912 0.6999 0.7204 0.7439 0.8148
3.5112 0.6648 0.6953 0.7372 0.8202
3.5311 0.6287 0.6715 0.7339 0.8292
3.5511 0.5920 0.6492 0.7342 0.8414
3.5711 0.5548 0.6286 0.7380 0.8563
3.5910 0.5173 0.6101 0.7450 0.8730
3.6109 0.4799 0.5938 0.7550 0.8909
3.6309 0.4426 0.5798 0.7677 0.9092
3.6509 0.4059 0.5685 0.7827 0.9273
3.6708 0.3699 0.5599 0.7997 0.9444
3.6907 0.3350 0.5544 0.8183 0.9601
3.7107 0.3013 0.5520 0.8382 0.9739
3.7306 0.2690 0.5528 0.8589 0.9852
3.7506 0.2384 0.5569 0.8800 0.9935
3.7706 0.2096 0.5641 0.9008 0.9984
3.7905 0.1826 0.5744 0.9209 0.9996
3.8104 0.1578 0.5876 0.9396 0.9971
3.8304 0.1351 0.6032 0.9563 0.9908
3.8503 0.1147 0.6212 0.9706 0.9811
3.8703 0.0968 0.6411 0.9822 0.9686
3.8902 0.0815 0.6629 0.9908 0.9537
3.9102 0.0690 0.6861 0.9962 0.9371
3.9301 0.0593 0.7106 0.9985 0.9196
3.9501 0.0526 0.7361 0.9976 0.9016
3.9701 0.0489 0.7623 0.9935 0.8838
3.9900 0.0481 0.7888 0.9863 0.8668
4.0099 0.0503 0.8152 0.9761 0.8511
4.0299 0.0555 0.8412 0.9631 0.8374
4.0499 0.0635 0.8662 0.9475 0.8263
4.0698 0.0742 0.8899 0.9296 0.8182
4.0897 0.0877 0.9119 0.9100 0.8138
4.1097 0.1037 0.9319 0.8893 0.8133
4.1296 0.1224 0.9495 0.8681 0.8166
4.1496 0.1435 0.9647 0.8469 0.8237
4.1696 0.1670 0.9773 0.8264 0.8341
4.1895 0.1928 0.9871 0.8071 0.8472
4.2094 0.2207 0.9941 0.7894 0.8625
4.2294 0.2506 0.9981 0.7737 0.8793
4.2493 0.2822 0.9991 0.7602 0.8969
4.2693 0.3152 0.9970 0.7492 0.9149
4.2892 0.3496 0.9918 0.7410 0.9326
4.3092 0.3850 0.9835 0.7358 0.9495
4.3292 0.4211 0.9723 0.7339 0.9648
4.3491 0.4579 0.9582 0.7355 0.9780
4.3690 0.4950 0.9417 0.7405 0.9885
4.3890 0.5323 0.9228 0.7490 0.9958
4.4089 0.5695 0.9021 0.7605 0.9994
4.4289 0.6065 0.8796 0.7749 0.9992
4.4489 0.6430 0.8558 0.7916 0.9952
4.4688 0.6788 0.8308 0.8101 0.9878
4.4887 0.7137 0.8051 0.8299 0.9772
4.5087 0.7474 0.7788 0.8505 0.9641
4.5286 0.7797 0.7524 0.8713 0.9488
4.5486 0.8104 0.7262 0.8920 0.9319
4.5685 0.8392 0.7005 0.9122 0.9141
4.5885 0.8661 0.6759 0.9313 0.8959
4.6084 0.8908 0.6527 0.9489 0.8779
4.6284 0.9133 0.6314 0.9645 0.8608
4.6483 0.9334 0.6122 0.9777 0.8454
4.6683 0.9511 0.5955 0.9880 0.8324
4.6883 0.9662 0.5814 0.9951 0.8224
4.7082 0.9786 0.5700 0.9988 0.8160
4.7281 0.9882 0.5614 0.9991 0.8133
4.7481 0.9950 0.5558 0.9960 0.8145
4.7680 0.9988 0.5530 0.9896 0.8194
4.7880 0.9996 0.5532 0.9803 0.8277
4.8079 0.9975 0.5564 0.9682 0.8388
4.8279 0.9923 0.5626 0.9538 0.8524
4.8479 0.9842 0.5719 0.9372 0.8680
4.8678 0.9733 0.5841 0.9188 0.8850
4.8877 0.9596 0.5992 0.8991 0.9029
4.9077 0.9432 0.6168 0.8783 0.9211
4.9276 0.9243 0.6368 0.8571 0.9389
4.9476 0.9030 0.6588 0.8360 0.9557
4.9675 0.8793 0.6823 0.8156 0.9706
4.9875 0.8535 0.7070 0.7966 0.9829
5.0074 0.8255 0.7325 0.7796 0.9921
5.0274 0.7957 0.7585 0.7649 0.9978
5.0473 0.7642 0.7847 0.7530 0.9997
5.0673 0.7311 0.8107 0.7441 0.9979
5.0872 0.6968 0.8363 0.7382 0.9926
5.1072 0.6615 0.8611 0.7354 0.9840
5.1272 0.6253 0.8848 0.7358 0.9726
5.1471 0.5886 0.9071 0.7393 0.9587
5.1670 0.5515 0.9276 0.7459 0.9428
5.1870 0.5143 0.9460 0.7555 0.9254
5.2069 0.4771 0.9619 0.7681 0.9071
5.2269 0.4402 0.9752 0.7832 0.8886
5.2469 0.4037 0.9857 0.8007 0.8707
5.2668 0.3678 0.9932 0.8200 0.8541
5.2867 0.3329 0.9977 0.8406 0.8398
5.3067 0.2991 0.9992 0.8618 0.8283
5.3266 0.2667 0.9976 0.8831 0.8201
5.3466 0.2359 0.9931 0.9038 0.8154
5.3665 0.2070 0.9856 0.9234 0.8145
5.3865 0.1801 0.9751 0.9415 0.8170
5.4064 0.1554 0.9618 0.9578 0.8230
5.4264 0.1330 0.9458 0.9718 0.8320
5.4463 0.1130 0.9274 0.9833 0.8437
5.4663 0.0956 0.9066 0.9920 0.8578
5.4863 0.0808 0.8841 0.9976 0.8739
5.5062 0.0686 0.8600 0.9998 0.8915
5.5261 0.0592 0.8348 0.9986 0.9098
5.5461 0.0526 0.8089 0.9940 0.9282
5.5660 0.0489 0.7827 0.9859 0.9458
5.5860 0.0481 0.7565 0.9747 0.9619
5.6059 0.0504 0.7307 0.9608 0.9756
5.6259 0.0556 0.7055 0.9445 0.9865
5.6459 0.0638 0.6812 0.9265 0.9941
5.6658 0.0750 0.6580 0.9071 0.9982
5.6857 0.0889 0.6364 0.8868 0.9987
5.7057 0.1055 0.6166 0.8661 0.9958
5.7256 0.1246 0.5991 0.8454 0.9896
5.7456 0.1461 0.5840 0.8251 0.9803
5.7655 0.1699 0.5717 0.8057 0.9681
5.7855 0.1957 0.5623 0.7877 0.9534
5.8054 0.2236 0.5561 0.7715 0.9367
5.8254 0.2533 0.5531 0.7578 0.9186
5.8453 0.2848 0.5531 0.7469 0.9000
5.8653 0.3177 0.5563 0.7392 0.8815
5.8852 0.3520 0.5623 0.7350 0.8641
5.9052 0.3874 0.5712 0.7343 0.8486
5.9252 0.4237 0.5829 0.7369 0.8356
5.9451 0.4607 0.5971 0.7429 0.8255
5.9650 0.4980 0.6138 0.7518 0.8187
5.9850 0.5354 0.6328 0.7635 0.8153
6.0049 0.5726 0.6539 0.7776 0.8153
6.0249 0.6096 0.6768 0.7938 0.8187
6.0448 0.6460 0.7012 0.8119 0.8254
6.0648 0.6816 0.7267 0.8314 0.8351
6.0847 0.7164 0.7529 0.8520 0.8477
6.1047 0.7499 0.7794 0.8731 0.8627
6.1246 0.7821 0.8057 0.8941 0.8797
6.1446 0.8128 0.8315 0.9146 0.8980
6.1646 0.8417 0.8564 0.9337 0.9167
6.1845 0.8686 0.8802 0.9511 0.9351
6.2044 0.8933 0.9026 0.9662 0.9522
6.2244 0.9157 0.9233 0.9787 0.9673
6.2443 0.9355 0.9421 0.9883 0.9800
6.2643 0.9529 0.9587 0.9949 0.9897
6.2843 0.9675 0.9728 0.9984 0.9961
6.3042 0.9794 0.9841 0.9987 0.9992
6.3241 0.9885 0.9925 0.9958 0.9988
6.3441 0.9949 0.9977 0.9897 0.9949
6.3641 0.9984 0.9998 0.9804 0.9875
6.3840 0.9990 0.9986 0.9681 0.9769
6.4039 0.9967 0.9942 0.9531 0.9634
6.4239 0.9915 0.9869 0.9357 0.9475
6.4438 0.9834 0.9766 0.9165 0.9298
6.4638 0.9724 0.9637 0.8961 0.9112
6.4837 0.9586 0.9482 0.8749 0.8925
6.5037 0.9420 0.9304 0.8538 0.8745
6.5236 0.9229 0.9106 0.8332 0.8581
6.5436 0.9013 0.8887 0.8135 0.8437
6.5636 0.8774 0.8653 0.7953 0.8319
6.5835 0.8513 0.8405 0.7788 0.8229
6.6034 0.8233 0.8147 0.7644 0.8170
6.6234 0.7934 0.7884 0.7524 0.8145
6.6433 0.7618 0.7619 0.7431 0.8153
6.6633 0.7287 0.7357 0.7368 0.8197
6.6832 0.6943 0.7102 0.7339 0.8275
6.7032 0.6588 0.6856 0.7344 0.8386
6.7232 0.6225 0.6624 0.7385 0.8526
6.7431 0.5855 0.6408 0.7460 0.8689
6.7630 0.5481 0.6210 0.7568 0.8868
6.7830 0.5106 0.6033 0.7704 0.9055
6.8029 0.4733 0.5878 0.7863 0.9242
6.8229 0.4364 0.5748 0.8042 0.9420
6.8428 0.4001 0.5645 0.8235 0.9582
6.8628 0.3646 0.5572 0.8437 0.9722
6.8827 0.3300 0.5530 0.8644 0.9837
6.9027 0.2967 0.5520 0.8852 0.9923
6.9226 0.2646 0.5543 0.9056 0.9976
6.9426 0.2341 0.5598 0.9252 0.9995
6.9626 0.2053 0.5684 0.9434 0.9978
6.9825 0.1784 0.5799 0.9597 0.9925
7.0024 0.1536 0.5940 0.9737 0.9837
7.0224 0.1312 0.6106 0.9849 0.9718
7.0423 0.1112 0.6293 0.9929 0.9572
7.0623 0.0939 0.6499 0.9977 0.9405
7.0823 0.0793 0.6722 0.9991 0.9226
7.1022 0.0675 0.6960 0.9971 0.9042
7.1221 0.0586 0.7211 0.9919 0.8862
7.1421 0.0524 0.7470 0.9838 0.8691
7.1621 0.0492 0.7734 0.9728 0.8535
7.1820 0.0488 0.8000 0.9592 0.8400
7.2019 0.0512 0.8264 0.9433 0.8289
7.2219 0.0566 0.8520 0.9255 0.8207
7.2418 0.0648 0.8764 0.9059 0.8156
7.2618 0.0758 0.8994 0.8853 0.8140
7.2817 0.0897 0.9204 0.8640 0.8160
7.3017 0.1064 0.9394 0.8427 0.8218
7.3216 0.1257 0.9560 0.8220 0.8312
7.3416 0.1475 0.9702 0.8025 0.8437
7.3616 0.1717 0.9817 0.7849 0.8588
7.3815 0.1980 0.9904 0.7696 0.8758
7.4014 0.2264 0.9962 0.7568 0.8939
7.4214 0.2564 0.9990 0.7468 0.9123
7.4413 0.2881 0.9987 0.7398 0.9303
7.4613 0.3212 0.9953 0.7359 0.9472
7.4812 0.3554 0.9887 0.7350 0.9625
7.5012 0.3907 0.9792 0.7373 0.9757
7.5212 0.4269 0.9667 0.7428 0.9863
7.5411 0.4637 0.9516 0.7515 0.9940
7.5610 0.5010 0.9342 0.7632 0.9984
7.5810 0.5384 0.9145 0.7777 0.9992
7.6009 0.5757 0.8931 0.7947 0.9962
7.6209 0.6127 0.8701 0.8136 0.9896
7.6408 0.6491 0.8457 0.8339 0.9795
7.6608 0.6848 0.8204 0.8550 0.9665
7.6807 0.7193 0.7943 0.8762 0.9512
7.7007 0.7526 0.7678 0.8971 0.9343
7.7207 0.7846 0.7413 0.9171 0.9164
7.7406 0.8149 0.7152 0.9357 0.8984
7.7605 0.8435 0.6900 0.9527 0.8807
7.7805 0.8701 0.6659 0.9675 0.8640
7.8004 0.8947 0.6436 0.9799 0.8488
7.8204 0.9171 0.6232 0.9896 0.8356
7.8403 0.9370 0.6051 0.9962 0.8251
7.8603 0.9544 0.5895 0.9994 0.8177
7.8803 0.9690 0.5766 0.9992 0.8138
7.9002 0.9809 0.5663 0.9955 0.8137
7.9201 0.9898 0.5588 0.9884 0.8174
7.9401 0.9958 0.5542 0.9782 0.8249
7.9600 0.9989 0.5526 0.9652 0.8358
7.9800 0.9991 0.5539 0.9498 0.8495
7.9999 0.9963 0.5584 0.9324 0.8652
8.0199 0.9907 0.5659 0.9136 0.8825
8.0398 0.9822 0.5765 0.8937 0.9004
8.0598 0.9709 0.5901 0.8732 0.9185
8.0798 0.9569 0.6064 0.8523 0.9361
8.0997 0.9402 0.6251 0.8317 0.9527
8.1197 0.9210 0.6459 0.8118 0.9676
8.1396 0.8992 0.6685 0.7931 0.9802
8.1595 0.8751 0.6925 0.7762 0.9901
8.1795 0.8488 0.7174 0.7617 0.9967
8.1994 0.8205 0.7431 0.7499 0.9997
8.2194 0.7904 0.7691 0.7413 0.9988
8.2393 0.7587 0.7952 0.7361 0.9941
8.2593 0.7256 0.8211 0.7343 0.9859
8.2792 0.6913 0.8465 0.7359 0.9745
8.2992 0.6559 0.8710 0.7406 0.9607
8.3192 0.6197 0.8942 0.7484 0.9448
8.3391 0.5829 0.9158 0.7590 0.9277
8.3590 0.5456 0.9354 0.7722 0.9098
8.3790 0.5081 0.9528 0.7876 0.8918
8.3989 0.4706 0.9676 0.8051 0.8742
8.4189 0.4335 0.9797 0.8243 0.8576
8.4388 0.3969 0.9889 0.8447 0.8428
8.4588 0.3612 0.9952 0.8658 0.8304
8.4787 0.3265 0.9985 0.8871 0.8210
8.4987 0.2932 0.9988 0.9078 0.8151
8.5187 0.2613 0.9961 0.9275 0.8131
8.5386 0.2311 0.9903 0.9455 0.8149
8.5585 0.2028 0.9816 0.9613 0.8205
8.5785 0.1763 0.9699 0.9747 0.8295
8.5984 0.1520 0.9554 0.9854 0.8414
8.6184 0.1299 0.9382 0.9931 0.8557
8.6383 0.1101 0.9187 0.9978 0.8718
8.6583 0.0929 0.8971 0.9992 0.8890
8.6783 0.0783 0.8739 0.9974 0.9070
8.6982 0.0665 0.8494 0.9923 0.9250
8.7181 0.0576 0.8240 0.9839 0.9424
8.7381 0.0517 0.7980 0.9723 0.9586
8.7580 0.0487 0.7719 0.9580 0.9728
8.7780 0.0487 0.7458 0.9412 0.9845
8.7980 0.0517 0.7202 0.9225 0.9931
8.8179 0.0575 0.6952 0.9024 0.9981
8.8378 0.0662 0.6713 0.8815 0.9993
8.8578 0.0776 0.6486 0.8605 0.9968
8.8777 0.0917 0.6277 0.8398 0.9908
8.8977 0.1084 0.6088 0.8199 0.9816
8.9177 0.1277 0.5923 0.8011 0.9696
8.9376 0.1494 0.5784 0.7839 0.9553
8.9575 0.1735 0.5674 0.7687 0.9392
8.9775 0.1998 0.5595 0.7557 0.9218
8.9974 0.2282 0.5546 0.7453 0.9036
9.0174 0.2585 0.5528 0.7380 0.8854
9.0373 0.2904 0.5541 0.7341 0.8677
9.0573 0.3238 0.5584 0.7336 0.8515
9.0772 0.3583 0.5655 0.7367 0.8374
9.0972 0.3939 0.5754 0.7433 0.8262
9.1172 0.4302 0.5881 0.7531 0.8184
9.1371 0.4670 0.6033 0.7658 0.8143
9.1570 0.5041 0.6211 0.7810 0.8139
9.1770 0.5414 0.6411 0.7981 0.8172
9.1969 0.5787 0.6631 0.8168 0.8239
9.2169 0.6156 0.6867 0.8366 0.8337
9.2369 0.6520 0.7117 0.8572 0.8460
9.2568 0.6876 0.7375 0.8780 0.8606
9.2767 0.7223 0.7638 0.8986 0.8769
9.2967 0.7556 0.7901 0.9186 0.8945
9.3166 0.7875 0.8162 0.9373 0.9127
9.3366 0.8177 0.8416 0.9544 0.9309
9.3565 0.8461 0.8661 0.9692 0.9483
9.3765 0.8724 0.8894 0.9813 0.9641
9.3964 0.8966 0.9112 0.9904 0.9776
9.4164 0.9184 0.9313 0.9962 0.9882
9.4363 0.9379 0.9492 0.9988 0.9954
9.4563 0.9549 0.9649 0.9980 0.9990
9.4763 0.9694 0.9778 0.9941 0.9990
9.4962 0.9811 0.9879 0.9870 0.9954
9.5161 0.9900 0.9949 0.9770 0.9885
9.5361 0.9960 0.9988 0.9644 0.9785
9.5560 0.9991 0.9994 0.9492 0.9657
9.5760 0.9992 0.9968 0.9318 0.9506
9.5959 0.9963 0.9912 0.9126 0.9337
9.6159 0.9904 0.9827 0.8920 0.9155
9.6358 0.9817 0.9714 0.8707 0.8967
9.6558 0.9701 0.9575 0.8493 0.8783
9.6758 0.9557 0.9411 0.8283 0.8609
9.6957 0.9388 0.9224 0.8085 0.8455
9.7157 0.9193 0.9017 0.7904 0.8328
9.7356 0.8973 0.8791 0.7744 0.8231
9.7555 0.8731 0.8550 0.7608 0.8169
9.7755 0.8466 0.8297 0.7498 0.8142
9.7954 0.8182 0.8037 0.7417 0.8151
9.8154 0.7878 0.7772 0.7366 0.8193
9.8354 0.7559 0.7509 0.7345 0.8268
9.8553 0.7224 0.7250 0.7357 0.8372
9.8752 0.6878 0.6999 0.7401 0.8502
9.8952 0.6522 0.6759 0.7479 0.8656
9.9152 0.6159 0.6533 0.7588 0.8828
9.9351 0.5791 0.6323 0.7726 0.9011
9.9550 0.5420 0.6133 0.7890 0.9198
9.9750 0.5048 0.5963 0.8074 0.9381
9.9949 0.4677 0.5817 0.8274 0.9550
10.0149 0.4308 0.5698 0.8482 0.9699
