 t	 a	 b	 c	 d
0.0000 1.0000 1.0000 1.0000 1.0000
0.0199 0.9997 0.9993 0.9989 0.9985
0.0399 0.9987 0.9971 0.9955 0.9942
0.0599 0.9971 0.9936 0.9902 0.9874
0.0798 0.9950 0.9889 0.9832 0.9785
0.0998 0.9924 0.9833 0.9750 0.9682
0.1197 0.9896 0.9772 0.9660 0.9573
0.1396 0.9865 0.9707 0.9568 0.9463
0.1596 0.9834 0.9642 0.9478 0.9361
0.1795 0.9804 0.9580 0.9396 0.9272
0.1995 0.9775 0.9524 0.9326 0.9202
0.2194 0.9749 0.9476 0.9270 0.9154
0.2394 0.9727 0.9438 0.9231 0.9130
0.2593 0.9710 0.9410 0.9210 0.9130
0.2793 0.9697 0.9394 0.9207 0.9152
0.2992 0.9689 0.9389 0.9220 0.9196
0.3192 0.9687 0.9395 0.9249 0.9257
0.3392 0.9688 0.9410 0.9291 0.9332
0.3591 0.9694 0.9433 0.9343 0.9417
0.3790 0.9702 0.9462 0.9404 0.9508
0.3990 0.9714 0.9497 0.9469 0.9600
0.4189 0.9727 0.9534 0.9538 0.9690
0.4389 0.9741 0.9574 0.9607 0.9774
0.4588 0.9756 0.9614 0.9674 0.9849
0.4788 0.9770 0.9654 0.9739 0.9911
0.4987 0.9784 0.9693 0.9800 0.9958
0.5187 0.9798 0.9731 0.9854 0.9987
0.5386 0.9810 0.9768 0.9901 0.9995
0.5586 0.9822 0.9802 0.9939 0.9982
0.5786 0.9834 0.9836 0.9968 0.9947
0.5985 0.9845 0.9867 0.9985 0.9891
0.6184 0.9856 0.9896 0.9989 0.9815
0.6384 0.9867 0.9922 0.9980 0.9722
0.6583 0.9879 0.9946 0.9956 0.9617
0.6783 0.9892 0.9965 0.9917 0.9504
0.6982 0.9905 0.9978 0.9863 0.9391
0.7182 0.9919 0.9986 0.9796 0.9284
0.7381 0.9934 0.9986 0.9717 0.9190
0.7581 0.9948 0.9977 0.9629 0.9115
0.7780 0.9962 0.9958 0.9535 0.9065
0.7980 0.9974 0.9930 0.9440 0.9042
0.8179 0.9984 0.9892 0.9349 0.9050
0.8379 0.9992 0.9843 0.9265 0.9088
0.8579 0.9995 0.9786 0.9195 0.9154
0.8778 0.9994 0.9722 0.9141 0.9243
0.8977 0.9988 0.9653 0.9108 0.9350
0.9177 0.9976 0.9581 0.9097 0.9468
0.9376 0.9959 0.9510 0.9109 0.9588
0.9576 0.9937 0.9442 0.9145 0.9703
0.9775 0.9910 0.9381 0.9202 0.9806
0.9975 0.9878 0.9329 0.9278 0.9890
1.0174 0.9843 0.9289 0.9367 0.9952
1.0374 0.9806 0.9263 0.9467 0.9988
1.0574 0.9768 0.9252 0.9570 0.9998
1.0773 0.9730 0.9258 0.9671 0.9982
1.0972 0.9694 0.9279 0.9765 0.9942
1.1172 0.9662 0.9316 0.9847 0.9883
1.1372 0.9634 0.9366 0.9914 0.9808
1.1571 0.9611 0.9427 0.9962 0.9723
1.1770 0.9595 0.9496 0.9990 0.9632
1.1970 0.9586 0.9570 0.9998 0.9540
1.2169 0.9585 0.9645 0.9986 0.9453
1.2369 0.9591 0.9719 0.9956 0.9373
1.2569 0.9604 0.9788 0.9912 0.9304
1.2768 0.9623 0.9850 0.9856 0.9248
1.2967 0.9648 0.9902 0.9792 0.9208
1.3167 0.9677 0.9943 0.9723 0.9185
1.3367 0.9710 0.9972 0.9653 0.9180
1.3566 0.9744 0.9989 0.9584 0.9194
1.3765 0.9779 0.9994 0.9519 0.9226
1.3965 0.9814 0.9988 0.9461 0.9277
1.4164 0.9846 0.9973 0.9410 0.9342
1.4364 0.9877 0.9949 0.9367 0.9422
1.4564 0.9903 0.9920 0.9333 0.9511
1.4763 0.9926 0.9886 0.9310 0.9607
1.4962 0.9945 0.9849 0.9296 0.9703
1.5162 0.9960 0.9811 0.9292 0.9794
1.5362 0.9970 0.9773 0.9299 0.9874
1.5561 0.9977 0.9736 0.9317 0.9938
1.5760 0.9981 0.9700 0.9345 0.9981
1.5960 0.9982 0.9666 0.9383 0.9998
1.6159 0.9980 0.9634 0.9431 0.9988
1.6359 0.9977 0.9604 0.9488 0.9950
1.6558 0.9973 0.9576 0.9553 0.9886
1.6758 0.9968 0.9550 0.9622 0.9798
1.6957 0.9962 0.9526 0.9695 0.9693
1.7157 0.9955 0.9505 0.9767 0.9577
1.7357 0.9948 0.9486 0.9835 0.9458
1.7556 0.9940 0.9471 0.9896 0.9343
1.7755 0.9931 0.9461 0.9945 0.9240
1.7955 0.9920 0.9456 0.9980 0.9155
1.8154 0.9908 0.9458 0.9996 0.9095
1.8354 0.9893 0.9467 0.9993 0.9062
1.8553 0.9876 0.9484 0.9969 0.9059
1.8753 0.9857 0.9510 0.9924 0.9085
1.8952 0.9836 0.9543 0.9861 0.9137
1.9152 0.9812 0.9585 0.9781 0.9210
1.9352 0.9787 0.9632 0.9688 0.9301
1.9551 0.9760 0.9685 0.9588 0.9404
1.9750 0.9734 0.9741 0.9485 0.9511
1.9950 0.9708 0.9797 0.9385 0.9618
2.0149 0.9684 0.9851 0.9294 0.9718
2.0349 0.9663 0.9900 0.9217 0.9807
2.0549 0.9645 0.9942 0.9158 0.9881
2.0748 0.9632 0.9973 0.9119 0.9937
2.0947 0.9624 0.9992 0.9104 0.9974
2.1147 0.9623 0.9997 0.9111 0.9991
2.1347 0.9628 0.9989 0.9141 0.9988
2.1546 0.9639 0.9965 0.9190 0.9964
2.1745 0.9657 0.9928 0.9257 0.9923
2.1945 0.9680 0.9879 0.9337 0.9864
2.2144 0.9709 0.9820 0.9425 0.9791
2.2344 0.9741 0.9753 0.9517 0.9707
2.2543 0.9776 0.9683 0.9609 0.9614
2.2743 0.9812 0.9611 0.9696 0.9516
2.2942 0.9848 0.9542 0.9775 0.9419
2.3142 0.9882 0.9478 0.9843 0.9326
2.3341 0.9914 0.9423 0.9899 0.9242
2.3541 0.9942 0.9378 0.9942 0.9174
2.3740 0.9964 0.9346 0.9970 0.9125
2.3940 0.9981 0.9327 0.9984 0.9099
2.4139 0.9992 0.9322 0.9985 0.9097
2.4339 0.9996 0.9330 0.9973 0.9123
2.4539 0.9994 0.9351 0.9950 0.9174
2.4738 0.9987 0.9382 0.9916 0.9249
2.4937 0.9974 0.9422 0.9873 0.9343
2.5137 0.9957 0.9469 0.9821 0.9451
2.5336 0.9937 0.9520 0.9762 0.9566
2.5536 0.9914 0.9574 0.9698 0.9680
2.5736 0.9891 0.9628 0.9629 0.9785
2.5935 0.9868 0.9680 0.9557 0.9874
2.6134 0.9845 0.9730 0.9485 0.9942
2.6334 0.9824 0.9776 0.9415 0.9984
2.6533 0.9805 0.9817 0.9349 0.9998
2.6733 0.9790 0.9853 0.9291 0.9982
2.6932 0.9777 0.9885 0.9243 0.9938
2.7132 0.9767 0.9911 0.9209 0.9871
2.7331 0.9759 0.9933 0.9190 0.9785
2.7531 0.9755 0.9951 0.9189 0.9687
2.7731 0.9752 0.9963 0.9206 0.9582
2.7930 0.9750 0.9971 0.9243 0.9478
2.8129 0.9750 0.9975 0.9297 0.9382
2.8329 0.9750 0.9973 0.9367 0.9298
2.8529 0.9751 0.9965 0.9449 0.9231
2.8728 0.9752 0.9951 0.9540 0.9184
2.8927 0.9752 0.9930 0.9634 0.9158
2.9127 0.9753 0.9902 0.9726 0.9153
2.9326 0.9754 0.9866 0.9812 0.9170
2.9526 0.9755 0.9823 0.9886 0.9205
2.9725 0.9757 0.9773 0.9943 0.9258
2.9925 0.9761 0.9716 0.9981 0.9324
3.0124 0.9767 0.9656 0.9997 0.9402
3.0324 0.9775 0.9592 0.9990 0.9487
3.0523 0.9785 0.9528 0.9961 0.9576
3.0723 0.9798 0.9467 0.9913 0.9664
3.0922 0.9814 0.9410 0.9847 0.9750
3.1122 0.9832 0.9360 0.9769 0.9828
3.1321 0.9853 0.9321 0.9682 0.9895
3.1521 0.9875 0.9293 0.9592 0.9948
3.1721 0.9897 0.9280 0.9504 0.9982
3.1920 0.9920 0.9281 0.9423 0.9995
3.2119 0.9941 0.9298 0.9352 0.9985
3.2319 0.9961 0.9329 0.9294 0.9951
3.2519 0.9976 0.9374 0.9253 0.9893
3.2718 0.9988 0.9430 0.9228 0.9814
3.2917 0.9994 0.9496 0.9220 0.9717
3.3117 0.9995 0.9568 0.9228 0.9607
3.3316 0.9990 0.9642 0.9251 0.9490
3.3516 0.9978 0.9717 0.9287 0.9374
3.3716 0.9960 0.9787 0.9333 0.9265
3.3915 0.9937 0.9851 0.9388 0.9171
3.4114 0.9909 0.9905 0.9449 0.9097
3.4314 0.9876 0.9948 0.9513 0.9050
3.4513 0.9841 0.9977 0.9580 0.9032
3.4713 0.9805 0.9993 0.9646 0.9046
3.4912 0.9769 0.9996 0.9711 0.9089
3.5112 0.9734 0.9985 0.9772 0.9160
3.5311 0.9702 0.9963 0.9829 0.9253
3.5511 0.9674 0.9932 0.9880 0.9361
3.5711 0.9651 0.9893 0.9923 0.9478
3.5910 0.9634 0.9848 0.9957 0.9597
3.6109 0.9624 0.9801 0.9979 0.9709
3.6309 0.9619 0.9754 0.9989 0.9809
3.6509 0.9622 0.9707 0.9984 0.9890
3.6708 0.9630 0.9664 0.9965 0.9950
3.6907 0.9644 0.9625 0.9929 0.9985
3.7107 0.9662 0.9591 0.9878 0.9996
3.7306 0.9685 0.9562 0.9812 0.9982
3.7506 0.9710 0.9538 0.9733 0.9947
3.7706 0.9736 0.9520 0.9645 0.9893
3.7905 0.9764 0.9507 0.9550 0.9824
3.8104 0.9790 0.9498 0.9453 0.9744
3.8304 0.9816 0.9493 0.9359 0.9657
3.8503 0.9840 0.9492 0.9272 0.9568
3.8703 0.9862 0.9494 0.9198 0.9480
3.8902 0.9882 0.9499 0.9141 0.9398
3.9102 0.9899 0.9509 0.9104 0.9323
3.9301 0.9913 0.9522 0.9090 0.9259
3.9501 0.9926 0.9539 0.9099 0.9210
3.9701 0.9936 0.9561 0.9132 0.9178
3.9900 0.9945 0.9588 0.9187 0.9164
4.0099 0.9952 0.9620 0.9261 0.9171
4.0299 0.9959 0.9657 0.9349 0.9198
4.0499 0.9964 0.9698 0.9447 0.9244
4.0698 0.9969 0.9742 0.9550 0.9310
4.0897 0.9973 0.9788 0.9652 0.9391
4.1097 0.9977 0.9834 0.9747 0.9485
4.1296 0.9979 0.9878 0.9831 0.9586
4.1496 0.9979 0.9919 0.9900 0.9688
4.1696 0.9977 0.9953 0.9952 0.9784
4.1895 0.9973 0.9978 0.9984 0.9869
4.2094 0.9965 0.9993 0.9996 0.9936
4.2294 0.9954 0.9996 0.9989 0.9980
4.2493 0.9939 0.9986 0.9965 0.9998
4.2693 0.9920 0.9962 0.9926 0.9987
4.2892 0.9898 0.9925 0.9875 0.9948
4.3092 0.9871 0.9876 0.9815 0.9881
4.3292 0.9841 0.9816 0.9750 0.9793
4.3491 0.9809 0.9749 0.9682 0.9688
4.3690 0.9775 0.9675 0.9615 0.9573
4.3890 0.9741 0.9600 0.9550 0.9456
4.4089 0.9708 0.9526 0.9490 0.9346
4.4289 0.9676 0.9457 0.9436 0.9248
4.4489 0.9648 0.9396 0.9389 0.9169
4.4688 0.9624 0.9345 0.9350 0.9114
4.4887 0.9606 0.9307 0.9320 0.9086
4.5087 0.9594 0.9284 0.9300 0.9086
4.5286 0.9589 0.9275 0.9290 0.9112
4.5486 0.9591 0.9282 0.9290 0.9162
4.5685 0.9601 0.9304 0.9302 0.9232
4.5885 0.9617 0.9339 0.9324 0.9317
4.6084 0.9640 0.9385 0.9358 0.9413
4.6284 0.9668 0.9439 0.9403 0.9514
4.6483 0.9701 0.9500 0.9458 0.9615
4.6683 0.9737 0.9565 0.9522 0.9710
4.6883 0.9774 0.9630 0.9593 0.9796
4.7082 0.9812 0.9693 0.9668 0.9869
4.7281 0.9848 0.9753 0.9743 0.9927
4.7481 0.9882 0.9806 0.9815 0.9968
4.7680 0.9913 0.9854 0.9880 0.9989
4.7880 0.9940 0.9893 0.9934 0.9991
4.8079 0.9961 0.9925 0.9974 0.9974
4.8279 0.9977 0.9949 0.9995 0.9936
4.8479 0.9988 0.9965 0.9997 0.9880
4.8678 0.9993 0.9974 0.9977 0.9807
4.8877 0.9993 0.9977 0.9936 0.9721
4.9077 0.9989 0.9975 0.9876 0.9624
4.9276 0.9981 0.9967 0.9798 0.9520
4.9476 0.9970 0.9955 0.9708 0.9415
4.9675 0.9957 0.9939 0.9609 0.9315
4.9875 0.9942 0.9918 0.9506 0.9226
5.0074 0.9927 0.9893 0.9407 0.9152
5.0274 0.9912 0.9863 0.9315 0.9100
5.0473 0.9898 0.9829 0.9237 0.9073
5.0673 0.9884 0.9790 0.9176 0.9073
5.0872 0.9871 0.9748 0.9135 0.9102
5.1072 0.9859 0.9701 0.9116 0.9158
5.1272 0.9848 0.9651 0.9120 0.9239
5.1471 0.9837 0.9599 0.9146 0.9339
5.1670 0.9827 0.9547 0.9191 0.9452
5.1870 0.9816 0.9496 0.9254 0.9570
5.2069 0.9805 0.9449 0.9330 0.9686
5.2269 0.9794 0.9407 0.9414 0.9792
5.2469 0.9782 0.9373 0.9503 0.9881
5.2668 0.9769 0.9348 0.9592 0.9947
5.2867 0.9756 0.9335 0.9678 0.9988
5.3067 0.9742 0.9334 0.9757 0.9999
5.3266 0.9730 0.9346 0.9826 0.9983
5.3466 0.9718 0.9372 0.9884 0.9941
5.3665 0.9708 0.9411 0.9930 0.9876
5.3865 0.9700 0.9461 0.9962 0.9794
5.4064 0.9696 0.9520 0.9981 0.9701
5.4264 0.9696 0.9587 0.9987 0.9603
5.4463 0.9699 0.9657 0.9981 0.9504
5.4663 0.9708 0.9727 0.9963 0.9413
5.4863 0.9720 0.9795 0.9934 0.9332
5.5062 0.9738 0.9858 0.9894 0.9266
5.5261 0.9760 0.9911 0.9846 0.9217
5.5461 0.9785 0.9953 0.9789 0.9187
5.5660 0.9812 0.9982 0.9725 0.9175
5.5860 0.9842 0.9997 0.9655 0.9183
5.6059 0.9872 0.9997 0.9581 0.9210
5.6259 0.9901 0.9983 0.9506 0.9253
5.6459 0.9928 0.9956 0.9431 0.9312
5.6658 0.9952 0.9918 0.9361 0.9383
5.6857 0.9971 0.9871 0.9297 0.9464
5.7057 0.9986 0.9818 0.9244 0.9551
5.7256 0.9994 0.9762 0.9204 0.9641
5.7456 0.9996 0.9704 0.9180 0.9729
5.7655 0.9991 0.9649 0.9174 0.9813
5.7855 0.9980 0.9598 0.9188 0.9885
5.8054 0.9964 0.9553 0.9222 0.9943
5.8254 0.9942 0.9515 0.9274 0.9982
5.8453 0.9916 0.9486 0.9343 0.9998
5.8653 0.9887 0.9466 0.9425 0.9989
5.8852 0.9856 0.9454 0.9517 0.9955
5.9052 0.9825 0.9450 0.9613 0.9896
5.9252 0.9795 0.9453 0.9708 0.9813
5.9451 0.9767 0.9463 0.9797 0.9713
5.9650 0.9742 0.9478 0.9874 0.9599
5.9850 0.9721 0.9497 0.9935 0.9479
6.0049 0.9704 0.9520 0.9977 0.9361
6.0249 0.9692 0.9545 0.9998 0.9253
6.0448 0.9685 0.9572 0.9995 0.9161
6.0648 0.9683 0.9601 0.9971 0.9092
6.0847 0.9686 0.9631 0.9927 0.9049
6.1047 0.9692 0.9663 0.9866 0.9037
6.1246 0.9702 0.9696 0.9791 0.9056
6.1446 0.9714 0.9731 0.9708 0.9104
6.1646 0.9729 0.9767 0.9621 0.9177
6.1845 0.9744 0.9804 0.9535 0.9271
6.2044 0.9759 0.9841 0.9454 0.9379
6.2244 0.9775 0.9877 0.9383 0.9494
6.2443 0.9790 0.9910 0.9324 0.9608
6.2643 0.9804 0.9940 0.9280 0.9716
6.2843 0.9817 0.9965 0.9251 0.9812
6.3042 0.9830 0.9983 0.9239 0.9890
6.3241 0.9841 0.9992 0.9241 0.9948
6.3441 0.9853 0.9991 0.9258 0.9983
6.3641 0.9864 0.9979 0.9288 0.9996
6.3840 0.9875 0.9955 0.9328 0.9986
6.4039 0.9887 0.9919 0.9377 0.9956
6.4239 0.9899 0.9872 0.9433 0.9907
6.4438 0.9912 0.9815 0.9493 0.9844
6.4638 0.9925 0.9749 0.9556 0.9768
6.4837 0.9938 0.9678 0.9621 0.9684
6.5037 0.9951 0.9603 0.9685 0.9595
6.5236 0.9963 0.9528 0.9748 0.9504
6.5436 0.9974 0.9457 0.9807 0.9416
6.5636 0.9983 0.9392 0.9861 0.9335
6.5835 0.9989 0.9338 0.9909 0.9263
6.6034 0.9991 0.9295 0.9947 0.9204
6.6234 0.9988 0.9266 0.9975 0.9163
6.6433 0.9981 0.9253 0.9990 0.9142
6.6633 0.9968 0.9256 0.9990 0.9143
6.6832 0.9951 0.9275 0.9975 0.9167
6.7032 0.9928 0.9309 0.9943 0.9213
6.7232 0.9901 0.9356 0.9894 0.9280
6.7431 0.9869 0.9414 0.9830 0.9366
6.7630 0.9835 0.9479 0.9752 0.9465
6.7830 0.9798 0.9549 0.9664 0.9571
6.8029 0.9761 0.9622 0.9567 0.9679
6.8229 0.9725 0.9693 0.9469 0.9780
6.8428 0.9690 0.9760 0.9372 0.9869
6.8628 0.9659 0.9820 0.9283 0.9938
6.8827 0.9632 0.9873 0.9206 0.9982
6.9027 0.9612 0.9916 0.9145 0.9999
6.9226 0.9597 0.9948 0.9105 0.9986
6.9426 0.9590 0.9971 0.9087 0.9945
6.9626 0.9589 0.9983 0.9093 0.9878
6.9825 0.9596 0.9986 0.9123 0.9789
7.0024 0.9610 0.9981 0.9176 0.9686
7.0224 0.9630 0.9968 0.9247 0.9574
7.0423 0.9655 0.9950 0.9334 0.9462
7.0623 0.9685 0.9927 0.9431 0.9357
7.0823 0.9717 0.9901 0.9533 0.9265
7.1022 0.9751 0.9871 0.9635 0.9191
7.1221 0.9786 0.9840 0.9730 0.9141
7.1421 0.9820 0.9807 0.9816 0.9115
7.1621 0.9852 0.9773 0.9887 0.9115
7.1820 0.9882 0.9738 0.9942 0.9138
7.2019 0.9908 0.9701 0.9977 0.9184
7.2219 0.9930 0.9664 0.9994 0.9248
7.2418 0.9948 0.9626 0.9992 0.9326
7.2618 0.9961 0.9587 0.9973 0.9414
7.2817 0.9971 0.9549 0.9939 0.9508
7.3017 0.9977 0.9513 0.9893 0.9603
7.3216 0.9980 0.9479 0.9837 0.9694
7.3416 0.9979 0.9449 0.9776 0.9779
7.3616 0.9977 0.9425 0.9710 0.9853
7.3815 0.9973 0.9408 0.9645 0.9914
7.4014 0.9968 0.9399 0.9580 0.9959
7.4214 0.9962 0.9400 0.9519 0.9986
7.4413 0.9956 0.9412 0.9462 0.9993
7.4613 0.9948 0.9434 0.9411 0.9979
7.4812 0.9941 0.9467 0.9367 0.9945
7.5012 0.9932 0.9510 0.9331 0.9890
7.5212 0.9922 0.9562 0.9304 0.9816
7.5411 0.9911 0.9620 0.9287 0.9726
7.5610 0.9899 0.9683 0.9281 0.9623
7.5810 0.9885 0.9747 0.9286 0.9513
7.6009 0.9868 0.9809 0.9303 0.9402
7.6209 0.9849 0.9866 0.9332 0.9297
7.6408 0.9829 0.9916 0.9374 0.9203
7.6608 0.9806 0.9955 0.9427 0.9127
7.6807 0.9782 0.9982 0.9490 0.9075
7.7007 0.9758 0.9995 0.9562 0.9049
7.7207 0.9733 0.9993 0.9638 0.9053
7.7406 0.9709 0.9977 0.9716 0.9087
7.7605 0.9687 0.9947 0.9792 0.9149
7.7805 0.9667 0.9905 0.9861 0.9235
7.8004 0.9651 0.9852 0.9920 0.9340
7.8204 0.9640 0.9792 0.9964 0.9456
7.8403 0.9634 0.9728 0.9991 0.9576
7.8603 0.9634 0.9662 0.9997 0.9692
7.8803 0.9640 0.9598 0.9981 0.9796
7.9002 0.9652 0.9539 0.9944 0.9883
7.9201 0.9670 0.9486 0.9887 0.9948
7.9401 0.9694 0.9443 0.9813 0.9986
7.9600 0.9721 0.9411 0.9724 0.9997
7.9800 0.9753 0.9390 0.9627 0.9981
7.9999 0.9787 0.9380 0.9525 0.9941
8.0199 0.9821 0.9382 0.9426 0.9881
8.0398 0.9856 0.9394 0.9334 0.9804
8.0598 0.9888 0.9415 0.9255 0.9717
8.0798 0.9918 0.9443 0.9192 0.9623
8.0997 0.9944 0.9477 0.9149 0.9530
8.1197 0.9964 0.9515 0.9127 0.9442
8.1396 0.9979 0.9556 0.9127 0.9362
8.1595 0.9988 0.9598 0.9149 0.9294
8.1795 0.9990 0.9640 0.9191 0.9240
8.1994 0.9987 0.9681 0.9249 0.9203
8.2194 0.9978 0.9720 0.9320 0.9183
8.2393 0.9964 0.9758 0.9401 0.9182
8.2593 0.9947 0.9793 0.9486 0.9199
8.2792 0.9926 0.9827 0.9572 0.9234
8.2992 0.9903 0.9858 0.9656 0.9286
8.3192 0.9880 0.9887 0.9734 0.9353
8.3391 0.9856 0.9914 0.9804 0.9431
8.3590 0.9834 0.9937 0.9864 0.9519
8.3790 0.9814 0.9956 0.9912 0.9612
8.3989 0.9796 0.9971 0.9948 0.9706
8.4189 0.9781 0.9980 0.9971 0.9795
8.4388 0.9769 0.9982 0.9983 0.9873
8.4588 0.9760 0.9976 0.9982 0.9936
8.4787 0.9754 0.9961 0.9969 0.9978
8.4987 0.9750 0.9937 0.9945 0.9996
8.5187 0.9748 0.9903 0.9909 0.9988
8.5386 0.9748 0.9859 0.9864 0.9952
8.5585 0.9749 0.9806 0.9809 0.9890
8.5785 0.9751 0.9746 0.9746 0.9805
8.5984 0.9753 0.9680 0.9676 0.9702
8.6184 0.9755 0.9610 0.9600 0.9586
8.6383 0.9757 0.9539 0.9521 0.9466
8.6583 0.9759 0.9470 0.9443 0.9350
8.6783 0.9761 0.9407 0.9367 0.9244
8.6982 0.9764 0.9351 0.9299 0.9156
8.7181 0.9767 0.9307 0.9240 0.9092
8.7381 0.9772 0.9275 0.9195 0.9055
8.7580 0.9778 0.9258 0.9166 0.9049
8.7780 0.9787 0.9256 0.9156 0.9072
8.7980 0.9797 0.9271 0.9166 0.9122
8.8179 0.9810 0.9300 0.9197 0.9196
8.8378 0.9826 0.9344 0.9248 0.9288
8.8578 0.9844 0.9400 0.9316 0.9392
8.8777 0.9863 0.9466 0.9398 0.9502
8.8977 0.9884 0.9538 0.9490 0.9612
8.9177 0.9905 0.9613 0.9588 0.9715
8.9376 0.9926 0.9687 0.9685 0.9806
8.9575 0.9945 0.9759 0.9776 0.9882
8.9775 0.9962 0.9824 0.9857 0.9939
8.9974 0.9976 0.9880 0.9922 0.9975
9.0174 0.9985 0.9926 0.9968 0.9991
9.0373 0.9989 0.9960 0.9993 0.9986
9.0573 0.9988 0.9982 0.9995 0.9962
9.0772 0.9981 0.9991 0.9976 0.9919
9.0972 0.9967 0.9989 0.9936 0.9859
9.1172 0.9948 0.9976 0.9879 0.9786
9.1371 0.9924 0.9955 0.9809 0.9703
9.1570 0.9895 0.9927 0.9729 0.9612
9.1770 0.9863 0.9893 0.9645 0.9517
9.1969 0.9829 0.9856 0.9561 0.9423
9.2169 0.9793 0.9818 0.9482 0.9333
9.2369 0.9758 0.9779 0.9411 0.9253
9.2568 0.9725 0.9741 0.9351 0.9187
9.2767 0.9694 0.9704 0.9304 0.9139
9.2967 0.9668 0.9670 0.9272 0.9113
9.3166 0.9647 0.9637 0.9254 0.9111
9.3366 0.9632 0.9608 0.9252 0.9134
9.3565 0.9623 0.9580 0.9263 0.9183
9.3765 0.9621 0.9555 0.9286 0.9254
9.3964 0.9625 0.9532 0.9320 0.9345
9.4164 0.9634 0.9512 0.9363 0.9450
9.4363 0.9649 0.9494 0.9413 0.9562
9.4563 0.9669 0.9480 0.9469 0.9674
9.4763 0.9692 0.9470 0.9529 0.9779
9.4962 0.9718 0.9465 0.9592 0.9869
9.5161 0.9745 0.9465 0.9656 0.9938
9.5361 0.9772 0.9473 0.9719 0.9982
9.5560 0.9799 0.9487 0.9781 0.9998
9.5760 0.9825 0.9509 0.9838 0.9984
9.5959 0.9849 0.9540 0.9890 0.9942
9.6159 0.9870 0.9577 0.9933 0.9875
9.6358 0.9889 0.9622 0.9966 0.9788
9.6558 0.9905 0.9671 0.9986 0.9688
9.6758 0.9919 0.9725 0.9992 0.9582
9.6957 0.9931 0.9780 0.9981 0.9475
9.7157 0.9940 0.9834 0.9953 0.9375
9.7356 0.9948 0.9883 0.9907 0.9289
9.7555 0.9955 0.9927 0.9845 0.9220
9.7755 0.9960 0.9962 0.9768 0.9171
9.7954 0.9965 0.9985 0.9680 0.9145
9.8154 0.9969 0.9996 0.9583 0.9142
9.8354 0.9972 0.9992 0.9483 0.9161
9.8553 0.9973 0.9974 0.9384 0.9200
9.8752 0.9974 0.9943 0.9293 0.9255
9.8952 0.9973 0.9898 0.9213 0.9325
9.9152 0.9970 0.9843 0.9149 0.9406
9.9351 0.9964 0.9779 0.9106 0.9493
9.9550 0.9956 0.9710 0.9085 0.9583
9.9750 0.9944 0.9638 0.9088 0.9673
9.9949 0.9928 0.9567 0.9116 0.9757
10.0149 0.9909 0.9500 0.9165 0.9834
