 x	 y	 z
0.0000 0.0000 1.0000
0.0931 -0.0555 0.9847
0.1837 -0.1097 0.9578
0.2709 -0.1618 0.9197
0.3536 -0.2113 0.8711
0.4308 -0.2577 0.8127
0.5017 -0.3005 0.7453
0.5655 -0.3392 0.6698
0.6215 -0.3735 0.5873
0.6692 -0.4030 0.4989
0.7080 -0.4274 0.4056
0.7377 -0.4465 0.3087
0.7579 -0.4603 0.2094
0.7686 -0.4686 0.1089
0.7697 -0.4714 0.0085
0.7614 -0.4687 -0.0908
0.7438 -0.4608 -0.1876
0.7173 -0.4478 -0.2810
0.6823 -0.4299 -0.3697
0.6394 -0.4075 -0.4529
0.5891 -0.3808 -0.5296
0.5321 -0.3503 -0.5990
0.4692 -0.3164 -0.6603
0.4013 -0.2795 -0.7130
0.3291 -0.2402 -0.7565
0.2537 -0.1990 -0.7905
0.1759 -0.1564 -0.8146
0.0967 -0.1130 -0.8287
0.0170 -0.0693 -0.8329
-0.0622 -0.0257 -0.8272
-0.1399 0.0170 -0.8117
-0.2153 0.0585 -0.7869
-0.2875 0.0983 -0.7531
-0.3557 0.1358 -0.7110
-0.4191 0.1707 -0.6610
-0.4771 0.2025 -0.6040
-0.5291 0.2310 -0.5407
-0.5744 0.2558 -0.4720
-0.6128 0.2766 -0.3987
-0.6437 0.2934 -0.3219
-0.6670 0.3058 -0.2424
-0.6826 0.3139 -0.1613
-0.6902 0.3176 -0.0795
-0.6900 0.3168 0.0018
-0.6821 0.3117 0.0819
-0.6667 0.3023 0.1597
-0.6440 0.2889 0.2343
-0.6145 0.2716 0.3049
-0.5786 0.2506 0.3706
-0.5369 0.2264 0.4309
-0.4899 0.1992 0.4849
-0.4382 0.1693 0.5322
-0.3826 0.1371 0.5723
-0.3238 0.1031 0.6048
-0.2625 0.0677 0.6294
-0.1995 0.0312 0.6460
-0.1356 -0.0058 0.6544
-0.0716 -0.0429 0.6547
-0.0082 -0.0797 0.6469
0.0538 -0.1158 0.6313
0.1137 -0.1507 0.6081
0.1708 -0.1841 0.5778
0.2244 -0.2156 0.5409
0.2740 -0.2449 0.4977
0.3190 -0.2716 0.4490
0.3589 -0.2955 0.3954
0.3933 -0.3164 0.3375
0.4220 -0.3340 0.2763
0.4446 -0.3481 0.2123
0.4609 -0.3588 0.1465
0.4709 -0.3659 0.0796
0.4745 -0.3693 0.0124
0.4718 -0.3692 -0.0542
0.4628 -0.3655 -0.1195
0.4478 -0.3584 -0.1827
0.4271 -0.3480 -0.2430
0.4009 -0.3345 -0.2999
0.3696 -0.3180 -0.3527
0.3338 -0.2989 -0.4008
0.2939 -0.2774 -0.4437
0.2503 -0.2538 -0.4810
0.2038 -0.2284 -0.5122
0.1549 -0.2015 -0.5372
0.1042 -0.1736 -0.5558
0.0524 -0.1448 -0.5677
0.0000 -0.1157 -0.5729
-0.0522 -0.0866 -0.5715
-0.1037 -0.0578 -0.5636
-0.1539 -0.0296 -0.5494
-0.2022 -0.0024 -0.5291
-0.2479 0.0235 -0.5031
-0.2907 0.0477 -0.4717
-0.3301 0.0701 -0.4354
-0.3655 0.0904 -0.3947
-0.3968 0.1083 -0.3502
-0.4234 0.1237 -0.3024
-0.4453 0.1365 -0.2520
-0.4621 0.1464 -0.1995
-0.4739 0.1535 -0.1457
-0.4804 0.1576 -0.0912
-0.4817 0.1587 -0.0366
-0.4778 0.1570 0.0173
-0.4690 0.1524 0.0700
-0.4552 0.1449 0.1209
-0.4369 0.1349 0.1693
-0.4142 0.1223 0.2147
-0.3875 0.1074 0.2567
-0.3571 0.0903 0.2947
-0.3236 0.0714 0.3284
-0.2872 0.0508 0.3575
-0.2486 0.0288 0.3816
-0.2081 0.0057 0.4005
-0.1663 -0.0182 0.4142
-0.1237 -0.0426 0.4225
-0.0808 -0.0673 0.4253
-0.0382 -0.0920 0.4227
0.0037 -0.1162 0.4149
0.0444 -0.1399 0.4020
0.0834 -0.1627 0.3843
0.1202 -0.1843 0.3619
0.1545 -0.2045 0.3353
0.1860 -0.2231 0.3048
0.2141 -0.2399 0.2708
0.2388 -0.2547 0.2338
0.2597 -0.2674 0.1943
0.2766 -0.2778 0.1528
0.2894 -0.2859 0.1098
0.2980 -0.2915 0.0658
0.3024 -0.2948 0.0215
0.3025 -0.2955 -0.0228
0.2984 -0.2939 -0.0664
0.2903 -0.2899 -0.1088
0.2783 -0.2836 -0.1496
0.2625 -0.2751 -0.1882
0.2433 -0.2646 -0.2243
0.2209 -0.2522 -0.2575
0.1956 -0.2381 -0.2873
0.1677 -0.2224 -0.3135
0.1377 -0.2055 -0.3359
0.1059 -0.1874 -0.3541
0.0727 -0.1685 -0.3681
0.0386 -0.1489 -0.3777
0.0039 -0.1290 -0.3828
-0.0309 -0.1089 -0.3835
-0.0654 -0.0890 -0.3799
-0.0993 -0.0693 -0.3719
-0.1320 -0.0503 -0.3598
-0.1632 -0.0320 -0.3438
-0.1927 -0.0147 -0.3241
-0.2200 0.0013 -0.3009
-0.2448 0.0160 -0.2747
-0.2670 0.0292 -0.2457
-0.2862 0.0407 -0.2144
-0.3023 0.0504 -0.1811
-0.3151 0.0583 -0.1462
-0.3245 0.0642 -0.1103
-0.3305 0.0681 -0.0737
-0.3331 0.0700 -0.0369
-0.3322 0.0700 -0.0002
-0.3279 0.0679 0.0357
-0.3203 0.0640 0.0706
-0.3095 0.0582 0.1040
-0.2958 0.0506 0.1356
-0.2792 0.0414 0.1650
-0.2601 0.0307 0.1919
-0.2388 0.0187 0.2161
-0.2154 0.0055 0.2371
-0.1904 -0.0087 0.2550
-0.1639 -0.0238 0.2694
-0.1365 -0.0395 0.2803
-0.1083 -0.0556 0.2875
-0.0798 -0.0719 0.2912
-0.0513 -0.0883 0.2912
-0.0231 -0.1045 0.2876
0.0044 -0.1204 0.2805
0.0310 -0.1357 0.2701
0.0562 -0.1502 0.2565
0.0799 -0.1639 0.2399
0.1018 -0.1766 0.2206
0.1215 -0.1880 0.1988
0.1391 -0.1981 0.1748
0.1541 -0.2069 0.1490
0.1666 -0.2141 0.1217
0.1763 -0.2197 0.0933
0.1832 -0.2238 0.0640
0.1873 -0.2262 0.0343
0.1886 -0.2269 0.0045
0.1870 -0.2260 -0.0250
0.1827 -0.2235 -0.0539
0.1756 -0.2194 -0.0819
0.1661 -0.2139 -0.1085
0.1541 -0.2069 -0.1335
0.1398 -0.1986 -0.1567
0.1235 -0.1892 -0.1777
0.1055 -0.1786 -0.1964
0.0858 -0.1672 -0.2126
0.0648 -0.1550 -0.2260
0.0428 -0.1421 -0.2366
0.0200 -0.1288 -0.2443
-0.0033 -0.1152 -0.2491
-0.0269 -0.1015 -0.2508
